0 0.498047 0.000000 0.496094 0.001953 0.496094 0.011719 0.498047 0.013672 0.498047 0.015625 0.500000 0.017578 0.500000 0.019531 0.501953 0.019531 0.503906 0.021484 0.503906 0.023438 0.507812 0.027344 0.507812 0.029297 0.517578 0.029297 0.525391 0.021484 0.525391 0.019531 0.527344 0.017578 0.527344 0.011719 0.525391 0.009766 0.525391 0.007812 0.523438 0.005859 0.523438 0.003906 0.521484 0.003906 0.519531 0.001953 0.517578 0.001953 0.515625 0.000000
0 0.675781 0.099609 0.673828 0.101562 0.671875 0.101562 0.671875 0.105469 0.673828 0.107422 0.673828 0.109375 0.675781 0.111328 0.675781 0.113281 0.681641 0.119141 0.683594 0.119141 0.685547 0.121094 0.695312 0.121094 0.699219 0.125000 0.701172 0.125000 0.703125 0.126953 0.705078 0.126953 0.705078 0.125000 0.707031 0.123047 0.707031 0.113281 0.703125 0.109375 0.697266 0.109375 0.695312 0.107422 0.693359 0.107422 0.689453 0.103516 0.687500 0.103516 0.685547 0.101562 0.683594 0.101562 0.681641 0.099609
0 0.054688 0.089844 0.050781 0.093750 0.048828 0.093750 0.044922 0.097656 0.042969 0.097656 0.041016 0.099609 0.039062 0.099609 0.039062 0.101562 0.037109 0.103516 0.037109 0.109375 0.033203 0.113281 0.033203 0.123047 0.035156 0.125000 0.035156 0.132812 0.037109 0.134766 0.037109 0.136719 0.039062 0.138672 0.039062 0.140625 0.041016 0.140625 0.044922 0.144531 0.048828 0.144531 0.052734 0.148438 0.066406 0.148438 0.068359 0.146484 0.076172 0.146484 0.078125 0.144531 0.082031 0.144531 0.083984 0.142578 0.085938 0.142578 0.087891 0.140625 0.091797 0.140625 0.095703 0.136719 0.097656 0.136719 0.107422 0.126953 0.107422 0.125000 0.111328 0.121094 0.111328 0.111328 0.109375 0.111328 0.107422 0.109375 0.107422 0.107422 0.105469 0.105469 0.105469 0.103516 0.097656 0.095703 0.093750 0.095703 0.091797 0.093750 0.087891 0.093750 0.085938 0.091797 0.082031 0.091797 0.080078 0.089844
0 0.818359 0.134766 0.816406 0.136719 0.810547 0.136719 0.808594 0.138672 0.802734 0.138672 0.800781 0.140625 0.798828 0.140625 0.796875 0.142578 0.791016 0.142578 0.789062 0.144531 0.781250 0.144531 0.779297 0.146484 0.775391 0.146484 0.775391 0.148438 0.773438 0.150391 0.769531 0.150391 0.761719 0.158203 0.761719 0.166016 0.767578 0.171875 0.769531 0.171875 0.771484 0.173828 0.792969 0.173828 0.794922 0.171875 0.800781 0.171875 0.802734 0.169922 0.804688 0.169922 0.806641 0.167969 0.808594 0.167969 0.810547 0.166016 0.812500 0.166016 0.814453 0.164062 0.814453 0.162109 0.820312 0.156250 0.820312 0.154297 0.822266 0.152344 0.824219 0.152344 0.824219 0.150391 0.826172 0.148438 0.828125 0.148438 0.828125 0.146484 0.830078 0.144531 0.830078 0.142578 0.832031 0.140625 0.832031 0.134766
0 0.667969 0.154297 0.667969 0.167969 0.669922 0.169922 0.669922 0.171875 0.671875 0.171875 0.675781 0.175781 0.695312 0.175781 0.695312 0.173828 0.697266 0.171875 0.699219 0.171875 0.699219 0.162109 0.697266 0.160156 0.691406 0.160156 0.689453 0.158203 0.687500 0.158203 0.683594 0.154297
0 0.929688 0.166016 0.925781 0.169922 0.923828 0.169922 0.923828 0.171875 0.919922 0.175781 0.919922 0.177734 0.916016 0.181641 0.916016 0.201172 0.917969 0.201172 0.919922 0.203125 0.919922 0.207031 0.921875 0.207031 0.923828 0.208984 0.933594 0.208984 0.935547 0.207031 0.941406 0.207031 0.945312 0.203125 0.949219 0.203125 0.953125 0.199219 0.955078 0.199219 0.958984 0.195312 0.960938 0.195312 0.964844 0.191406 0.964844 0.189453 0.966797 0.187500 0.966797 0.185547 0.968750 0.183594 0.968750 0.169922 0.966797 0.169922 0.964844 0.167969 0.964844 0.166016
0 0.568359 0.197266 0.564453 0.201172 0.562500 0.201172 0.560547 0.203125 0.560547 0.205078 0.558594 0.207031 0.556641 0.207031 0.554688 0.208984 0.554688 0.210938 0.552734 0.212891 0.552734 0.218750 0.556641 0.222656 0.558594 0.222656 0.560547 0.224609 0.560547 0.226562 0.562500 0.226562 0.566406 0.230469 0.570312 0.230469 0.570312 0.228516 0.572266 0.226562 0.585938 0.226562 0.585938 0.224609 0.589844 0.220703 0.589844 0.208984 0.587891 0.208984 0.585938 0.207031 0.585938 0.205078 0.583984 0.205078 0.582031 0.203125 0.582031 0.201172 0.580078 0.201172 0.578125 0.199219 0.576172 0.199219 0.574219 0.197266
0 0.017578 0.203125 0.015625 0.205078 0.013672 0.205078 0.011719 0.207031 0.009766 0.207031 0.001953 0.214844 0.000000 0.214844 0.000000 0.287109 0.003906 0.287109 0.005859 0.285156 0.007812 0.285156 0.009766 0.283203 0.011719 0.283203 0.013672 0.281250 0.017578 0.281250 0.023438 0.275391 0.023438 0.273438 0.029297 0.267578 0.029297 0.265625 0.031250 0.263672 0.031250 0.259766 0.033203 0.257812 0.033203 0.255859 0.035156 0.253906 0.035156 0.251953 0.037109 0.250000 0.037109 0.248047 0.039062 0.246094 0.039062 0.244141 0.041016 0.242188 0.041016 0.222656 0.037109 0.218750 0.037109 0.214844 0.033203 0.210938 0.033203 0.208984 0.027344 0.203125
0 0.716797 0.232422 0.716797 0.234375 0.714844 0.236328 0.708984 0.236328 0.708984 0.240234 0.705078 0.244141 0.705078 0.246094 0.703125 0.248047 0.703125 0.250000 0.701172 0.251953 0.701172 0.261719 0.703125 0.263672 0.703125 0.265625 0.705078 0.267578 0.705078 0.271484 0.707031 0.271484 0.710938 0.275391 0.710938 0.277344 0.712891 0.277344 0.716797 0.281250 0.718750 0.281250 0.724609 0.287109 0.726562 0.287109 0.728516 0.289062 0.742188 0.289062 0.744141 0.287109 0.746094 0.287109 0.748047 0.285156 0.755859 0.285156 0.755859 0.283203 0.757812 0.281250 0.761719 0.281250 0.763672 0.279297 0.763672 0.277344 0.765625 0.275391 0.765625 0.255859 0.763672 0.253906 0.763672 0.251953 0.761719 0.250000 0.761719 0.248047 0.759766 0.248047 0.757812 0.246094 0.757812 0.244141 0.755859 0.244141 0.751953 0.240234 0.742188 0.240234 0.740234 0.238281 0.738281 0.238281 0.736328 0.236328 0.734375 0.236328 0.730469 0.232422
0 0.265625 0.273438 0.259766 0.279297 0.259766 0.291016 0.261719 0.291016 0.265625 0.294922 0.265625 0.296875 0.269531 0.300781 0.271484 0.300781 0.273438 0.302734 0.277344 0.302734 0.283203 0.296875 0.285156 0.296875 0.287109 0.294922 0.287109 0.281250 0.279297 0.273438
0 0.267578 0.351562 0.265625 0.353516 0.265625 0.355469 0.261719 0.359375 0.261719 0.369141 0.259766 0.371094 0.259766 0.373047 0.263672 0.376953 0.275391 0.376953 0.277344 0.375000 0.279297 0.375000 0.283203 0.371094 0.283203 0.361328 0.281250 0.359375 0.281250 0.357422 0.279297 0.355469 0.279297 0.353516 0.277344 0.351562
0 0.513672 0.365234 0.505859 0.373047 0.505859 0.384766 0.507812 0.386719 0.507812 0.390625 0.521484 0.390625 0.525391 0.386719 0.527344 0.386719 0.529297 0.384766 0.529297 0.375000 0.527344 0.373047 0.527344 0.371094 0.523438 0.367188 0.519531 0.367188 0.517578 0.365234
0 0.716797 0.359375 0.714844 0.361328 0.703125 0.361328 0.699219 0.365234 0.699219 0.367188 0.701172 0.369141 0.701172 0.373047 0.703125 0.373047 0.705078 0.375000 0.705078 0.378906 0.707031 0.380859 0.707031 0.382812 0.708984 0.384766 0.708984 0.386719 0.716797 0.394531 0.718750 0.394531 0.720703 0.396484 0.730469 0.396484 0.732422 0.394531 0.736328 0.394531 0.736328 0.390625 0.740234 0.386719 0.740234 0.384766 0.742188 0.382812 0.742188 0.380859 0.746094 0.376953 0.746094 0.363281 0.744141 0.361328 0.734375 0.361328 0.732422 0.359375
0 0.800781 0.371094 0.798828 0.373047 0.794922 0.373047 0.789062 0.378906 0.789062 0.380859 0.787109 0.382812 0.787109 0.390625 0.789062 0.392578 0.808594 0.392578 0.812500 0.396484 0.814453 0.396484 0.816406 0.398438 0.824219 0.398438 0.826172 0.396484 0.828125 0.396484 0.830078 0.394531 0.830078 0.388672 0.828125 0.386719 0.828125 0.380859 0.824219 0.376953 0.822266 0.376953 0.818359 0.373047 0.814453 0.373047 0.812500 0.371094
0 0.121094 0.394531 0.119141 0.396484 0.117188 0.396484 0.113281 0.400391 0.111328 0.400391 0.109375 0.402344 0.107422 0.402344 0.105469 0.404297 0.103516 0.404297 0.101562 0.406250 0.099609 0.406250 0.095703 0.410156 0.093750 0.410156 0.093750 0.414062 0.097656 0.417969 0.097656 0.443359 0.103516 0.449219 0.103516 0.451172 0.105469 0.451172 0.107422 0.449219 0.109375 0.449219 0.115234 0.443359 0.115234 0.441406 0.117188 0.439453 0.119141 0.439453 0.130859 0.427734 0.132812 0.427734 0.142578 0.417969 0.144531 0.417969 0.144531 0.416016 0.146484 0.414062 0.150391 0.414062 0.152344 0.412109 0.154297 0.412109 0.158203 0.408203 0.158203 0.400391 0.154297 0.396484 0.142578 0.396484 0.140625 0.394531
0 0.615234 0.439453 0.613281 0.441406 0.609375 0.441406 0.603516 0.447266 0.603516 0.458984 0.607422 0.462891 0.609375 0.462891 0.611328 0.464844 0.628906 0.464844 0.634766 0.458984 0.634766 0.457031 0.636719 0.455078 0.636719 0.449219 0.628906 0.441406 0.628906 0.439453
0 0.148438 0.451172 0.146484 0.453125 0.140625 0.453125 0.136719 0.457031 0.134766 0.457031 0.132812 0.458984 0.132812 0.468750 0.134766 0.470703 0.134766 0.474609 0.136719 0.476562 0.136719 0.480469 0.138672 0.480469 0.140625 0.482422 0.142578 0.482422 0.146484 0.486328 0.152344 0.480469 0.152344 0.476562 0.154297 0.474609 0.154297 0.470703 0.158203 0.466797 0.158203 0.464844 0.164062 0.458984 0.164062 0.451172
0 0.431641 0.433594 0.429688 0.435547 0.423828 0.435547 0.421875 0.437500 0.417969 0.437500 0.416016 0.439453 0.414062 0.439453 0.414062 0.443359 0.410156 0.447266 0.410156 0.449219 0.406250 0.453125 0.406250 0.457031 0.404297 0.458984 0.404297 0.462891 0.402344 0.464844 0.402344 0.470703 0.404297 0.472656 0.404297 0.474609 0.406250 0.476562 0.406250 0.478516 0.408203 0.480469 0.408203 0.482422 0.412109 0.486328 0.412109 0.488281 0.414062 0.490234 0.414062 0.492188 0.429688 0.507812 0.431641 0.507812 0.433594 0.509766 0.453125 0.509766 0.455078 0.507812 0.457031 0.507812 0.462891 0.501953 0.462891 0.500000 0.464844 0.498047 0.464844 0.496094 0.468750 0.492188 0.468750 0.488281 0.472656 0.484375 0.472656 0.472656 0.470703 0.470703 0.470703 0.464844 0.464844 0.458984 0.464844 0.457031 0.460938 0.453125 0.460938 0.451172 0.455078 0.445312 0.455078 0.443359 0.453125 0.441406 0.451172 0.441406 0.447266 0.437500 0.443359 0.437500 0.439453 0.433594
0 0.896484 0.458984 0.894531 0.460938 0.892578 0.460938 0.892578 0.468750 0.894531 0.470703 0.892578 0.472656 0.892578 0.478516 0.894531 0.480469 0.894531 0.482422 0.896484 0.484375 0.902344 0.484375 0.902344 0.482422 0.906250 0.478516 0.908203 0.478516 0.910156 0.476562 0.912109 0.476562 0.916016 0.472656 0.916016 0.470703 0.914062 0.468750 0.912109 0.468750 0.906250 0.462891 0.904297 0.462891 0.900391 0.458984
0 0.207031 0.486328 0.203125 0.490234 0.203125 0.492188 0.201172 0.494141 0.201172 0.496094 0.199219 0.498047 0.199219 0.500000 0.201172 0.501953 0.201172 0.503906 0.203125 0.505859 0.203125 0.507812 0.205078 0.507812 0.207031 0.509766 0.214844 0.509766 0.216797 0.507812 0.218750 0.507812 0.220703 0.505859 0.220703 0.494141 0.216797 0.490234 0.216797 0.488281 0.214844 0.488281 0.212891 0.486328
0 0.730469 0.494141 0.730469 0.503906 0.736328 0.509766 0.738281 0.509766 0.740234 0.511719 0.740234 0.513672 0.742188 0.515625 0.742188 0.517578 0.744141 0.519531 0.748047 0.519531 0.750000 0.517578 0.751953 0.517578 0.755859 0.513672 0.757812 0.513672 0.759766 0.511719 0.761719 0.511719 0.761719 0.496094 0.759766 0.494141
0 0.898438 0.517578 0.892578 0.523438 0.892578 0.525391 0.890625 0.527344 0.890625 0.533203 0.892578 0.535156 0.894531 0.535156 0.898438 0.539062 0.910156 0.539062 0.914062 0.535156 0.914062 0.533203 0.916016 0.531250 0.916016 0.527344 0.914062 0.525391 0.914062 0.521484 0.910156 0.517578
0 0.968750 0.537109 0.966797 0.539062 0.966797 0.558594 0.968750 0.560547 0.968750 0.562500 0.970703 0.564453 0.978516 0.564453 0.984375 0.558594 0.984375 0.548828 0.982422 0.546875 0.982422 0.544922 0.978516 0.541016 0.978516 0.539062 0.976562 0.537109
0 0.769531 0.552734 0.767578 0.554688 0.759766 0.554688 0.759766 0.556641 0.757812 0.558594 0.757812 0.580078 0.759766 0.582031 0.759766 0.583984 0.765625 0.589844 0.785156 0.589844 0.787109 0.587891 0.789062 0.587891 0.792969 0.583984 0.792969 0.570312 0.791016 0.568359 0.791016 0.564453 0.789062 0.562500 0.789062 0.558594 0.785156 0.554688 0.785156 0.552734
0 0.669922 0.582031 0.664062 0.587891 0.664062 0.597656 0.666016 0.599609 0.666016 0.603516 0.667969 0.605469 0.669922 0.605469 0.671875 0.607422 0.673828 0.607422 0.675781 0.609375 0.679688 0.609375 0.681641 0.607422 0.683594 0.607422 0.687500 0.603516 0.687500 0.601562 0.689453 0.599609 0.689453 0.593750 0.687500 0.591797 0.687500 0.589844 0.681641 0.583984 0.679688 0.583984 0.677734 0.582031
0 0.037109 0.615234 0.035156 0.617188 0.033203 0.617188 0.029297 0.621094 0.029297 0.626953 0.031250 0.628906 0.031250 0.632812 0.041016 0.642578 0.041016 0.644531 0.044922 0.648438 0.044922 0.650391 0.052734 0.650391 0.054688 0.648438 0.058594 0.648438 0.058594 0.640625 0.056641 0.638672 0.056641 0.636719 0.052734 0.632812 0.052734 0.628906 0.050781 0.626953 0.050781 0.625000 0.048828 0.623047 0.048828 0.621094 0.042969 0.615234
0 0.767578 0.681641 0.765625 0.683594 0.763672 0.683594 0.761719 0.685547 0.759766 0.685547 0.757812 0.687500 0.759766 0.689453 0.759766 0.695312 0.761719 0.695312 0.763672 0.697266 0.763672 0.699219 0.765625 0.699219 0.769531 0.703125 0.771484 0.703125 0.775391 0.707031 0.781250 0.707031 0.785156 0.710938 0.796875 0.710938 0.796875 0.708984 0.798828 0.707031 0.800781 0.707031 0.800781 0.705078 0.802734 0.703125 0.804688 0.703125 0.804688 0.693359 0.802734 0.693359 0.800781 0.691406 0.798828 0.691406 0.796875 0.689453 0.783203 0.689453 0.777344 0.683594 0.775391 0.683594 0.773438 0.681641
0 0.173828 0.714844 0.171875 0.716797 0.169922 0.716797 0.167969 0.718750 0.167969 0.722656 0.166016 0.724609 0.166016 0.730469 0.164062 0.732422 0.164062 0.751953 0.169922 0.757812 0.169922 0.759766 0.171875 0.759766 0.175781 0.763672 0.177734 0.763672 0.179688 0.765625 0.181641 0.765625 0.183594 0.767578 0.195312 0.767578 0.197266 0.765625 0.201172 0.765625 0.205078 0.761719 0.207031 0.761719 0.208984 0.759766 0.210938 0.759766 0.210938 0.757812 0.212891 0.755859 0.212891 0.736328 0.210938 0.734375 0.210938 0.730469 0.208984 0.728516 0.208984 0.726562 0.207031 0.724609 0.203125 0.724609 0.201172 0.722656 0.199219 0.722656 0.195312 0.718750 0.193359 0.718750 0.189453 0.714844
0 0.251953 0.732422 0.250000 0.734375 0.248047 0.734375 0.244141 0.738281 0.244141 0.740234 0.242188 0.742188 0.242188 0.759766 0.244141 0.761719 0.244141 0.763672 0.246094 0.765625 0.255859 0.765625 0.257812 0.763672 0.259766 0.763672 0.261719 0.761719 0.261719 0.740234 0.259766 0.738281 0.259766 0.734375 0.257812 0.732422
0 0.925781 0.728516 0.923828 0.730469 0.921875 0.730469 0.919922 0.732422 0.917969 0.732422 0.917969 0.734375 0.916016 0.736328 0.916016 0.753906 0.917969 0.755859 0.917969 0.757812 0.919922 0.759766 0.919922 0.761719 0.921875 0.763672 0.923828 0.763672 0.925781 0.765625 0.929688 0.765625 0.931641 0.767578 0.931641 0.769531 0.949219 0.769531 0.951172 0.767578 0.951172 0.750000 0.949219 0.748047 0.949219 0.746094 0.947266 0.744141 0.947266 0.742188 0.945312 0.740234 0.943359 0.740234 0.941406 0.738281 0.941406 0.736328 0.939453 0.736328 0.937500 0.734375 0.937500 0.732422 0.935547 0.732422 0.931641 0.728516
0 0.326172 0.767578 0.324219 0.769531 0.324219 0.771484 0.322266 0.773438 0.322266 0.779297 0.324219 0.781250 0.324219 0.787109 0.326172 0.789062 0.326172 0.791016 0.330078 0.794922 0.332031 0.794922 0.333984 0.796875 0.343750 0.796875 0.347656 0.792969 0.347656 0.791016 0.351562 0.787109 0.351562 0.781250 0.345703 0.775391 0.343750 0.775391 0.339844 0.771484 0.337891 0.771484 0.333984 0.767578
0 0.755859 0.787109 0.753906 0.789062 0.744141 0.789062 0.744141 0.791016 0.740234 0.794922 0.740234 0.796875 0.738281 0.798828 0.736328 0.798828 0.736328 0.804688 0.734375 0.806641 0.734375 0.816406 0.736328 0.818359 0.736328 0.828125 0.740234 0.832031 0.740234 0.833984 0.742188 0.835938 0.744141 0.835938 0.748047 0.839844 0.769531 0.839844 0.771484 0.837891 0.775391 0.837891 0.777344 0.835938 0.781250 0.835938 0.783203 0.833984 0.785156 0.833984 0.785156 0.832031 0.789062 0.828125 0.789062 0.826172 0.791016 0.824219 0.791016 0.822266 0.792969 0.820312 0.792969 0.798828 0.791016 0.796875 0.791016 0.794922 0.789062 0.792969 0.789062 0.791016 0.787109 0.791016 0.785156 0.789062 0.785156 0.787109
0 0.501953 0.820312 0.494141 0.828125 0.494141 0.835938 0.496094 0.835938 0.498047 0.837891 0.498047 0.839844 0.500000 0.839844 0.501953 0.841797 0.501953 0.845703 0.509766 0.845703 0.511719 0.843750 0.511719 0.841797 0.513672 0.839844 0.515625 0.839844 0.515625 0.826172 0.511719 0.822266 0.505859 0.822266 0.503906 0.820312
0 0.375000 0.857422 0.373047 0.859375 0.371094 0.859375 0.371094 0.861328 0.373047 0.863281 0.373047 0.871094 0.376953 0.875000 0.398438 0.875000 0.398438 0.873047 0.400391 0.871094 0.400391 0.863281 0.398438 0.861328 0.398438 0.857422
0 0.617188 0.892578 0.613281 0.896484 0.611328 0.896484 0.611328 0.898438 0.609375 0.900391 0.609375 0.906250 0.611328 0.908203 0.611328 0.910156 0.613281 0.910156 0.617188 0.914062 0.619141 0.914062 0.621094 0.916016 0.623047 0.916016 0.625000 0.917969 0.626953 0.917969 0.628906 0.919922 0.644531 0.919922 0.646484 0.917969 0.648438 0.917969 0.652344 0.914062 0.650391 0.912109 0.650391 0.910156 0.648438 0.908203 0.648438 0.906250 0.646484 0.906250 0.644531 0.904297 0.644531 0.900391 0.642578 0.900391 0.634766 0.892578
0 0.896484 0.896484 0.896484 0.898438 0.894531 0.900391 0.892578 0.900391 0.888672 0.904297 0.888672 0.906250 0.886719 0.908203 0.886719 0.916016 0.888672 0.917969 0.888672 0.921875 0.892578 0.925781 0.892578 0.927734 0.894531 0.929688 0.910156 0.929688 0.910156 0.927734 0.912109 0.925781 0.914062 0.925781 0.914062 0.923828 0.923828 0.914062 0.923828 0.904297 0.921875 0.902344 0.921875 0.900391 0.919922 0.900391 0.917969 0.898438 0.916016 0.898438 0.914062 0.896484
0 0.986328 0.937500 0.984375 0.939453 0.982422 0.939453 0.982422 0.941406 0.980469 0.943359 0.978516 0.943359 0.974609 0.947266 0.972656 0.947266 0.970703 0.949219 0.968750 0.949219 0.962891 0.955078 0.962891 0.966797 0.986328 0.966797 0.988281 0.964844 0.992188 0.964844 0.994141 0.962891 0.998047 0.962891 0.998047 0.939453 0.996094 0.939453 0.994141 0.937500
