0 0.859375 0.000000 0.859375 0.009766 0.861328 0.011719 0.861328 0.017578 0.865234 0.021484 0.865234 0.023438 0.867188 0.025391 0.867188 0.027344 0.869141 0.029297 0.871094 0.029297 0.873047 0.031250 0.876953 0.031250 0.878906 0.033203 0.898438 0.033203 0.900391 0.031250 0.921875 0.031250 0.923828 0.029297 0.937500 0.029297 0.939453 0.027344 0.945312 0.027344 0.949219 0.023438 0.951172 0.023438 0.953125 0.021484 0.955078 0.021484 0.960938 0.015625 0.962891 0.015625 0.962891 0.013672 0.966797 0.009766 0.968750 0.009766 0.968750 0.007812 0.970703 0.005859 0.970703 0.000000
0 0.000000 0.000000 0.000000 0.048828 0.001953 0.046875 0.003906 0.046875 0.007812 0.042969 0.007812 0.041016 0.009766 0.039062 0.011719 0.039062 0.011719 0.031250 0.013672 0.029297 0.013672 0.013672 0.015625 0.011719 0.015625 0.000000
0 0.488281 0.023438 0.486328 0.025391 0.486328 0.027344 0.488281 0.029297 0.488281 0.035156 0.490234 0.037109 0.490234 0.039062 0.498047 0.046875 0.500000 0.046875 0.501953 0.048828 0.503906 0.048828 0.505859 0.050781 0.515625 0.050781 0.515625 0.041016 0.513672 0.039062 0.513672 0.037109 0.509766 0.033203 0.507812 0.033203 0.505859 0.031250 0.503906 0.031250 0.501953 0.029297 0.498047 0.029297 0.496094 0.027344 0.492188 0.027344
0 0.330078 0.037109 0.328125 0.039062 0.328125 0.041016 0.324219 0.044922 0.324219 0.048828 0.322266 0.050781 0.324219 0.052734 0.324219 0.054688 0.330078 0.054688 0.333984 0.058594 0.335938 0.058594 0.337891 0.060547 0.339844 0.060547 0.341797 0.058594 0.341797 0.056641 0.343750 0.054688 0.343750 0.052734 0.345703 0.050781 0.345703 0.041016 0.343750 0.039062 0.339844 0.039062 0.337891 0.037109
0 0.226562 0.025391 0.224609 0.027344 0.222656 0.027344 0.216797 0.033203 0.216797 0.035156 0.214844 0.037109 0.214844 0.039062 0.212891 0.041016 0.212891 0.042969 0.210938 0.044922 0.210938 0.050781 0.208984 0.052734 0.208984 0.058594 0.207031 0.060547 0.207031 0.064453 0.205078 0.066406 0.205078 0.076172 0.207031 0.078125 0.207031 0.085938 0.210938 0.089844 0.210938 0.091797 0.214844 0.087891 0.214844 0.085938 0.218750 0.082031 0.218750 0.080078 0.220703 0.078125 0.220703 0.076172 0.222656 0.074219 0.222656 0.072266 0.226562 0.068359 0.226562 0.064453 0.230469 0.060547 0.230469 0.058594 0.234375 0.054688 0.234375 0.052734 0.240234 0.046875 0.242188 0.046875 0.244141 0.044922 0.248047 0.044922 0.248047 0.035156 0.246094 0.033203 0.246094 0.031250 0.240234 0.025391
0 0.583984 0.044922 0.580078 0.048828 0.580078 0.052734 0.583984 0.056641 0.583984 0.058594 0.589844 0.064453 0.591797 0.064453 0.593750 0.066406 0.595703 0.066406 0.597656 0.068359 0.605469 0.068359 0.609375 0.064453 0.609375 0.054688 0.607422 0.052734 0.607422 0.050781 0.605469 0.050781 0.603516 0.048828 0.601562 0.048828 0.599609 0.046875 0.593750 0.046875 0.591797 0.044922
0 0.414062 0.037109 0.412109 0.039062 0.412109 0.041016 0.410156 0.042969 0.410156 0.044922 0.404297 0.050781 0.404297 0.052734 0.400391 0.056641 0.400391 0.058594 0.398438 0.060547 0.398438 0.109375 0.400391 0.111328 0.402344 0.111328 0.404297 0.109375 0.406250 0.109375 0.408203 0.107422 0.410156 0.107422 0.412109 0.105469 0.412109 0.103516 0.416016 0.099609 0.416016 0.097656 0.417969 0.095703 0.417969 0.093750 0.419922 0.091797 0.419922 0.087891 0.421875 0.085938 0.421875 0.083984 0.423828 0.082031 0.423828 0.078125 0.425781 0.076172 0.425781 0.070312 0.427734 0.068359 0.427734 0.058594 0.425781 0.056641 0.425781 0.052734 0.423828 0.050781 0.423828 0.037109
0 0.560547 0.060547 0.550781 0.070312 0.550781 0.076172 0.556641 0.082031 0.558594 0.082031 0.560547 0.083984 0.560547 0.085938 0.578125 0.085938 0.580078 0.083984 0.582031 0.083984 0.585938 0.080078 0.585938 0.068359 0.582031 0.064453 0.580078 0.064453 0.578125 0.062500 0.576172 0.062500 0.574219 0.060547
0 0.154297 0.041016 0.150391 0.044922 0.148438 0.044922 0.144531 0.048828 0.142578 0.048828 0.138672 0.052734 0.136719 0.052734 0.130859 0.058594 0.128906 0.058594 0.125000 0.062500 0.125000 0.064453 0.117188 0.072266 0.115234 0.072266 0.109375 0.078125 0.109375 0.080078 0.107422 0.082031 0.107422 0.101562 0.109375 0.103516 0.109375 0.107422 0.111328 0.109375 0.111328 0.111328 0.113281 0.111328 0.115234 0.113281 0.117188 0.113281 0.119141 0.115234 0.121094 0.115234 0.123047 0.117188 0.144531 0.117188 0.146484 0.115234 0.152344 0.115234 0.154297 0.113281 0.160156 0.113281 0.162109 0.111328 0.164062 0.111328 0.167969 0.107422 0.169922 0.107422 0.171875 0.105469 0.173828 0.105469 0.175781 0.103516 0.177734 0.103516 0.179688 0.101562 0.185547 0.101562 0.193359 0.093750 0.193359 0.078125 0.191406 0.076172 0.191406 0.070312 0.189453 0.068359 0.189453 0.062500 0.187500 0.060547 0.187500 0.058594 0.185547 0.056641 0.185547 0.054688 0.183594 0.052734 0.183594 0.050781 0.177734 0.044922 0.173828 0.044922 0.171875 0.042969 0.164062 0.042969 0.162109 0.041016
0 0.244141 0.046875 0.242188 0.048828 0.240234 0.048828 0.236328 0.052734 0.236328 0.054688 0.232422 0.058594 0.232422 0.060547 0.228516 0.064453 0.228516 0.068359 0.224609 0.072266 0.224609 0.074219 0.222656 0.076172 0.222656 0.078125 0.220703 0.080078 0.220703 0.082031 0.216797 0.085938 0.216797 0.087891 0.212891 0.091797 0.212891 0.093750 0.208984 0.097656 0.208984 0.099609 0.205078 0.103516 0.205078 0.111328 0.207031 0.113281 0.218750 0.113281 0.220703 0.111328 0.226562 0.111328 0.228516 0.109375 0.236328 0.109375 0.240234 0.105469 0.242188 0.105469 0.242188 0.103516 0.244141 0.101562 0.246094 0.101562 0.246094 0.099609 0.248047 0.097656 0.250000 0.097656 0.250000 0.095703 0.251953 0.093750 0.251953 0.091797 0.253906 0.089844 0.253906 0.087891 0.255859 0.085938 0.257812 0.085938 0.257812 0.083984 0.261719 0.080078 0.261719 0.078125 0.265625 0.074219 0.265625 0.060547 0.263672 0.058594 0.263672 0.056641 0.259766 0.052734 0.257812 0.052734 0.255859 0.050781 0.255859 0.048828 0.251953 0.048828 0.250000 0.046875
0 0.310547 0.056641 0.310547 0.058594 0.296875 0.072266 0.296875 0.087891 0.298828 0.089844 0.298828 0.091797 0.302734 0.095703 0.302734 0.097656 0.306641 0.101562 0.308594 0.101562 0.310547 0.103516 0.312500 0.103516 0.314453 0.105469 0.328125 0.105469 0.330078 0.103516 0.332031 0.103516 0.333984 0.101562 0.335938 0.101562 0.339844 0.097656 0.339844 0.095703 0.341797 0.093750 0.343750 0.093750 0.343750 0.091797 0.345703 0.089844 0.345703 0.074219 0.343750 0.072266 0.343750 0.068359 0.341797 0.068359 0.339844 0.066406 0.339844 0.064453 0.335938 0.060547 0.333984 0.060547 0.330078 0.056641
0 0.994141 0.052734 0.994141 0.054688 0.992188 0.056641 0.990234 0.056641 0.982422 0.064453 0.982422 0.066406 0.980469 0.068359 0.978516 0.068359 0.978516 0.070312 0.976562 0.072266 0.976562 0.074219 0.974609 0.076172 0.974609 0.078125 0.972656 0.080078 0.970703 0.080078 0.970703 0.082031 0.968750 0.083984 0.968750 0.085938 0.966797 0.087891 0.966797 0.089844 0.962891 0.093750 0.962891 0.099609 0.960938 0.101562 0.960938 0.109375 0.962891 0.111328 0.962891 0.115234 0.964844 0.117188 0.968750 0.117188 0.970703 0.119141 0.970703 0.121094 0.974609 0.121094 0.978516 0.125000 0.984375 0.125000 0.986328 0.126953 0.988281 0.126953 0.990234 0.128906 0.998047 0.128906 0.998047 0.052734
0 0.601562 0.119141 0.601562 0.132812 0.603516 0.134766 0.603516 0.138672 0.605469 0.140625 0.605469 0.142578 0.607422 0.144531 0.607422 0.146484 0.609375 0.148438 0.619141 0.148438 0.619141 0.130859 0.617188 0.128906 0.617188 0.126953 0.613281 0.123047 0.613281 0.121094 0.611328 0.119141
0 0.433594 0.111328 0.431641 0.113281 0.429688 0.113281 0.429688 0.115234 0.425781 0.119141 0.425781 0.121094 0.423828 0.123047 0.423828 0.128906 0.421875 0.130859 0.421875 0.154297 0.425781 0.158203 0.425781 0.160156 0.429688 0.164062 0.447266 0.164062 0.449219 0.162109 0.453125 0.162109 0.455078 0.160156 0.457031 0.160156 0.460938 0.156250 0.460938 0.154297 0.464844 0.150391 0.464844 0.148438 0.466797 0.146484 0.466797 0.144531 0.468750 0.142578 0.468750 0.140625 0.470703 0.138672 0.470703 0.130859 0.468750 0.128906 0.468750 0.126953 0.466797 0.125000 0.466797 0.123047 0.464844 0.123047 0.458984 0.117188 0.457031 0.117188 0.455078 0.115234 0.453125 0.115234 0.451172 0.113281 0.447266 0.113281 0.445312 0.111328
0 0.158203 0.126953 0.156250 0.128906 0.154297 0.128906 0.150391 0.132812 0.148438 0.132812 0.140625 0.140625 0.140625 0.142578 0.134766 0.148438 0.134766 0.150391 0.130859 0.154297 0.130859 0.166016 0.132812 0.167969 0.132812 0.169922 0.134766 0.169922 0.138672 0.173828 0.152344 0.173828 0.154297 0.171875 0.156250 0.171875 0.160156 0.167969 0.160156 0.166016 0.162109 0.164062 0.164062 0.164062 0.167969 0.160156 0.169922 0.160156 0.171875 0.158203 0.185547 0.158203 0.187500 0.156250 0.189453 0.156250 0.191406 0.154297 0.191406 0.150391 0.193359 0.148438 0.193359 0.142578 0.191406 0.140625 0.191406 0.138672 0.183594 0.130859 0.181641 0.130859 0.177734 0.126953
0 0.578125 0.148438 0.574219 0.152344 0.574219 0.160156 0.576172 0.162109 0.576172 0.166016 0.578125 0.167969 0.578125 0.169922 0.580078 0.171875 0.580078 0.173828 0.589844 0.183594 0.599609 0.183594 0.601562 0.181641 0.603516 0.181641 0.607422 0.177734 0.607422 0.175781 0.611328 0.171875 0.611328 0.169922 0.613281 0.167969 0.613281 0.156250 0.607422 0.150391 0.605469 0.150391 0.603516 0.148438
0 0.947266 0.132812 0.945312 0.134766 0.943359 0.134766 0.941406 0.136719 0.939453 0.136719 0.937500 0.138672 0.935547 0.138672 0.933594 0.140625 0.931641 0.140625 0.929688 0.142578 0.927734 0.142578 0.923828 0.146484 0.921875 0.146484 0.919922 0.148438 0.919922 0.150391 0.916016 0.154297 0.916016 0.156250 0.914062 0.158203 0.914062 0.191406 0.916016 0.193359 0.916016 0.195312 0.919922 0.199219 0.921875 0.199219 0.923828 0.201172 0.923828 0.203125 0.972656 0.203125 0.974609 0.201172 0.976562 0.201172 0.974609 0.199219 0.974609 0.197266 0.972656 0.195312 0.972656 0.191406 0.974609 0.189453 0.974609 0.185547 0.976562 0.183594 0.976562 0.181641 0.978516 0.179688 0.980469 0.179688 0.980469 0.177734 0.982422 0.175781 0.984375 0.175781 0.984375 0.150391 0.982422 0.150391 0.980469 0.148438 0.980469 0.142578 0.978516 0.142578 0.974609 0.138672 0.972656 0.138672 0.968750 0.134766 0.964844 0.134766 0.962891 0.132812
0 0.302734 0.119141 0.300781 0.121094 0.296875 0.121094 0.292969 0.125000 0.289062 0.125000 0.287109 0.126953 0.285156 0.126953 0.283203 0.128906 0.281250 0.128906 0.279297 0.130859 0.277344 0.130859 0.275391 0.132812 0.275391 0.134766 0.273438 0.136719 0.271484 0.136719 0.269531 0.138672 0.267578 0.138672 0.263672 0.142578 0.261719 0.142578 0.257812 0.146484 0.255859 0.146484 0.251953 0.150391 0.250000 0.150391 0.246094 0.154297 0.244141 0.154297 0.244141 0.156250 0.242188 0.158203 0.240234 0.158203 0.240234 0.160156 0.238281 0.162109 0.236328 0.162109 0.236328 0.167969 0.234375 0.169922 0.234375 0.187500 0.236328 0.189453 0.236328 0.191406 0.240234 0.195312 0.240234 0.197266 0.242188 0.197266 0.244141 0.199219 0.250000 0.199219 0.251953 0.201172 0.253906 0.201172 0.255859 0.203125 0.259766 0.203125 0.261719 0.205078 0.263672 0.205078 0.265625 0.207031 0.269531 0.207031 0.271484 0.208984 0.273438 0.208984 0.275391 0.210938 0.281250 0.210938 0.283203 0.212891 0.285156 0.212891 0.287109 0.214844 0.292969 0.214844 0.296875 0.218750 0.300781 0.218750 0.304688 0.222656 0.306641 0.222656 0.308594 0.224609 0.310547 0.224609 0.312500 0.226562 0.328125 0.226562 0.332031 0.222656 0.333984 0.222656 0.337891 0.218750 0.341797 0.218750 0.347656 0.212891 0.347656 0.210938 0.351562 0.207031 0.351562 0.205078 0.353516 0.203125 0.353516 0.201172 0.359375 0.195312 0.359375 0.191406 0.367188 0.183594 0.367188 0.179688 0.371094 0.175781 0.371094 0.171875 0.375000 0.167969 0.375000 0.160156 0.373047 0.158203 0.369141 0.158203 0.367188 0.156250 0.367188 0.154297 0.361328 0.148438 0.361328 0.146484 0.357422 0.142578 0.355469 0.142578 0.347656 0.134766 0.345703 0.134766 0.339844 0.128906 0.337891 0.128906 0.335938 0.126953 0.333984 0.126953 0.330078 0.123047 0.328125 0.123047 0.326172 0.121094 0.324219 0.121094 0.322266 0.119141
0 0.404297 0.164062 0.398438 0.169922 0.398438 0.183594 0.400391 0.185547 0.400391 0.187500 0.404297 0.191406 0.410156 0.191406 0.410156 0.187500 0.419922 0.177734 0.419922 0.169922 0.414062 0.164062
0 0.691406 0.146484 0.689453 0.148438 0.689453 0.167969 0.691406 0.169922 0.691406 0.187500 0.693359 0.189453 0.693359 0.195312 0.697266 0.199219 0.697266 0.201172 0.703125 0.207031 0.705078 0.207031 0.707031 0.208984 0.710938 0.208984 0.712891 0.210938 0.716797 0.210938 0.718750 0.212891 0.720703 0.212891 0.722656 0.214844 0.738281 0.214844 0.740234 0.212891 0.742188 0.212891 0.744141 0.210938 0.763672 0.210938 0.765625 0.208984 0.783203 0.208984 0.785156 0.207031 0.785156 0.199219 0.783203 0.197266 0.783203 0.195312 0.781250 0.193359 0.781250 0.191406 0.779297 0.189453 0.777344 0.189453 0.773438 0.185547 0.771484 0.185547 0.769531 0.183594 0.769531 0.181641 0.765625 0.181641 0.761719 0.177734 0.759766 0.177734 0.755859 0.173828 0.753906 0.173828 0.751953 0.171875 0.750000 0.171875 0.746094 0.167969 0.744141 0.167969 0.742188 0.166016 0.740234 0.166016 0.736328 0.162109 0.732422 0.162109 0.730469 0.160156 0.730469 0.158203 0.726562 0.158203 0.722656 0.154297 0.720703 0.154297 0.718750 0.152344 0.716797 0.152344 0.714844 0.150391 0.712891 0.150391 0.708984 0.146484
0 0.994141 0.171875 0.992188 0.173828 0.990234 0.173828 0.986328 0.177734 0.982422 0.177734 0.982422 0.179688 0.980469 0.181641 0.978516 0.181641 0.978516 0.183594 0.976562 0.185547 0.976562 0.189453 0.974609 0.191406 0.974609 0.195312 0.976562 0.197266 0.976562 0.199219 0.980469 0.203125 0.982422 0.203125 0.986328 0.207031 0.998047 0.207031 0.998047 0.175781 0.996094 0.173828 0.996094 0.171875
0 0.437500 0.179688 0.433594 0.183594 0.433594 0.199219 0.437500 0.203125 0.437500 0.205078 0.439453 0.205078 0.443359 0.208984 0.453125 0.208984 0.453125 0.187500 0.451172 0.185547 0.451172 0.183594 0.449219 0.181641 0.447266 0.181641 0.445312 0.179688
0 0.416016 0.201172 0.412109 0.205078 0.412109 0.207031 0.410156 0.208984 0.410156 0.216797 0.412109 0.218750 0.412109 0.220703 0.416016 0.224609 0.423828 0.224609 0.429688 0.218750 0.429688 0.216797 0.431641 0.214844 0.431641 0.210938 0.429688 0.208984 0.429688 0.207031 0.425781 0.203125 0.423828 0.203125 0.421875 0.201172
0 0.064453 0.212891 0.062500 0.214844 0.060547 0.214844 0.058594 0.216797 0.048828 0.216797 0.046875 0.218750 0.044922 0.218750 0.042969 0.220703 0.041016 0.220703 0.041016 0.222656 0.039062 0.224609 0.037109 0.224609 0.037109 0.226562 0.031250 0.232422 0.031250 0.234375 0.029297 0.236328 0.029297 0.238281 0.027344 0.240234 0.027344 0.253906 0.029297 0.255859 0.029297 0.257812 0.031250 0.257812 0.035156 0.261719 0.042969 0.261719 0.044922 0.263672 0.046875 0.263672 0.048828 0.265625 0.056641 0.265625 0.058594 0.267578 0.060547 0.267578 0.062500 0.269531 0.068359 0.269531 0.070312 0.271484 0.082031 0.271484 0.083984 0.269531 0.085938 0.269531 0.087891 0.267578 0.089844 0.267578 0.093750 0.263672 0.093750 0.261719 0.097656 0.257812 0.097656 0.251953 0.101562 0.248047 0.101562 0.244141 0.103516 0.242188 0.105469 0.242188 0.105469 0.218750 0.103516 0.216797 0.099609 0.216797 0.097656 0.214844 0.095703 0.214844 0.093750 0.212891
0 0.765625 0.210938 0.763672 0.212891 0.757812 0.212891 0.755859 0.214844 0.751953 0.214844 0.750000 0.216797 0.746094 0.216797 0.744141 0.218750 0.740234 0.218750 0.740234 0.220703 0.736328 0.224609 0.736328 0.226562 0.734375 0.228516 0.732422 0.228516 0.732422 0.234375 0.730469 0.236328 0.730469 0.253906 0.732422 0.255859 0.732422 0.257812 0.734375 0.259766 0.734375 0.261719 0.736328 0.263672 0.736328 0.265625 0.738281 0.265625 0.740234 0.267578 0.740234 0.269531 0.746094 0.269531 0.748047 0.271484 0.748047 0.273438 0.753906 0.273438 0.757812 0.269531 0.765625 0.269531 0.767578 0.267578 0.771484 0.267578 0.773438 0.265625 0.792969 0.265625 0.794922 0.267578 0.796875 0.267578 0.798828 0.269531 0.802734 0.269531 0.806641 0.273438 0.806641 0.275391 0.810547 0.279297 0.810547 0.281250 0.812500 0.283203 0.812500 0.285156 0.816406 0.285156 0.818359 0.283203 0.824219 0.283203 0.826172 0.281250 0.832031 0.281250 0.832031 0.279297 0.833984 0.277344 0.839844 0.277344 0.839844 0.275391 0.841797 0.273438 0.843750 0.273438 0.847656 0.269531 0.847656 0.267578 0.849609 0.265625 0.849609 0.251953 0.847656 0.250000 0.847656 0.244141 0.845703 0.244141 0.843750 0.242188 0.843750 0.240234 0.841797 0.240234 0.835938 0.234375 0.833984 0.234375 0.832031 0.232422 0.830078 0.232422 0.826172 0.228516 0.824219 0.228516 0.820312 0.224609 0.816406 0.224609 0.814453 0.222656 0.814453 0.220703 0.810547 0.220703 0.806641 0.216797 0.798828 0.216797 0.796875 0.214844 0.794922 0.214844 0.792969 0.212891 0.785156 0.212891 0.783203 0.210938
0 0.531250 0.228516 0.525391 0.234375 0.525391 0.242188 0.527344 0.244141 0.527344 0.246094 0.529297 0.248047 0.529297 0.251953 0.533203 0.255859 0.533203 0.257812 0.535156 0.259766 0.535156 0.261719 0.544922 0.271484 0.544922 0.273438 0.546875 0.273438 0.548828 0.275391 0.548828 0.277344 0.552734 0.281250 0.554688 0.281250 0.558594 0.285156 0.560547 0.285156 0.564453 0.289062 0.585938 0.289062 0.587891 0.287109 0.589844 0.287109 0.593750 0.283203 0.593750 0.267578 0.589844 0.263672 0.589844 0.261719 0.583984 0.255859 0.580078 0.255859 0.578125 0.253906 0.578125 0.251953 0.574219 0.251953 0.570312 0.248047 0.568359 0.248047 0.562500 0.242188 0.560547 0.242188 0.558594 0.240234 0.556641 0.240234 0.554688 0.238281 0.554688 0.236328 0.552734 0.236328 0.548828 0.232422 0.544922 0.232422 0.542969 0.230469 0.541016 0.230469 0.539062 0.228516
0 0.648438 0.283203 0.646484 0.285156 0.646484 0.287109 0.644531 0.289062 0.644531 0.292969 0.646484 0.294922 0.648438 0.294922 0.650391 0.292969 0.652344 0.292969 0.654297 0.291016 0.656250 0.291016 0.658203 0.289062 0.658203 0.285156 0.656250 0.283203
0 0.947266 0.287109 0.945312 0.289062 0.937500 0.289062 0.935547 0.291016 0.931641 0.291016 0.931641 0.292969 0.929688 0.294922 0.927734 0.294922 0.919922 0.302734 0.919922 0.316406 0.921875 0.316406 0.923828 0.318359 0.923828 0.320312 0.925781 0.320312 0.927734 0.322266 0.955078 0.322266 0.957031 0.324219 0.960938 0.324219 0.962891 0.326172 0.966797 0.326172 0.968750 0.328125 0.974609 0.328125 0.978516 0.324219 0.978516 0.322266 0.980469 0.320312 0.980469 0.308594 0.978516 0.306641 0.978516 0.302734 0.976562 0.300781 0.976562 0.296875 0.972656 0.292969 0.972656 0.291016 0.970703 0.289062 0.966797 0.289062 0.964844 0.287109
0 0.308594 0.285156 0.306641 0.287109 0.302734 0.287109 0.300781 0.289062 0.287109 0.289062 0.287109 0.291016 0.279297 0.298828 0.279297 0.300781 0.277344 0.302734 0.277344 0.308594 0.279297 0.310547 0.279297 0.318359 0.283203 0.322266 0.283203 0.324219 0.287109 0.328125 0.289062 0.328125 0.292969 0.332031 0.296875 0.332031 0.298828 0.333984 0.302734 0.333984 0.304688 0.335938 0.316406 0.335938 0.318359 0.333984 0.322266 0.333984 0.324219 0.332031 0.328125 0.332031 0.328125 0.330078 0.330078 0.328125 0.332031 0.328125 0.332031 0.326172 0.333984 0.324219 0.333984 0.310547 0.332031 0.308594 0.332031 0.304688 0.328125 0.300781 0.328125 0.298828 0.322266 0.292969 0.322266 0.291016 0.320312 0.289062 0.318359 0.289062 0.316406 0.287109 0.314453 0.287109 0.312500 0.285156
0 0.773438 0.267578 0.771484 0.269531 0.767578 0.269531 0.765625 0.271484 0.757812 0.271484 0.753906 0.275391 0.751953 0.275391 0.748047 0.279297 0.746094 0.279297 0.742188 0.283203 0.742188 0.285156 0.740234 0.287109 0.740234 0.291016 0.738281 0.292969 0.738281 0.298828 0.736328 0.300781 0.736328 0.312500 0.738281 0.314453 0.738281 0.316406 0.740234 0.318359 0.740234 0.320312 0.742188 0.322266 0.742188 0.324219 0.744141 0.326172 0.744141 0.328125 0.746094 0.328125 0.748047 0.330078 0.748047 0.332031 0.750000 0.332031 0.755859 0.337891 0.757812 0.337891 0.763672 0.343750 0.765625 0.343750 0.769531 0.347656 0.771484 0.347656 0.773438 0.349609 0.775391 0.349609 0.777344 0.351562 0.794922 0.351562 0.794922 0.345703 0.796875 0.343750 0.796875 0.335938 0.798828 0.333984 0.798828 0.330078 0.800781 0.328125 0.800781 0.322266 0.802734 0.320312 0.802734 0.318359 0.804688 0.316406 0.804688 0.310547 0.806641 0.308594 0.806641 0.306641 0.808594 0.304688 0.808594 0.302734 0.810547 0.300781 0.810547 0.283203 0.808594 0.281250 0.808594 0.279297 0.804688 0.275391 0.804688 0.273438 0.802734 0.271484 0.798828 0.271484 0.796875 0.269531 0.794922 0.269531 0.792969 0.267578
0 0.400391 0.289062 0.398438 0.291016 0.394531 0.291016 0.386719 0.298828 0.386719 0.310547 0.388672 0.312500 0.388672 0.320312 0.392578 0.324219 0.392578 0.326172 0.398438 0.332031 0.400391 0.332031 0.404297 0.335938 0.408203 0.335938 0.412109 0.339844 0.414062 0.339844 0.416016 0.341797 0.417969 0.341797 0.419922 0.343750 0.445312 0.343750 0.447266 0.341797 0.449219 0.341797 0.451172 0.339844 0.453125 0.339844 0.453125 0.337891 0.455078 0.335938 0.457031 0.335938 0.460938 0.332031 0.460938 0.306641 0.458984 0.306641 0.457031 0.304688 0.457031 0.302734 0.453125 0.302734 0.449219 0.298828 0.447266 0.298828 0.445312 0.296875 0.443359 0.296875 0.441406 0.294922 0.433594 0.294922 0.431641 0.292969 0.427734 0.292969 0.425781 0.291016 0.416016 0.291016 0.414062 0.289062
0 0.220703 0.302734 0.218750 0.304688 0.208984 0.304688 0.207031 0.306641 0.203125 0.306641 0.201172 0.308594 0.197266 0.308594 0.195312 0.310547 0.193359 0.310547 0.193359 0.328125 0.195312 0.330078 0.195312 0.332031 0.197266 0.333984 0.197266 0.335938 0.199219 0.337891 0.199219 0.339844 0.207031 0.347656 0.208984 0.347656 0.212891 0.351562 0.214844 0.351562 0.218750 0.355469 0.234375 0.355469 0.236328 0.353516 0.238281 0.353516 0.240234 0.351562 0.244141 0.351562 0.248047 0.347656 0.250000 0.347656 0.257812 0.339844 0.257812 0.337891 0.259766 0.335938 0.259766 0.322266 0.257812 0.320312 0.257812 0.314453 0.255859 0.312500 0.255859 0.310547 0.253906 0.308594 0.253906 0.306641 0.250000 0.306641 0.248047 0.304688 0.246094 0.304688 0.244141 0.302734
0 0.486328 0.292969 0.484375 0.294922 0.484375 0.296875 0.482422 0.298828 0.482422 0.302734 0.480469 0.304688 0.480469 0.316406 0.478516 0.318359 0.478516 0.339844 0.480469 0.341797 0.480469 0.349609 0.482422 0.351562 0.482422 0.353516 0.486328 0.357422 0.486328 0.359375 0.488281 0.361328 0.488281 0.363281 0.490234 0.365234 0.490234 0.367188 0.492188 0.367188 0.494141 0.369141 0.494141 0.373047 0.498047 0.376953 0.498047 0.380859 0.501953 0.384766 0.503906 0.384766 0.505859 0.382812 0.511719 0.382812 0.511719 0.380859 0.513672 0.378906 0.515625 0.378906 0.515625 0.376953 0.519531 0.373047 0.519531 0.371094 0.523438 0.367188 0.523438 0.361328 0.525391 0.359375 0.525391 0.357422 0.527344 0.355469 0.527344 0.326172 0.523438 0.322266 0.523438 0.320312 0.519531 0.316406 0.519531 0.314453 0.507812 0.302734 0.505859 0.302734 0.501953 0.298828 0.498047 0.298828 0.496094 0.296875 0.496094 0.294922 0.494141 0.294922 0.492188 0.292969
0 0.658203 0.333984 0.656250 0.335938 0.654297 0.335938 0.650391 0.339844 0.650391 0.341797 0.646484 0.345703 0.646484 0.363281 0.648438 0.363281 0.650391 0.365234 0.650391 0.367188 0.652344 0.369141 0.656250 0.369141 0.658203 0.367188 0.679688 0.367188 0.681641 0.369141 0.685547 0.369141 0.687500 0.371094 0.689453 0.371094 0.691406 0.373047 0.695312 0.373047 0.699219 0.376953 0.701172 0.376953 0.707031 0.382812 0.712891 0.382812 0.714844 0.380859 0.714844 0.371094 0.710938 0.367188 0.710938 0.365234 0.707031 0.361328 0.707031 0.357422 0.705078 0.357422 0.703125 0.355469 0.703125 0.353516 0.693359 0.343750 0.691406 0.343750 0.687500 0.339844 0.685547 0.339844 0.683594 0.337891 0.679688 0.337891 0.677734 0.335938 0.673828 0.335938 0.671875 0.333984
0 0.339844 0.349609 0.337891 0.351562 0.333984 0.351562 0.332031 0.353516 0.328125 0.353516 0.324219 0.357422 0.322266 0.357422 0.322266 0.359375 0.320312 0.361328 0.318359 0.361328 0.314453 0.365234 0.314453 0.369141 0.312500 0.371094 0.312500 0.375000 0.310547 0.376953 0.310547 0.380859 0.306641 0.384766 0.306641 0.386719 0.302734 0.390625 0.302734 0.398438 0.306641 0.402344 0.318359 0.402344 0.320312 0.400391 0.324219 0.400391 0.326172 0.398438 0.332031 0.398438 0.333984 0.396484 0.335938 0.396484 0.337891 0.394531 0.339844 0.394531 0.339844 0.392578 0.341797 0.390625 0.345703 0.390625 0.353516 0.382812 0.353516 0.380859 0.355469 0.378906 0.355469 0.376953 0.359375 0.373047 0.359375 0.371094 0.363281 0.367188 0.363281 0.353516 0.357422 0.353516 0.355469 0.351562 0.353516 0.351562 0.351562 0.349609
0 0.154297 0.347656 0.152344 0.349609 0.144531 0.349609 0.142578 0.351562 0.140625 0.351562 0.138672 0.353516 0.138672 0.355469 0.136719 0.357422 0.136719 0.359375 0.134766 0.361328 0.134766 0.363281 0.132812 0.365234 0.132812 0.384766 0.134766 0.386719 0.134766 0.394531 0.136719 0.394531 0.138672 0.396484 0.138672 0.400391 0.140625 0.400391 0.142578 0.402344 0.144531 0.402344 0.146484 0.404297 0.146484 0.406250 0.148438 0.406250 0.150391 0.408203 0.152344 0.408203 0.154297 0.410156 0.156250 0.410156 0.162109 0.416016 0.164062 0.416016 0.166016 0.417969 0.167969 0.417969 0.169922 0.419922 0.179688 0.419922 0.181641 0.417969 0.183594 0.417969 0.191406 0.410156 0.191406 0.408203 0.193359 0.406250 0.195312 0.406250 0.195312 0.400391 0.197266 0.398438 0.197266 0.396484 0.199219 0.394531 0.199219 0.369141 0.187500 0.357422 0.185547 0.357422 0.181641 0.353516 0.177734 0.353516 0.175781 0.351562 0.173828 0.351562 0.171875 0.349609 0.166016 0.349609 0.164062 0.347656
0 0.658203 0.369141 0.656250 0.371094 0.652344 0.371094 0.650391 0.373047 0.642578 0.373047 0.640625 0.375000 0.638672 0.375000 0.636719 0.376953 0.636719 0.378906 0.634766 0.380859 0.634766 0.388672 0.636719 0.390625 0.636719 0.394531 0.648438 0.394531 0.650391 0.396484 0.656250 0.396484 0.660156 0.400391 0.662109 0.400391 0.666016 0.404297 0.667969 0.404297 0.673828 0.410156 0.673828 0.412109 0.677734 0.416016 0.681641 0.416016 0.683594 0.417969 0.687500 0.417969 0.689453 0.419922 0.707031 0.419922 0.708984 0.417969 0.712891 0.417969 0.714844 0.416016 0.716797 0.416016 0.716797 0.414062 0.718750 0.412109 0.718750 0.404297 0.716797 0.402344 0.716797 0.398438 0.714844 0.396484 0.714844 0.394531 0.712891 0.392578 0.712891 0.390625 0.708984 0.386719 0.708984 0.384766 0.707031 0.384766 0.701172 0.378906 0.699219 0.378906 0.695312 0.375000 0.691406 0.375000 0.689453 0.373047 0.687500 0.373047 0.685547 0.371094 0.681641 0.371094 0.679688 0.369141
0 0.070312 0.376953 0.068359 0.378906 0.066406 0.378906 0.064453 0.380859 0.062500 0.380859 0.060547 0.382812 0.058594 0.382812 0.058594 0.384766 0.054688 0.388672 0.052734 0.388672 0.052734 0.390625 0.050781 0.392578 0.050781 0.406250 0.056641 0.412109 0.056641 0.414062 0.058594 0.414062 0.060547 0.416016 0.060547 0.417969 0.064453 0.421875 0.064453 0.423828 0.066406 0.425781 0.070312 0.425781 0.072266 0.427734 0.074219 0.425781 0.078125 0.425781 0.082031 0.421875 0.091797 0.421875 0.093750 0.419922 0.109375 0.419922 0.111328 0.421875 0.111328 0.406250 0.109375 0.404297 0.109375 0.398438 0.101562 0.390625 0.101562 0.388672 0.099609 0.388672 0.097656 0.386719 0.097656 0.384766 0.095703 0.384766 0.091797 0.380859 0.087891 0.380859 0.085938 0.378906 0.083984 0.378906 0.082031 0.376953
0 0.539062 0.378906 0.537109 0.380859 0.531250 0.380859 0.527344 0.384766 0.525391 0.384766 0.523438 0.386719 0.523438 0.390625 0.521484 0.392578 0.521484 0.410156 0.523438 0.412109 0.523438 0.414062 0.525391 0.416016 0.525391 0.417969 0.527344 0.417969 0.529297 0.419922 0.529297 0.421875 0.533203 0.425781 0.533203 0.427734 0.535156 0.429688 0.537109 0.429688 0.541016 0.433594 0.542969 0.433594 0.544922 0.435547 0.554688 0.435547 0.556641 0.433594 0.564453 0.433594 0.566406 0.431641 0.570312 0.431641 0.572266 0.429688 0.578125 0.429688 0.582031 0.425781 0.585938 0.425781 0.585938 0.423828 0.587891 0.421875 0.589844 0.421875 0.597656 0.414062 0.597656 0.412109 0.599609 0.410156 0.599609 0.402344 0.597656 0.400391 0.597656 0.394531 0.595703 0.392578 0.593750 0.392578 0.589844 0.388672 0.582031 0.388672 0.578125 0.384766 0.568359 0.384766 0.566406 0.382812 0.564453 0.382812 0.562500 0.380859 0.556641 0.380859 0.554688 0.378906
0 0.931641 0.369141 0.929688 0.371094 0.927734 0.371094 0.925781 0.373047 0.923828 0.373047 0.919922 0.376953 0.917969 0.376953 0.914062 0.380859 0.912109 0.380859 0.908203 0.384766 0.906250 0.384766 0.904297 0.386719 0.904297 0.388672 0.902344 0.390625 0.902344 0.392578 0.900391 0.394531 0.900391 0.402344 0.910156 0.402344 0.912109 0.404297 0.917969 0.404297 0.919922 0.406250 0.923828 0.406250 0.925781 0.408203 0.927734 0.408203 0.929688 0.410156 0.931641 0.410156 0.933594 0.412109 0.937500 0.412109 0.941406 0.416016 0.943359 0.416016 0.945312 0.417969 0.947266 0.417969 0.958984 0.429688 0.958984 0.431641 0.962891 0.435547 0.962891 0.443359 0.960938 0.445312 0.980469 0.445312 0.982422 0.443359 0.984375 0.443359 0.992188 0.435547 0.992188 0.433594 0.994141 0.431641 0.994141 0.429688 0.996094 0.427734 0.996094 0.408203 0.992188 0.404297 0.992188 0.402344 0.988281 0.398438 0.988281 0.396484 0.986328 0.396484 0.984375 0.394531 0.984375 0.392578 0.982422 0.392578 0.980469 0.390625 0.978516 0.390625 0.968750 0.380859 0.968750 0.378906 0.964844 0.375000 0.962891 0.375000 0.957031 0.369141
0 0.634766 0.396484 0.632812 0.398438 0.628906 0.398438 0.625000 0.402344 0.623047 0.402344 0.617188 0.408203 0.615234 0.408203 0.607422 0.416016 0.607422 0.435547 0.609375 0.437500 0.609375 0.439453 0.615234 0.445312 0.617188 0.445312 0.619141 0.447266 0.621094 0.447266 0.623047 0.449219 0.628906 0.449219 0.630859 0.451172 0.652344 0.451172 0.654297 0.449219 0.660156 0.449219 0.662109 0.447266 0.666016 0.447266 0.667969 0.445312 0.671875 0.445312 0.673828 0.443359 0.675781 0.443359 0.677734 0.441406 0.679688 0.441406 0.683594 0.437500 0.683594 0.435547 0.681641 0.433594 0.681641 0.429688 0.679688 0.427734 0.679688 0.423828 0.677734 0.421875 0.677734 0.419922 0.675781 0.417969 0.675781 0.416016 0.671875 0.412109 0.671875 0.410156 0.667969 0.406250 0.666016 0.406250 0.662109 0.402344 0.660156 0.402344 0.656250 0.398438 0.650391 0.398438 0.648438 0.396484
0 0.884766 0.404297 0.882812 0.406250 0.882812 0.408203 0.878906 0.412109 0.878906 0.425781 0.880859 0.427734 0.880859 0.431641 0.884766 0.435547 0.884766 0.437500 0.888672 0.441406 0.888672 0.443359 0.896484 0.451172 0.898438 0.451172 0.902344 0.455078 0.906250 0.455078 0.908203 0.457031 0.912109 0.457031 0.914062 0.458984 0.927734 0.458984 0.929688 0.457031 0.933594 0.457031 0.935547 0.455078 0.941406 0.455078 0.943359 0.453125 0.949219 0.453125 0.953125 0.449219 0.955078 0.449219 0.960938 0.443359 0.960938 0.435547 0.957031 0.431641 0.957031 0.429688 0.947266 0.419922 0.945312 0.419922 0.943359 0.417969 0.941406 0.417969 0.937500 0.414062 0.933594 0.414062 0.931641 0.412109 0.929688 0.412109 0.927734 0.410156 0.925781 0.410156 0.923828 0.408203 0.919922 0.408203 0.917969 0.406250 0.912109 0.406250 0.910156 0.404297
0 0.093750 0.421875 0.091797 0.423828 0.082031 0.423828 0.078125 0.427734 0.074219 0.427734 0.062500 0.439453 0.060547 0.439453 0.056641 0.443359 0.056641 0.445312 0.060547 0.449219 0.062500 0.449219 0.066406 0.453125 0.068359 0.453125 0.072266 0.457031 0.089844 0.457031 0.093750 0.453125 0.095703 0.453125 0.105469 0.443359 0.105469 0.441406 0.111328 0.435547 0.113281 0.435547 0.113281 0.433594 0.115234 0.431641 0.115234 0.425781 0.113281 0.423828 0.111328 0.423828 0.109375 0.421875
0 0.013672 0.417969 0.011719 0.419922 0.001953 0.419922 0.000000 0.421875 0.000000 0.492188 0.015625 0.492188 0.017578 0.490234 0.023438 0.490234 0.029297 0.484375 0.029297 0.482422 0.031250 0.480469 0.031250 0.478516 0.033203 0.476562 0.035156 0.476562 0.035156 0.472656 0.039062 0.468750 0.039062 0.466797 0.041016 0.464844 0.041016 0.462891 0.042969 0.460938 0.042969 0.457031 0.046875 0.453125 0.046875 0.451172 0.048828 0.449219 0.048828 0.435547 0.046875 0.433594 0.046875 0.431641 0.042969 0.427734 0.042969 0.425781 0.041016 0.423828 0.039062 0.423828 0.035156 0.419922 0.029297 0.419922 0.027344 0.417969
0 0.267578 0.419922 0.265625 0.421875 0.263672 0.421875 0.261719 0.423828 0.257812 0.423828 0.253906 0.427734 0.251953 0.427734 0.250000 0.429688 0.248047 0.429688 0.246094 0.431641 0.240234 0.431641 0.228516 0.443359 0.228516 0.449219 0.226562 0.451172 0.224609 0.451172 0.224609 0.453125 0.222656 0.455078 0.222656 0.457031 0.220703 0.458984 0.220703 0.470703 0.222656 0.472656 0.222656 0.474609 0.224609 0.476562 0.224609 0.482422 0.228516 0.486328 0.228516 0.488281 0.230469 0.488281 0.232422 0.490234 0.242188 0.490234 0.244141 0.488281 0.251953 0.488281 0.255859 0.484375 0.259766 0.484375 0.263672 0.480469 0.265625 0.480469 0.265625 0.478516 0.267578 0.476562 0.269531 0.476562 0.281250 0.464844 0.281250 0.462891 0.285156 0.458984 0.285156 0.455078 0.289062 0.451172 0.289062 0.421875 0.287109 0.419922
0 0.466797 0.435547 0.464844 0.437500 0.449219 0.437500 0.447266 0.439453 0.425781 0.439453 0.421875 0.443359 0.419922 0.443359 0.419922 0.445312 0.416016 0.449219 0.416016 0.457031 0.417969 0.457031 0.419922 0.458984 0.421875 0.458984 0.427734 0.464844 0.429688 0.464844 0.433594 0.468750 0.435547 0.468750 0.439453 0.472656 0.441406 0.472656 0.445312 0.476562 0.449219 0.476562 0.451172 0.478516 0.455078 0.478516 0.457031 0.480469 0.488281 0.480469 0.496094 0.472656 0.498047 0.472656 0.505859 0.464844 0.505859 0.451172 0.503906 0.449219 0.503906 0.447266 0.501953 0.447266 0.500000 0.445312 0.500000 0.443359 0.496094 0.443359 0.492188 0.439453 0.490234 0.439453 0.486328 0.435547
0 0.185547 0.464844 0.183594 0.466797 0.179688 0.466797 0.177734 0.468750 0.175781 0.468750 0.173828 0.470703 0.169922 0.470703 0.166016 0.474609 0.164062 0.474609 0.144531 0.494141 0.142578 0.494141 0.136719 0.500000 0.136719 0.501953 0.130859 0.507812 0.130859 0.509766 0.128906 0.511719 0.128906 0.513672 0.125000 0.517578 0.125000 0.519531 0.119141 0.525391 0.119141 0.527344 0.115234 0.531250 0.115234 0.542969 0.117188 0.544922 0.117188 0.546875 0.130859 0.546875 0.132812 0.544922 0.138672 0.544922 0.140625 0.542969 0.146484 0.542969 0.148438 0.541016 0.154297 0.541016 0.156250 0.539062 0.158203 0.539062 0.162109 0.535156 0.164062 0.535156 0.166016 0.533203 0.167969 0.533203 0.169922 0.531250 0.171875 0.531250 0.173828 0.529297 0.175781 0.529297 0.177734 0.527344 0.179688 0.527344 0.183594 0.523438 0.185547 0.523438 0.193359 0.515625 0.193359 0.513672 0.197266 0.509766 0.197266 0.507812 0.199219 0.505859 0.199219 0.503906 0.203125 0.500000 0.203125 0.498047 0.205078 0.496094 0.205078 0.492188 0.207031 0.490234 0.207031 0.486328 0.208984 0.484375 0.208984 0.468750 0.207031 0.468750 0.203125 0.464844
0 0.656250 0.492188 0.654297 0.494141 0.650391 0.494141 0.648438 0.496094 0.646484 0.496094 0.646484 0.498047 0.636719 0.507812 0.634766 0.507812 0.634766 0.509766 0.628906 0.515625 0.628906 0.517578 0.625000 0.521484 0.625000 0.527344 0.630859 0.527344 0.632812 0.529297 0.636719 0.529297 0.640625 0.525391 0.642578 0.525391 0.654297 0.513672 0.656250 0.513672 0.660156 0.509766 0.660156 0.507812 0.664062 0.503906 0.664062 0.494141 0.662109 0.492188
0 0.033203 0.500000 0.031250 0.501953 0.027344 0.501953 0.023438 0.505859 0.021484 0.505859 0.017578 0.509766 0.015625 0.509766 0.013672 0.511719 0.013672 0.515625 0.011719 0.517578 0.011719 0.535156 0.013672 0.537109 0.013672 0.539062 0.021484 0.546875 0.023438 0.546875 0.027344 0.550781 0.029297 0.550781 0.031250 0.552734 0.044922 0.552734 0.046875 0.550781 0.050781 0.550781 0.058594 0.542969 0.060547 0.542969 0.060547 0.541016 0.062500 0.539062 0.062500 0.537109 0.064453 0.535156 0.064453 0.533203 0.066406 0.531250 0.066406 0.513672 0.064453 0.513672 0.062500 0.511719 0.060547 0.511719 0.058594 0.509766 0.056641 0.509766 0.052734 0.505859 0.048828 0.505859 0.046875 0.503906 0.046875 0.501953 0.042969 0.501953 0.041016 0.500000
0 0.755859 0.509766 0.753906 0.511719 0.744141 0.511719 0.742188 0.513672 0.736328 0.513672 0.734375 0.515625 0.728516 0.515625 0.726562 0.517578 0.724609 0.517578 0.722656 0.519531 0.720703 0.519531 0.718750 0.521484 0.716797 0.521484 0.701172 0.537109 0.701172 0.539062 0.699219 0.541016 0.699219 0.556641 0.701172 0.558594 0.701172 0.560547 0.703125 0.562500 0.703125 0.564453 0.710938 0.572266 0.712891 0.572266 0.714844 0.574219 0.716797 0.574219 0.718750 0.576172 0.724609 0.576172 0.726562 0.578125 0.732422 0.578125 0.734375 0.580078 0.765625 0.580078 0.767578 0.578125 0.775391 0.578125 0.777344 0.576172 0.785156 0.576172 0.787109 0.574219 0.792969 0.574219 0.794922 0.572266 0.800781 0.572266 0.802734 0.570312 0.804688 0.570312 0.806641 0.568359 0.808594 0.568359 0.810547 0.566406 0.812500 0.566406 0.816406 0.562500 0.818359 0.562500 0.820312 0.560547 0.820312 0.558594 0.824219 0.554688 0.824219 0.535156 0.822266 0.533203 0.822266 0.531250 0.820312 0.529297 0.820312 0.527344 0.812500 0.519531 0.810547 0.519531 0.806641 0.515625 0.804688 0.515625 0.802734 0.513672 0.798828 0.513672 0.796875 0.511719 0.794922 0.511719 0.792969 0.509766
0 0.621094 0.529297 0.619141 0.531250 0.619141 0.537109 0.621094 0.539062 0.621094 0.544922 0.623047 0.546875 0.623047 0.548828 0.625000 0.550781 0.625000 0.552734 0.630859 0.558594 0.632812 0.558594 0.640625 0.566406 0.654297 0.566406 0.656250 0.564453 0.656250 0.558594 0.654297 0.556641 0.654297 0.554688 0.652344 0.552734 0.652344 0.550781 0.630859 0.529297
0 0.503906 0.517578 0.498047 0.523438 0.494141 0.523438 0.492188 0.521484 0.492188 0.523438 0.490234 0.525391 0.486328 0.525391 0.486328 0.527344 0.484375 0.529297 0.476562 0.529297 0.474609 0.531250 0.470703 0.531250 0.468750 0.533203 0.460938 0.533203 0.458984 0.535156 0.443359 0.535156 0.441406 0.537109 0.435547 0.537109 0.431641 0.541016 0.429688 0.541016 0.427734 0.542969 0.427734 0.546875 0.425781 0.548828 0.423828 0.548828 0.423828 0.550781 0.421875 0.552734 0.419922 0.552734 0.419922 0.554688 0.417969 0.556641 0.416016 0.556641 0.416016 0.564453 0.419922 0.568359 0.419922 0.574219 0.421875 0.576172 0.421875 0.593750 0.417969 0.597656 0.417969 0.601562 0.419922 0.603516 0.419922 0.605469 0.427734 0.613281 0.427734 0.617188 0.429688 0.617188 0.433594 0.621094 0.435547 0.621094 0.437500 0.623047 0.441406 0.623047 0.443359 0.625000 0.486328 0.625000 0.488281 0.623047 0.492188 0.623047 0.494141 0.621094 0.503906 0.621094 0.505859 0.619141 0.507812 0.619141 0.509766 0.617188 0.511719 0.617188 0.513672 0.615234 0.515625 0.615234 0.521484 0.609375 0.523438 0.609375 0.523438 0.607422 0.525391 0.605469 0.527344 0.605469 0.527344 0.603516 0.529297 0.601562 0.531250 0.601562 0.531250 0.599609 0.535156 0.595703 0.535156 0.593750 0.539062 0.589844 0.539062 0.585938 0.542969 0.582031 0.542969 0.580078 0.544922 0.578125 0.544922 0.576172 0.546875 0.574219 0.546875 0.572266 0.550781 0.568359 0.550781 0.560547 0.552734 0.558594 0.552734 0.544922 0.550781 0.542969 0.550781 0.539062 0.546875 0.535156 0.546875 0.533203 0.544922 0.533203 0.541016 0.529297 0.539062 0.529297 0.535156 0.525391 0.533203 0.525391 0.531250 0.523438 0.529297 0.523438 0.525391 0.519531 0.523438 0.519531 0.521484 0.517578
0 0.945312 0.529297 0.943359 0.531250 0.937500 0.531250 0.933594 0.535156 0.904297 0.535156 0.902344 0.537109 0.896484 0.537109 0.892578 0.541016 0.890625 0.541016 0.886719 0.544922 0.886719 0.578125 0.888672 0.580078 0.888672 0.583984 0.892578 0.587891 0.892578 0.589844 0.894531 0.591797 0.894531 0.593750 0.896484 0.595703 0.896484 0.597656 0.898438 0.599609 0.900391 0.599609 0.906250 0.605469 0.908203 0.605469 0.912109 0.609375 0.914062 0.609375 0.916016 0.611328 0.917969 0.611328 0.919922 0.613281 0.960938 0.613281 0.962891 0.611328 0.964844 0.611328 0.966797 0.609375 0.968750 0.609375 0.978516 0.599609 0.978516 0.597656 0.984375 0.591797 0.984375 0.589844 0.986328 0.587891 0.986328 0.582031 0.988281 0.580078 0.988281 0.568359 0.986328 0.566406 0.986328 0.558594 0.982422 0.554688 0.982422 0.550781 0.966797 0.535156 0.964844 0.535156 0.962891 0.533203 0.960938 0.533203 0.957031 0.529297
0 0.384766 0.560547 0.382812 0.562500 0.376953 0.562500 0.375000 0.564453 0.373047 0.564453 0.369141 0.568359 0.369141 0.580078 0.367188 0.582031 0.367188 0.591797 0.369141 0.593750 0.369141 0.595703 0.376953 0.603516 0.380859 0.603516 0.382812 0.605469 0.388672 0.605469 0.390625 0.607422 0.404297 0.607422 0.406250 0.605469 0.408203 0.605469 0.412109 0.601562 0.414062 0.601562 0.416016 0.599609 0.416016 0.597656 0.419922 0.593750 0.419922 0.576172 0.417969 0.574219 0.417969 0.568359 0.414062 0.564453 0.412109 0.564453 0.410156 0.562500 0.408203 0.562500 0.406250 0.560547
0 0.000000 0.576172 0.000000 0.607422 0.003906 0.607422 0.005859 0.605469 0.005859 0.603516 0.007812 0.601562 0.007812 0.576172
0 0.107422 0.574219 0.105469 0.576172 0.103516 0.576172 0.097656 0.582031 0.097656 0.591797 0.095703 0.593750 0.095703 0.601562 0.103516 0.609375 0.105469 0.609375 0.107422 0.611328 0.121094 0.611328 0.123047 0.609375 0.125000 0.609375 0.126953 0.607422 0.128906 0.607422 0.130859 0.605469 0.132812 0.605469 0.132812 0.603516 0.134766 0.601562 0.136719 0.601562 0.144531 0.593750 0.146484 0.593750 0.150391 0.589844 0.150391 0.587891 0.152344 0.585938 0.152344 0.580078 0.150391 0.580078 0.148438 0.578125 0.146484 0.578125 0.144531 0.576172 0.142578 0.576172 0.140625 0.574219
0 0.304688 0.583984 0.302734 0.585938 0.296875 0.585938 0.294922 0.587891 0.279297 0.587891 0.277344 0.589844 0.275391 0.589844 0.273438 0.591797 0.271484 0.591797 0.271484 0.593750 0.269531 0.595703 0.269531 0.605469 0.271484 0.607422 0.271484 0.613281 0.273438 0.615234 0.273438 0.617188 0.275391 0.619141 0.275391 0.621094 0.279297 0.625000 0.281250 0.625000 0.283203 0.626953 0.289062 0.626953 0.291016 0.625000 0.310547 0.625000 0.312500 0.623047 0.316406 0.623047 0.322266 0.617188 0.322266 0.615234 0.324219 0.613281 0.324219 0.611328 0.326172 0.609375 0.326172 0.607422 0.328125 0.605469 0.328125 0.591797 0.326172 0.589844 0.326172 0.587891 0.324219 0.585938 0.322266 0.585938 0.320312 0.583984
0 0.648438 0.583984 0.646484 0.585938 0.644531 0.585938 0.642578 0.587891 0.640625 0.587891 0.630859 0.597656 0.630859 0.599609 0.626953 0.603516 0.625000 0.603516 0.623047 0.605469 0.621094 0.605469 0.619141 0.607422 0.617188 0.607422 0.607422 0.617188 0.605469 0.617188 0.591797 0.630859 0.591797 0.632812 0.589844 0.634766 0.589844 0.636719 0.587891 0.638672 0.587891 0.642578 0.589844 0.644531 0.589844 0.646484 0.593750 0.650391 0.595703 0.650391 0.599609 0.654297 0.601562 0.654297 0.605469 0.658203 0.607422 0.658203 0.611328 0.662109 0.613281 0.662109 0.617188 0.666016 0.619141 0.666016 0.621094 0.667969 0.623047 0.667969 0.625000 0.669922 0.628906 0.669922 0.630859 0.671875 0.634766 0.671875 0.636719 0.673828 0.669922 0.673828 0.671875 0.671875 0.677734 0.671875 0.679688 0.669922 0.685547 0.669922 0.687500 0.667969 0.691406 0.667969 0.693359 0.666016 0.695312 0.666016 0.697266 0.664062 0.699219 0.664062 0.701172 0.662109 0.705078 0.662109 0.707031 0.660156 0.708984 0.660156 0.710938 0.658203 0.712891 0.658203 0.714844 0.656250 0.716797 0.656250 0.718750 0.654297 0.720703 0.654297 0.732422 0.642578 0.732422 0.640625 0.734375 0.638672 0.734375 0.625000 0.732422 0.623047 0.732422 0.621094 0.726562 0.615234 0.724609 0.615234 0.720703 0.611328 0.718750 0.611328 0.714844 0.607422 0.712891 0.607422 0.708984 0.603516 0.707031 0.603516 0.705078 0.601562 0.703125 0.601562 0.699219 0.597656 0.697266 0.597656 0.695312 0.595703 0.693359 0.595703 0.691406 0.593750 0.687500 0.593750 0.685547 0.591797 0.681641 0.591797 0.677734 0.587891 0.673828 0.587891 0.671875 0.585938 0.666016 0.585938 0.664062 0.583984
0 0.333984 0.611328 0.330078 0.615234 0.330078 0.626953 0.333984 0.630859 0.333984 0.634766 0.337891 0.638672 0.337891 0.652344 0.339844 0.654297 0.339844 0.656250 0.341797 0.658203 0.341797 0.660156 0.343750 0.660156 0.345703 0.662109 0.357422 0.662109 0.359375 0.660156 0.363281 0.660156 0.371094 0.652344 0.371094 0.630859 0.367188 0.626953 0.367188 0.625000 0.363281 0.621094 0.363281 0.619141 0.361328 0.619141 0.359375 0.617188 0.359375 0.615234 0.355469 0.615234 0.351562 0.611328
0 0.021484 0.630859 0.015625 0.636719 0.013672 0.636719 0.013672 0.638672 0.009766 0.642578 0.009766 0.644531 0.005859 0.648438 0.005859 0.652344 0.003906 0.654297 0.003906 0.656250 0.001953 0.658203 0.001953 0.664062 0.000000 0.666016 0.000000 0.722656 0.007812 0.722656 0.009766 0.720703 0.011719 0.720703 0.013672 0.718750 0.015625 0.718750 0.015625 0.716797 0.017578 0.714844 0.019531 0.714844 0.019531 0.712891 0.021484 0.710938 0.023438 0.710938 0.023438 0.708984 0.025391 0.707031 0.027344 0.707031 0.027344 0.705078 0.029297 0.703125 0.031250 0.703125 0.031250 0.701172 0.033203 0.699219 0.035156 0.699219 0.035156 0.697266 0.042969 0.689453 0.042969 0.687500 0.046875 0.683594 0.046875 0.654297 0.044922 0.652344 0.044922 0.650391 0.042969 0.648438 0.042969 0.646484 0.041016 0.644531 0.041016 0.642578 0.039062 0.640625 0.039062 0.638672 0.037109 0.638672 0.035156 0.636719 0.035156 0.634766 0.033203 0.634766 0.029297 0.630859
0 0.255859 0.650391 0.253906 0.652344 0.251953 0.652344 0.251953 0.656250 0.250000 0.658203 0.250000 0.660156 0.248047 0.662109 0.248047 0.689453 0.250000 0.691406 0.250000 0.693359 0.251953 0.695312 0.251953 0.697266 0.261719 0.707031 0.263672 0.707031 0.267578 0.710938 0.269531 0.710938 0.271484 0.712891 0.271484 0.714844 0.287109 0.714844 0.289062 0.712891 0.291016 0.712891 0.292969 0.710938 0.294922 0.710938 0.298828 0.707031 0.300781 0.707031 0.304688 0.703125 0.304688 0.701172 0.306641 0.699219 0.308594 0.699219 0.308594 0.697266 0.310547 0.695312 0.312500 0.695312 0.312500 0.669922 0.310547 0.667969 0.310547 0.666016 0.308594 0.664062 0.306641 0.664062 0.304688 0.662109 0.302734 0.662109 0.300781 0.660156 0.298828 0.660156 0.296875 0.658203 0.291016 0.658203 0.289062 0.656250 0.287109 0.656250 0.285156 0.654297 0.281250 0.654297 0.277344 0.650391
0 0.785156 0.656250 0.785156 0.664062 0.783203 0.666016 0.783203 0.669922 0.785156 0.671875 0.785156 0.673828 0.789062 0.677734 0.789062 0.679688 0.810547 0.701172 0.812500 0.701172 0.816406 0.705078 0.818359 0.705078 0.822266 0.708984 0.826172 0.708984 0.828125 0.710938 0.830078 0.710938 0.832031 0.712891 0.835938 0.712891 0.837891 0.714844 0.839844 0.714844 0.841797 0.716797 0.843750 0.716797 0.845703 0.718750 0.857422 0.718750 0.857422 0.708984 0.855469 0.707031 0.855469 0.705078 0.853516 0.703125 0.853516 0.701172 0.851562 0.699219 0.851562 0.693359 0.849609 0.691406 0.849609 0.685547 0.845703 0.681641 0.845703 0.679688 0.843750 0.677734 0.843750 0.675781 0.833984 0.666016 0.832031 0.666016 0.830078 0.664062 0.828125 0.664062 0.826172 0.662109 0.824219 0.662109 0.822266 0.660156 0.818359 0.660156 0.816406 0.658203 0.804688 0.658203 0.802734 0.656250
0 0.904297 0.667969 0.902344 0.669922 0.900391 0.669922 0.898438 0.671875 0.896484 0.671875 0.894531 0.673828 0.892578 0.673828 0.890625 0.675781 0.888672 0.675781 0.884766 0.679688 0.884766 0.681641 0.878906 0.687500 0.878906 0.693359 0.876953 0.695312 0.876953 0.707031 0.878906 0.708984 0.878906 0.714844 0.880859 0.716797 0.880859 0.718750 0.882812 0.720703 0.882812 0.722656 0.884766 0.724609 0.886719 0.724609 0.890625 0.728516 0.892578 0.728516 0.894531 0.730469 0.896484 0.730469 0.898438 0.732422 0.902344 0.732422 0.904297 0.734375 0.935547 0.734375 0.937500 0.732422 0.943359 0.732422 0.945312 0.730469 0.949219 0.730469 0.951172 0.728516 0.955078 0.728516 0.957031 0.726562 0.958984 0.726562 0.960938 0.724609 0.964844 0.724609 0.958984 0.718750 0.958984 0.708984 0.960938 0.707031 0.962891 0.707031 0.966797 0.703125 0.978516 0.703125 0.980469 0.705078 0.980469 0.697266 0.978516 0.695312 0.978516 0.693359 0.972656 0.687500 0.972656 0.685547 0.970703 0.685547 0.964844 0.679688 0.962891 0.679688 0.960938 0.677734 0.958984 0.677734 0.957031 0.675781 0.955078 0.675781 0.953125 0.673828 0.951172 0.673828 0.949219 0.671875 0.947266 0.671875 0.945312 0.669922 0.941406 0.669922 0.939453 0.667969
0 0.966797 0.705078 0.962891 0.708984 0.960938 0.708984 0.960938 0.718750 0.974609 0.732422 0.984375 0.732422 0.986328 0.730469 0.992188 0.730469 0.994141 0.728516 0.998047 0.728516 0.998047 0.707031 0.980469 0.707031 0.978516 0.705078
0 0.388672 0.744141 0.386719 0.746094 0.382812 0.746094 0.380859 0.748047 0.378906 0.748047 0.371094 0.755859 0.371094 0.757812 0.369141 0.759766 0.369141 0.773438 0.376953 0.781250 0.394531 0.781250 0.396484 0.779297 0.408203 0.779297 0.410156 0.781250 0.421875 0.781250 0.423828 0.779297 0.425781 0.779297 0.427734 0.777344 0.429688 0.777344 0.429688 0.763672 0.425781 0.759766 0.425781 0.757812 0.423828 0.757812 0.417969 0.751953 0.416016 0.751953 0.412109 0.748047 0.410156 0.748047 0.406250 0.744141
0 0.681641 0.734375 0.679688 0.736328 0.675781 0.736328 0.667969 0.744141 0.666016 0.744141 0.666016 0.746094 0.664062 0.748047 0.662109 0.748047 0.654297 0.755859 0.654297 0.759766 0.650391 0.763672 0.650391 0.781250 0.652344 0.783203 0.652344 0.785156 0.654297 0.787109 0.654297 0.792969 0.656250 0.794922 0.656250 0.796875 0.664062 0.804688 0.667969 0.804688 0.669922 0.806641 0.679688 0.806641 0.681641 0.804688 0.683594 0.804688 0.683594 0.802734 0.691406 0.794922 0.691406 0.792969 0.693359 0.791016 0.693359 0.789062 0.699219 0.783203 0.699219 0.779297 0.701172 0.777344 0.703125 0.777344 0.703125 0.775391 0.705078 0.773438 0.705078 0.771484 0.707031 0.769531 0.707031 0.767578 0.710938 0.763672 0.710938 0.744141 0.707031 0.740234 0.705078 0.740234 0.703125 0.738281 0.703125 0.736328 0.701172 0.736328 0.699219 0.734375
0 0.232422 0.751953 0.230469 0.753906 0.228516 0.753906 0.222656 0.759766 0.222656 0.761719 0.220703 0.763672 0.220703 0.777344 0.224609 0.781250 0.224609 0.791016 0.226562 0.792969 0.226562 0.796875 0.228516 0.798828 0.228516 0.802734 0.230469 0.804688 0.236328 0.804688 0.242188 0.810547 0.242188 0.812500 0.250000 0.812500 0.251953 0.810547 0.253906 0.810547 0.255859 0.808594 0.261719 0.808594 0.265625 0.804688 0.267578 0.804688 0.269531 0.802734 0.269531 0.777344 0.267578 0.775391 0.267578 0.773438 0.265625 0.771484 0.265625 0.769531 0.259766 0.763672 0.257812 0.763672 0.250000 0.755859 0.248047 0.755859 0.244141 0.751953
0 0.781250 0.759766 0.779297 0.761719 0.779297 0.763672 0.777344 0.765625 0.777344 0.779297 0.779297 0.781250 0.779297 0.791016 0.783203 0.794922 0.783203 0.798828 0.785156 0.800781 0.789062 0.800781 0.791016 0.802734 0.791016 0.804688 0.792969 0.804688 0.794922 0.806641 0.804688 0.806641 0.806641 0.804688 0.812500 0.804688 0.816406 0.800781 0.816406 0.798828 0.820312 0.794922 0.820312 0.779297 0.818359 0.777344 0.818359 0.775391 0.816406 0.773438 0.814453 0.773438 0.808594 0.767578 0.806641 0.767578 0.804688 0.765625 0.802734 0.765625 0.800781 0.763672 0.794922 0.763672 0.792969 0.761719 0.791016 0.761719 0.789062 0.759766
0 0.132812 0.822266 0.126953 0.828125 0.126953 0.835938 0.130859 0.839844 0.144531 0.839844 0.150391 0.833984 0.150391 0.830078 0.148438 0.828125 0.148438 0.826172 0.144531 0.822266
0 0.212891 0.806641 0.210938 0.808594 0.207031 0.808594 0.205078 0.810547 0.203125 0.810547 0.201172 0.812500 0.199219 0.812500 0.197266 0.814453 0.193359 0.814453 0.191406 0.816406 0.189453 0.816406 0.187500 0.818359 0.185547 0.818359 0.185547 0.820312 0.183594 0.822266 0.183594 0.826172 0.181641 0.828125 0.181641 0.832031 0.183594 0.833984 0.183594 0.839844 0.185547 0.841797 0.185547 0.855469 0.187500 0.857422 0.187500 0.859375 0.189453 0.861328 0.189453 0.863281 0.191406 0.863281 0.193359 0.865234 0.193359 0.867188 0.197266 0.871094 0.197266 0.873047 0.199219 0.873047 0.201172 0.875000 0.228516 0.875000 0.232422 0.871094 0.234375 0.871094 0.238281 0.867188 0.238281 0.865234 0.240234 0.863281 0.240234 0.861328 0.242188 0.859375 0.242188 0.849609 0.244141 0.847656 0.244141 0.818359 0.242188 0.816406 0.242188 0.814453 0.240234 0.812500 0.240234 0.810547 0.236328 0.806641
0 0.511719 0.810547 0.511719 0.812500 0.509766 0.814453 0.509766 0.818359 0.507812 0.820312 0.507812 0.828125 0.509766 0.830078 0.509766 0.833984 0.511719 0.835938 0.511719 0.839844 0.513672 0.841797 0.513672 0.843750 0.515625 0.845703 0.515625 0.847656 0.521484 0.853516 0.521484 0.855469 0.525391 0.859375 0.525391 0.865234 0.527344 0.867188 0.527344 0.876953 0.525391 0.878906 0.525391 0.884766 0.527344 0.886719 0.527344 0.892578 0.529297 0.894531 0.529297 0.896484 0.533203 0.900391 0.535156 0.900391 0.537109 0.902344 0.541016 0.902344 0.542969 0.904297 0.548828 0.904297 0.550781 0.906250 0.554688 0.906250 0.556641 0.904297 0.560547 0.904297 0.562500 0.902344 0.562500 0.898438 0.564453 0.896484 0.564453 0.890625 0.566406 0.888672 0.566406 0.886719 0.570312 0.882812 0.570312 0.880859 0.576172 0.875000 0.576172 0.873047 0.578125 0.871094 0.578125 0.869141 0.580078 0.867188 0.580078 0.865234 0.582031 0.863281 0.582031 0.859375 0.583984 0.857422 0.583984 0.853516 0.585938 0.851562 0.585938 0.847656 0.583984 0.845703 0.583984 0.843750 0.582031 0.841797 0.582031 0.839844 0.578125 0.835938 0.576172 0.835938 0.572266 0.832031 0.570312 0.832031 0.568359 0.830078 0.566406 0.830078 0.562500 0.826172 0.558594 0.826172 0.556641 0.824219 0.554688 0.824219 0.552734 0.822266 0.550781 0.822266 0.548828 0.820312 0.546875 0.820312 0.544922 0.818359 0.542969 0.818359 0.541016 0.816406 0.537109 0.816406 0.535156 0.814453 0.529297 0.814453 0.527344 0.812500 0.525391 0.812500 0.523438 0.810547
0 0.158203 0.857422 0.156250 0.859375 0.154297 0.859375 0.150391 0.863281 0.150391 0.865234 0.148438 0.867188 0.148438 0.869141 0.146484 0.871094 0.146484 0.873047 0.148438 0.875000 0.148438 0.876953 0.150391 0.878906 0.150391 0.880859 0.152344 0.882812 0.152344 0.884766 0.154297 0.886719 0.154297 0.888672 0.156250 0.888672 0.158203 0.890625 0.171875 0.890625 0.171875 0.888672 0.175781 0.884766 0.175781 0.882812 0.177734 0.880859 0.177734 0.871094 0.175781 0.869141 0.175781 0.867188 0.173828 0.865234 0.173828 0.863281 0.167969 0.857422
0 0.958984 0.859375 0.957031 0.861328 0.955078 0.861328 0.953125 0.863281 0.951172 0.863281 0.949219 0.865234 0.947266 0.865234 0.947266 0.867188 0.945312 0.869141 0.943359 0.869141 0.939453 0.873047 0.939453 0.878906 0.943359 0.882812 0.943359 0.884766 0.947266 0.888672 0.947266 0.890625 0.955078 0.898438 0.958984 0.898438 0.960938 0.896484 0.964844 0.896484 0.966797 0.894531 0.968750 0.894531 0.970703 0.892578 0.972656 0.892578 0.974609 0.890625 0.976562 0.890625 0.978516 0.888672 0.980469 0.888672 0.982422 0.886719 0.984375 0.886719 0.990234 0.880859 0.992188 0.880859 0.998047 0.875000 0.998047 0.861328 0.990234 0.861328 0.988281 0.859375
0 0.753906 0.853516 0.751953 0.855469 0.746094 0.855469 0.744141 0.857422 0.736328 0.857422 0.728516 0.865234 0.726562 0.865234 0.722656 0.869141 0.722656 0.880859 0.724609 0.882812 0.724609 0.886719 0.726562 0.886719 0.730469 0.890625 0.732422 0.890625 0.736328 0.894531 0.742188 0.894531 0.744141 0.896484 0.744141 0.898438 0.748047 0.898438 0.751953 0.902344 0.755859 0.902344 0.759766 0.906250 0.765625 0.906250 0.767578 0.908203 0.785156 0.908203 0.787109 0.906250 0.791016 0.906250 0.791016 0.904297 0.792969 0.902344 0.792969 0.875000 0.789062 0.871094 0.789062 0.869141 0.785156 0.865234 0.785156 0.863281 0.783203 0.863281 0.781250 0.861328 0.775391 0.861328 0.773438 0.859375 0.773438 0.857422 0.769531 0.857422 0.765625 0.853516
0 0.861328 0.890625 0.859375 0.892578 0.853516 0.892578 0.849609 0.896484 0.849609 0.902344 0.847656 0.904297 0.847656 0.910156 0.845703 0.912109 0.845703 0.921875 0.847656 0.923828 0.847656 0.925781 0.849609 0.927734 0.849609 0.931641 0.857422 0.939453 0.861328 0.939453 0.863281 0.937500 0.867188 0.937500 0.869141 0.935547 0.871094 0.935547 0.873047 0.933594 0.875000 0.933594 0.875000 0.931641 0.876953 0.929688 0.878906 0.929688 0.880859 0.927734 0.882812 0.927734 0.884766 0.925781 0.886719 0.925781 0.890625 0.921875 0.892578 0.921875 0.896484 0.917969 0.898438 0.917969 0.902344 0.914062 0.910156 0.914062 0.914062 0.910156 0.923828 0.910156 0.925781 0.908203 0.927734 0.908203 0.929688 0.906250 0.931641 0.906250 0.933594 0.904297 0.933594 0.900391 0.929688 0.896484 0.917969 0.896484 0.916016 0.894531 0.908203 0.894531 0.906250 0.892578 0.878906 0.892578 0.876953 0.890625
0 0.785156 0.945312 0.783203 0.947266 0.777344 0.947266 0.775391 0.949219 0.771484 0.949219 0.769531 0.951172 0.767578 0.951172 0.757812 0.960938 0.757812 0.968750 0.755859 0.970703 0.755859 0.976562 0.757812 0.978516 0.757812 0.984375 0.759766 0.986328 0.759766 0.988281 0.761719 0.990234 0.761719 0.992188 0.765625 0.996094 0.783203 0.996094 0.785156 0.994141 0.789062 0.994141 0.792969 0.990234 0.794922 0.990234 0.796875 0.988281 0.798828 0.988281 0.800781 0.986328 0.802734 0.986328 0.806641 0.982422 0.810547 0.982422 0.812500 0.980469 0.814453 0.980469 0.816406 0.978516 0.816406 0.976562 0.818359 0.974609 0.818359 0.968750 0.816406 0.966797 0.816406 0.960938 0.814453 0.958984 0.814453 0.957031 0.804688 0.947266 0.802734 0.947266 0.800781 0.945312
0 0.697266 0.966797 0.693359 0.970703 0.689453 0.970703 0.683594 0.976562 0.681641 0.976562 0.677734 0.980469 0.677734 0.986328 0.679688 0.988281 0.681641 0.988281 0.683594 0.990234 0.683594 0.992188 0.685547 0.994141 0.687500 0.994141 0.689453 0.996094 0.693359 0.996094 0.695312 0.998047 0.748047 0.998047 0.750000 0.996094 0.750000 0.982422 0.742188 0.974609 0.740234 0.974609 0.736328 0.970703 0.730469 0.970703 0.728516 0.968750 0.726562 0.968750 0.724609 0.966797
