0 0.771484 0.000000 0.771484 0.001953 0.775391 0.005859 0.775391 0.007812 0.777344 0.007812 0.779297 0.009766 0.794922 0.009766 0.798828 0.005859 0.802734 0.005859 0.804688 0.003906 0.806641 0.003906 0.808594 0.001953 0.810547 0.001953 0.812500 0.000000 0.814453 0.000000
0 0.708984 0.000000 0.708984 0.001953 0.712891 0.005859 0.712891 0.007812 0.714844 0.009766 0.716797 0.009766 0.722656 0.015625 0.744141 0.015625 0.746094 0.013672 0.750000 0.013672 0.755859 0.007812 0.757812 0.007812 0.759766 0.005859 0.759766 0.001953 0.761719 0.000000
0 0.392578 0.000000 0.390625 0.001953 0.386719 0.001953 0.386719 0.005859 0.384766 0.007812 0.384766 0.019531 0.392578 0.027344 0.394531 0.027344 0.396484 0.029297 0.402344 0.029297 0.404297 0.031250 0.410156 0.031250 0.412109 0.033203 0.441406 0.033203 0.443359 0.035156 0.470703 0.035156 0.470703 0.021484 0.472656 0.019531 0.472656 0.005859 0.466797 0.000000
0 0.882812 0.000000 0.886719 0.003906 0.888672 0.003906 0.890625 0.005859 0.890625 0.007812 0.894531 0.011719 0.894531 0.013672 0.896484 0.015625 0.896484 0.017578 0.898438 0.019531 0.898438 0.021484 0.904297 0.027344 0.904297 0.029297 0.906250 0.031250 0.908203 0.031250 0.910156 0.033203 0.910156 0.035156 0.912109 0.037109 0.914062 0.037109 0.917969 0.041016 0.929688 0.041016 0.931641 0.039062 0.931641 0.035156 0.935547 0.031250 0.935547 0.015625 0.933594 0.015625 0.929688 0.011719 0.927734 0.011719 0.923828 0.007812 0.921875 0.007812 0.919922 0.005859 0.917969 0.005859 0.914062 0.001953 0.912109 0.001953 0.910156 0.000000
0 0.951172 0.000000 0.949219 0.001953 0.949219 0.003906 0.953125 0.007812 0.953125 0.009766 0.955078 0.011719 0.955078 0.013672 0.957031 0.015625 0.957031 0.017578 0.958984 0.019531 0.960938 0.019531 0.962891 0.021484 0.962891 0.023438 0.968750 0.029297 0.968750 0.031250 0.970703 0.033203 0.970703 0.035156 0.972656 0.037109 0.972656 0.039062 0.974609 0.039062 0.978516 0.042969 0.980469 0.042969 0.982422 0.044922 0.984375 0.044922 0.986328 0.046875 0.990234 0.046875 0.992188 0.048828 0.996094 0.048828 0.996094 0.044922 0.998047 0.042969 0.998047 0.003906 0.996094 0.001953 0.994141 0.001953 0.992188 0.000000
0 0.548828 0.000000 0.546875 0.001953 0.544922 0.001953 0.539062 0.007812 0.539062 0.009766 0.537109 0.011719 0.537109 0.013672 0.535156 0.015625 0.535156 0.037109 0.537109 0.039062 0.539062 0.039062 0.542969 0.042969 0.542969 0.044922 0.544922 0.044922 0.546875 0.046875 0.548828 0.046875 0.550781 0.048828 0.552734 0.048828 0.554688 0.050781 0.560547 0.050781 0.562500 0.052734 0.582031 0.052734 0.582031 0.050781 0.583984 0.048828 0.585938 0.048828 0.589844 0.044922 0.589844 0.042969 0.593750 0.039062 0.593750 0.035156 0.595703 0.033203 0.595703 0.013672 0.589844 0.007812 0.587891 0.007812 0.583984 0.003906 0.580078 0.003906 0.578125 0.001953 0.574219 0.001953 0.572266 0.000000
0 0.246094 0.000000 0.244141 0.001953 0.224609 0.001953 0.222656 0.003906 0.203125 0.003906 0.201172 0.005859 0.201172 0.007812 0.199219 0.009766 0.199219 0.013672 0.197266 0.015625 0.197266 0.023438 0.195312 0.025391 0.195312 0.054688 0.201172 0.060547 0.205078 0.060547 0.207031 0.062500 0.224609 0.062500 0.228516 0.058594 0.230469 0.058594 0.232422 0.056641 0.234375 0.056641 0.238281 0.052734 0.240234 0.052734 0.248047 0.044922 0.251953 0.044922 0.253906 0.042969 0.253906 0.041016 0.263672 0.031250 0.263672 0.029297 0.267578 0.025391 0.267578 0.000000
0 0.076172 0.000000 0.074219 0.001953 0.064453 0.001953 0.062500 0.003906 0.062500 0.005859 0.060547 0.007812 0.060547 0.044922 0.062500 0.046875 0.062500 0.050781 0.066406 0.054688 0.066406 0.056641 0.068359 0.056641 0.070312 0.058594 0.074219 0.058594 0.078125 0.062500 0.080078 0.062500 0.082031 0.064453 0.087891 0.064453 0.089844 0.066406 0.117188 0.066406 0.119141 0.064453 0.121094 0.064453 0.123047 0.062500 0.125000 0.062500 0.126953 0.060547 0.128906 0.060547 0.130859 0.058594 0.132812 0.058594 0.132812 0.056641 0.134766 0.054688 0.136719 0.054688 0.138672 0.052734 0.138672 0.050781 0.140625 0.048828 0.142578 0.048828 0.146484 0.044922 0.146484 0.042969 0.148438 0.041016 0.148438 0.039062 0.150391 0.037109 0.150391 0.033203 0.152344 0.031250 0.152344 0.000000
0 0.923828 0.060547 0.923828 0.066406 0.925781 0.068359 0.925781 0.070312 0.927734 0.070312 0.931641 0.074219 0.933594 0.074219 0.937500 0.078125 0.941406 0.078125 0.943359 0.080078 0.964844 0.080078 0.966797 0.078125 0.988281 0.078125 0.990234 0.080078 0.990234 0.087891 0.994141 0.087891 0.992188 0.085938 0.992188 0.074219 0.988281 0.070312 0.986328 0.070312 0.984375 0.068359 0.982422 0.068359 0.980469 0.066406 0.978516 0.066406 0.976562 0.064453 0.972656 0.064453 0.970703 0.062500 0.966797 0.062500 0.964844 0.060547
0 0.726562 0.070312 0.724609 0.072266 0.722656 0.072266 0.720703 0.074219 0.718750 0.074219 0.718750 0.087891 0.722656 0.091797 0.722656 0.093750 0.724609 0.095703 0.724609 0.097656 0.730469 0.103516 0.732422 0.103516 0.738281 0.109375 0.742188 0.109375 0.744141 0.111328 0.769531 0.111328 0.775391 0.105469 0.775391 0.101562 0.777344 0.099609 0.777344 0.080078 0.775391 0.080078 0.773438 0.078125 0.771484 0.078125 0.769531 0.076172 0.765625 0.076172 0.763672 0.074219 0.755859 0.074219 0.753906 0.072266 0.751953 0.072266 0.750000 0.070312
0 0.966797 0.080078 0.964844 0.082031 0.964844 0.083984 0.962891 0.085938 0.960938 0.085938 0.958984 0.087891 0.957031 0.087891 0.953125 0.091797 0.953125 0.093750 0.951172 0.095703 0.951172 0.097656 0.949219 0.099609 0.949219 0.101562 0.947266 0.103516 0.947266 0.117188 0.949219 0.119141 0.949219 0.121094 0.951172 0.123047 0.951172 0.126953 0.953125 0.128906 0.953125 0.132812 0.960938 0.140625 0.962891 0.140625 0.968750 0.146484 0.970703 0.146484 0.972656 0.148438 0.976562 0.148438 0.980469 0.152344 0.984375 0.152344 0.986328 0.154297 0.990234 0.154297 0.992188 0.156250 0.996094 0.156250 0.996094 0.154297 0.994141 0.152344 0.994141 0.134766 0.992188 0.132812 0.992188 0.115234 0.990234 0.113281 0.990234 0.095703 0.988281 0.093750 0.988281 0.080078
0 0.062500 0.089844 0.058594 0.093750 0.056641 0.093750 0.050781 0.099609 0.048828 0.099609 0.046875 0.101562 0.046875 0.103516 0.035156 0.115234 0.035156 0.117188 0.033203 0.119141 0.033203 0.134766 0.035156 0.136719 0.035156 0.140625 0.039062 0.144531 0.039062 0.148438 0.041016 0.150391 0.041016 0.152344 0.048828 0.160156 0.050781 0.160156 0.056641 0.166016 0.058594 0.166016 0.060547 0.167969 0.060547 0.169922 0.064453 0.173828 0.095703 0.173828 0.097656 0.171875 0.099609 0.171875 0.101562 0.169922 0.103516 0.169922 0.103516 0.167969 0.105469 0.166016 0.107422 0.166016 0.109375 0.164062 0.111328 0.164062 0.117188 0.158203 0.119141 0.158203 0.123047 0.154297 0.123047 0.152344 0.125000 0.150391 0.125000 0.144531 0.126953 0.142578 0.126953 0.140625 0.128906 0.138672 0.128906 0.119141 0.126953 0.117188 0.126953 0.115234 0.125000 0.113281 0.125000 0.111328 0.119141 0.105469 0.119141 0.103516 0.117188 0.101562 0.115234 0.101562 0.113281 0.099609 0.113281 0.097656 0.109375 0.097656 0.107422 0.095703 0.105469 0.095703 0.101562 0.091797 0.099609 0.091797 0.097656 0.089844
0 0.853516 0.150391 0.851562 0.152344 0.845703 0.152344 0.845703 0.156250 0.847656 0.158203 0.847656 0.179688 0.849609 0.181641 0.849609 0.189453 0.851562 0.189453 0.853516 0.191406 0.853516 0.197266 0.855469 0.199219 0.855469 0.203125 0.857422 0.205078 0.857422 0.208984 0.859375 0.210938 0.859375 0.222656 0.857422 0.224609 0.857422 0.228516 0.863281 0.234375 0.863281 0.236328 0.869141 0.242188 0.869141 0.244141 0.871094 0.244141 0.875000 0.248047 0.875000 0.250000 0.876953 0.251953 0.892578 0.251953 0.894531 0.250000 0.900391 0.250000 0.902344 0.248047 0.904297 0.248047 0.908203 0.244141 0.912109 0.244141 0.914062 0.242188 0.917969 0.242188 0.917969 0.240234 0.921875 0.236328 0.921875 0.234375 0.923828 0.232422 0.933594 0.232422 0.939453 0.238281 0.951172 0.238281 0.951172 0.226562 0.945312 0.220703 0.945312 0.218750 0.943359 0.216797 0.943359 0.212891 0.939453 0.208984 0.939453 0.207031 0.929688 0.197266 0.927734 0.197266 0.923828 0.193359 0.923828 0.191406 0.917969 0.185547 0.917969 0.183594 0.916016 0.181641 0.914062 0.181641 0.910156 0.177734 0.910156 0.175781 0.908203 0.175781 0.906250 0.173828 0.906250 0.171875 0.904297 0.171875 0.900391 0.167969 0.898438 0.167969 0.896484 0.166016 0.896484 0.164062 0.892578 0.164062 0.890625 0.162109 0.888672 0.162109 0.882812 0.156250 0.880859 0.156250 0.878906 0.154297 0.876953 0.154297 0.873047 0.150391
0 0.808594 0.138672 0.808594 0.140625 0.806641 0.142578 0.802734 0.142578 0.792969 0.152344 0.791016 0.152344 0.791016 0.154297 0.787109 0.158203 0.785156 0.158203 0.783203 0.160156 0.783203 0.162109 0.781250 0.164062 0.781250 0.167969 0.779297 0.169922 0.777344 0.169922 0.777344 0.175781 0.775391 0.177734 0.775391 0.201172 0.773438 0.203125 0.773438 0.214844 0.771484 0.216797 0.771484 0.248047 0.773438 0.250000 0.773438 0.251953 0.775391 0.253906 0.775391 0.255859 0.777344 0.255859 0.781250 0.259766 0.781250 0.261719 0.785156 0.265625 0.787109 0.265625 0.789062 0.267578 0.800781 0.267578 0.802734 0.265625 0.812500 0.265625 0.814453 0.263672 0.826172 0.263672 0.826172 0.261719 0.833984 0.253906 0.833984 0.251953 0.835938 0.250000 0.837891 0.250000 0.839844 0.248047 0.841797 0.248047 0.845703 0.244141 0.845703 0.242188 0.853516 0.234375 0.853516 0.230469 0.855469 0.228516 0.855469 0.224609 0.857422 0.222656 0.857422 0.210938 0.855469 0.208984 0.855469 0.205078 0.853516 0.203125 0.853516 0.199219 0.851562 0.197266 0.851562 0.191406 0.849609 0.191406 0.847656 0.189453 0.847656 0.181641 0.845703 0.179688 0.845703 0.158203 0.843750 0.156250 0.843750 0.152344 0.841797 0.150391 0.841797 0.148438 0.837891 0.144531 0.837891 0.142578 0.835938 0.142578 0.833984 0.140625 0.830078 0.140625 0.828125 0.138672
0 0.019531 0.230469 0.017578 0.232422 0.013672 0.232422 0.009766 0.236328 0.007812 0.236328 0.001953 0.242188 0.001953 0.244141 0.000000 0.246094 0.000000 0.318359 0.001953 0.320312 0.005859 0.320312 0.007812 0.322266 0.039062 0.322266 0.042969 0.318359 0.046875 0.318359 0.048828 0.316406 0.052734 0.316406 0.052734 0.314453 0.056641 0.310547 0.058594 0.310547 0.060547 0.308594 0.060547 0.306641 0.066406 0.300781 0.066406 0.298828 0.068359 0.296875 0.068359 0.291016 0.070312 0.289062 0.070312 0.267578 0.068359 0.265625 0.068359 0.263672 0.066406 0.261719 0.066406 0.259766 0.064453 0.257812 0.064453 0.255859 0.062500 0.253906 0.062500 0.251953 0.056641 0.246094 0.056641 0.244141 0.054688 0.244141 0.052734 0.242188 0.050781 0.242188 0.048828 0.240234 0.046875 0.240234 0.044922 0.238281 0.044922 0.236328 0.041016 0.236328 0.035156 0.230469
0 0.814453 0.320312 0.810547 0.324219 0.808594 0.324219 0.806641 0.326172 0.802734 0.326172 0.802734 0.328125 0.800781 0.330078 0.798828 0.330078 0.796875 0.332031 0.794922 0.332031 0.794922 0.335938 0.792969 0.337891 0.792969 0.365234 0.791016 0.367188 0.791016 0.373047 0.792969 0.375000 0.792969 0.376953 0.794922 0.376953 0.796875 0.378906 0.796875 0.380859 0.802734 0.386719 0.804688 0.386719 0.808594 0.390625 0.812500 0.390625 0.814453 0.392578 0.832031 0.392578 0.833984 0.390625 0.835938 0.390625 0.837891 0.388672 0.839844 0.388672 0.841797 0.386719 0.843750 0.386719 0.845703 0.384766 0.845703 0.382812 0.849609 0.378906 0.851562 0.378906 0.851562 0.376953 0.855469 0.373047 0.855469 0.371094 0.857422 0.369141 0.857422 0.365234 0.859375 0.363281 0.859375 0.347656 0.857422 0.347656 0.855469 0.345703 0.855469 0.341797 0.845703 0.332031 0.843750 0.332031 0.839844 0.328125 0.837891 0.328125 0.835938 0.326172 0.826172 0.326172 0.824219 0.324219 0.820312 0.324219 0.818359 0.322266 0.816406 0.322266
0 0.771484 0.390625 0.769531 0.392578 0.765625 0.392578 0.765625 0.394531 0.763672 0.396484 0.761719 0.396484 0.757812 0.400391 0.755859 0.400391 0.751953 0.404297 0.751953 0.437500 0.753906 0.439453 0.753906 0.441406 0.755859 0.443359 0.755859 0.449219 0.765625 0.458984 0.767578 0.458984 0.769531 0.460938 0.773438 0.460938 0.775391 0.462891 0.783203 0.462891 0.785156 0.464844 0.792969 0.464844 0.796875 0.460938 0.798828 0.460938 0.812500 0.447266 0.814453 0.447266 0.814453 0.439453 0.816406 0.437500 0.816406 0.417969 0.814453 0.416016 0.814453 0.414062 0.812500 0.412109 0.812500 0.410156 0.804688 0.402344 0.802734 0.402344 0.796875 0.396484 0.794922 0.396484 0.792969 0.394531 0.791016 0.394531 0.789062 0.392578 0.787109 0.392578 0.785156 0.390625
0 0.894531 0.447266 0.892578 0.449219 0.878906 0.449219 0.876953 0.451172 0.865234 0.451172 0.863281 0.453125 0.861328 0.453125 0.859375 0.455078 0.855469 0.455078 0.851562 0.458984 0.847656 0.458984 0.845703 0.460938 0.843750 0.460938 0.837891 0.466797 0.835938 0.466797 0.833984 0.468750 0.833984 0.470703 0.830078 0.474609 0.828125 0.474609 0.828125 0.476562 0.824219 0.480469 0.822266 0.480469 0.822266 0.484375 0.820312 0.486328 0.820312 0.498047 0.826172 0.503906 0.878906 0.503906 0.880859 0.501953 0.884766 0.501953 0.892578 0.494141 0.892578 0.492188 0.898438 0.486328 0.900391 0.486328 0.900391 0.484375 0.902344 0.482422 0.904297 0.482422 0.908203 0.478516 0.908203 0.476562 0.910156 0.474609 0.912109 0.474609 0.914062 0.472656 0.914062 0.470703 0.919922 0.464844 0.919922 0.462891 0.921875 0.460938 0.921875 0.458984 0.925781 0.455078 0.925781 0.451172 0.921875 0.447266
0 0.566406 0.437500 0.564453 0.439453 0.562500 0.439453 0.560547 0.441406 0.554688 0.441406 0.552734 0.443359 0.552734 0.445312 0.550781 0.447266 0.548828 0.447266 0.544922 0.451172 0.544922 0.453125 0.542969 0.455078 0.542969 0.458984 0.541016 0.460938 0.541016 0.462891 0.537109 0.466797 0.537109 0.476562 0.535156 0.478516 0.535156 0.494141 0.539062 0.498047 0.539062 0.500000 0.546875 0.507812 0.548828 0.507812 0.550781 0.509766 0.552734 0.509766 0.554688 0.511719 0.556641 0.511719 0.560547 0.515625 0.566406 0.515625 0.568359 0.517578 0.570312 0.517578 0.572266 0.519531 0.599609 0.519531 0.601562 0.517578 0.603516 0.517578 0.605469 0.515625 0.607422 0.515625 0.607422 0.513672 0.613281 0.507812 0.613281 0.503906 0.615234 0.501953 0.617188 0.501953 0.617188 0.500000 0.619141 0.498047 0.619141 0.496094 0.621094 0.494141 0.621094 0.490234 0.623047 0.488281 0.623047 0.486328 0.625000 0.484375 0.625000 0.464844 0.623047 0.462891 0.623047 0.460938 0.621094 0.458984 0.621094 0.457031 0.617188 0.457031 0.611328 0.451172 0.609375 0.451172 0.605469 0.447266 0.603516 0.447266 0.599609 0.443359 0.595703 0.443359 0.593750 0.441406 0.587891 0.441406 0.585938 0.439453 0.572266 0.439453 0.570312 0.437500
0 0.072266 0.500000 0.070312 0.501953 0.064453 0.501953 0.060547 0.505859 0.052734 0.505859 0.050781 0.507812 0.042969 0.507812 0.041016 0.509766 0.039062 0.509766 0.037109 0.511719 0.035156 0.511719 0.033203 0.513672 0.033203 0.515625 0.031250 0.517578 0.031250 0.519531 0.035156 0.519531 0.037109 0.521484 0.039062 0.521484 0.041016 0.523438 0.041016 0.525391 0.044922 0.525391 0.050781 0.531250 0.052734 0.531250 0.054688 0.533203 0.058594 0.533203 0.060547 0.535156 0.123047 0.535156 0.125000 0.533203 0.126953 0.533203 0.126953 0.531250 0.128906 0.529297 0.128906 0.517578 0.123047 0.511719 0.123047 0.509766 0.121094 0.509766 0.115234 0.503906 0.113281 0.503906 0.111328 0.501953 0.101562 0.501953 0.099609 0.500000
0 0.955078 0.527344 0.953125 0.529297 0.951172 0.529297 0.949219 0.531250 0.947266 0.531250 0.947266 0.533203 0.945312 0.535156 0.945312 0.537109 0.943359 0.539062 0.943359 0.541016 0.941406 0.542969 0.941406 0.546875 0.937500 0.550781 0.937500 0.554688 0.935547 0.556641 0.935547 0.562500 0.943359 0.562500 0.945312 0.564453 0.947266 0.564453 0.949219 0.566406 0.953125 0.566406 0.955078 0.568359 0.957031 0.568359 0.958984 0.570312 0.966797 0.562500 0.966797 0.560547 0.968750 0.558594 0.968750 0.537109 0.958984 0.527344
0 0.591797 0.556641 0.589844 0.558594 0.583984 0.558594 0.582031 0.560547 0.570312 0.560547 0.568359 0.562500 0.564453 0.562500 0.562500 0.564453 0.560547 0.564453 0.556641 0.568359 0.554688 0.568359 0.552734 0.570312 0.552734 0.572266 0.548828 0.576172 0.546875 0.576172 0.546875 0.578125 0.544922 0.580078 0.542969 0.580078 0.542969 0.582031 0.539062 0.585938 0.539062 0.589844 0.537109 0.591797 0.537109 0.599609 0.542969 0.599609 0.544922 0.601562 0.544922 0.603516 0.546875 0.605469 0.546875 0.611328 0.548828 0.613281 0.550781 0.613281 0.552734 0.615234 0.554688 0.615234 0.556641 0.617188 0.558594 0.617188 0.560547 0.619141 0.564453 0.619141 0.566406 0.621094 0.574219 0.621094 0.576172 0.623047 0.582031 0.623047 0.583984 0.625000 0.607422 0.625000 0.611328 0.621094 0.613281 0.621094 0.613281 0.619141 0.617188 0.615234 0.617188 0.613281 0.619141 0.611328 0.621094 0.611328 0.625000 0.607422 0.626953 0.607422 0.626953 0.605469 0.628906 0.603516 0.628906 0.599609 0.630859 0.597656 0.630859 0.562500 0.628906 0.560547 0.626953 0.560547 0.625000 0.558594 0.621094 0.558594 0.619141 0.556641
0 0.931641 0.564453 0.931641 0.566406 0.927734 0.570312 0.925781 0.570312 0.923828 0.572266 0.921875 0.572266 0.921875 0.574219 0.919922 0.576172 0.919922 0.578125 0.917969 0.580078 0.917969 0.582031 0.916016 0.583984 0.916016 0.587891 0.912109 0.591797 0.912109 0.593750 0.910156 0.595703 0.910156 0.623047 0.914062 0.626953 0.916016 0.626953 0.917969 0.628906 0.919922 0.628906 0.923828 0.632812 0.925781 0.632812 0.927734 0.634766 0.931641 0.634766 0.933594 0.636719 0.937500 0.636719 0.939453 0.638672 0.960938 0.638672 0.970703 0.628906 0.972656 0.628906 0.976562 0.625000 0.976562 0.595703 0.974609 0.593750 0.974609 0.583984 0.968750 0.578125 0.968750 0.576172 0.966797 0.576172 0.962891 0.572266 0.958984 0.572266 0.957031 0.570312 0.955078 0.570312 0.953125 0.568359 0.949219 0.568359 0.947266 0.566406 0.945312 0.566406 0.943359 0.564453
0 0.691406 0.582031 0.685547 0.587891 0.685547 0.589844 0.683594 0.591797 0.679688 0.591797 0.677734 0.593750 0.675781 0.593750 0.673828 0.595703 0.671875 0.595703 0.669922 0.597656 0.667969 0.597656 0.664062 0.601562 0.662109 0.601562 0.662109 0.603516 0.660156 0.605469 0.658203 0.605469 0.654297 0.609375 0.654297 0.611328 0.650391 0.615234 0.650391 0.621094 0.648438 0.623047 0.648438 0.636719 0.650391 0.638672 0.652344 0.638672 0.654297 0.640625 0.677734 0.640625 0.679688 0.638672 0.681641 0.638672 0.683594 0.636719 0.687500 0.636719 0.687500 0.634766 0.689453 0.632812 0.689453 0.630859 0.691406 0.628906 0.691406 0.625000 0.693359 0.623047 0.693359 0.621094 0.703125 0.611328 0.705078 0.611328 0.708984 0.607422 0.712891 0.607422 0.714844 0.605469 0.722656 0.605469 0.722656 0.589844 0.720703 0.589844 0.716797 0.585938 0.716797 0.583984 0.708984 0.583984 0.707031 0.582031
0 0.498047 0.601562 0.496094 0.603516 0.482422 0.603516 0.480469 0.605469 0.462891 0.605469 0.460938 0.607422 0.457031 0.607422 0.455078 0.609375 0.451172 0.609375 0.445312 0.615234 0.441406 0.615234 0.439453 0.617188 0.437500 0.617188 0.435547 0.619141 0.435547 0.621094 0.433594 0.623047 0.431641 0.623047 0.427734 0.626953 0.425781 0.626953 0.425781 0.628906 0.423828 0.630859 0.423828 0.634766 0.421875 0.636719 0.421875 0.658203 0.425781 0.662109 0.447266 0.662109 0.449219 0.660156 0.451172 0.660156 0.453125 0.658203 0.455078 0.658203 0.458984 0.654297 0.460938 0.654297 0.462891 0.652344 0.464844 0.652344 0.468750 0.648438 0.470703 0.648438 0.474609 0.644531 0.474609 0.642578 0.476562 0.640625 0.480469 0.640625 0.482422 0.638672 0.488281 0.638672 0.490234 0.636719 0.492188 0.636719 0.494141 0.634766 0.498047 0.634766 0.500000 0.632812 0.503906 0.632812 0.505859 0.630859 0.509766 0.630859 0.511719 0.628906 0.515625 0.628906 0.517578 0.626953 0.523438 0.626953 0.527344 0.623047 0.533203 0.623047 0.535156 0.621094 0.537109 0.621094 0.539062 0.619141 0.542969 0.619141 0.544922 0.617188 0.544922 0.605469 0.542969 0.603516 0.542969 0.601562
0 0.748047 0.615234 0.748047 0.617188 0.750000 0.619141 0.750000 0.621094 0.753906 0.625000 0.753906 0.626953 0.757812 0.630859 0.757812 0.634766 0.759766 0.636719 0.759766 0.658203 0.755859 0.662109 0.755859 0.666016 0.753906 0.667969 0.753906 0.669922 0.751953 0.671875 0.750000 0.671875 0.750000 0.675781 0.748047 0.677734 0.748047 0.679688 0.777344 0.679688 0.783203 0.673828 0.785156 0.673828 0.789062 0.669922 0.789062 0.667969 0.791016 0.666016 0.791016 0.664062 0.792969 0.662109 0.792969 0.658203 0.794922 0.656250 0.794922 0.636719 0.792969 0.634766 0.792969 0.632812 0.791016 0.632812 0.789062 0.630859 0.789062 0.628906 0.781250 0.621094 0.779297 0.621094 0.777344 0.619141 0.771484 0.619141 0.769531 0.617188 0.763672 0.617188 0.761719 0.615234
0 0.714844 0.607422 0.712891 0.609375 0.708984 0.609375 0.705078 0.613281 0.703125 0.613281 0.695312 0.621094 0.695312 0.623047 0.693359 0.625000 0.693359 0.628906 0.691406 0.630859 0.691406 0.632812 0.689453 0.634766 0.689453 0.638672 0.687500 0.640625 0.681641 0.640625 0.679688 0.642578 0.679688 0.648438 0.677734 0.650391 0.677734 0.669922 0.681641 0.673828 0.681641 0.675781 0.683594 0.675781 0.685547 0.677734 0.685547 0.679688 0.689453 0.683594 0.693359 0.683594 0.697266 0.687500 0.699219 0.687500 0.701172 0.689453 0.707031 0.689453 0.708984 0.691406 0.728516 0.691406 0.730469 0.689453 0.732422 0.689453 0.734375 0.687500 0.736328 0.687500 0.740234 0.683594 0.742188 0.683594 0.746094 0.679688 0.746094 0.677734 0.748047 0.675781 0.748047 0.671875 0.750000 0.669922 0.751953 0.669922 0.751953 0.667969 0.753906 0.666016 0.753906 0.662109 0.757812 0.658203 0.757812 0.636719 0.755859 0.634766 0.755859 0.630859 0.751953 0.626953 0.751953 0.625000 0.748047 0.621094 0.748047 0.619141 0.746094 0.617188 0.746094 0.615234 0.744141 0.615234 0.738281 0.609375 0.736328 0.609375 0.734375 0.607422
0 0.361328 0.613281 0.359375 0.615234 0.357422 0.615234 0.355469 0.617188 0.339844 0.617188 0.337891 0.619141 0.335938 0.619141 0.333984 0.621094 0.332031 0.621094 0.328125 0.625000 0.326172 0.625000 0.322266 0.628906 0.318359 0.628906 0.318359 0.630859 0.316406 0.632812 0.316406 0.634766 0.312500 0.638672 0.312500 0.669922 0.314453 0.671875 0.314453 0.673828 0.316406 0.675781 0.316406 0.677734 0.330078 0.691406 0.333984 0.691406 0.335938 0.693359 0.345703 0.693359 0.351562 0.687500 0.353516 0.687500 0.359375 0.681641 0.361328 0.681641 0.367188 0.675781 0.369141 0.675781 0.371094 0.673828 0.373047 0.673828 0.376953 0.669922 0.378906 0.669922 0.380859 0.667969 0.382812 0.667969 0.384766 0.666016 0.384766 0.664062 0.388672 0.660156 0.388672 0.658203 0.390625 0.656250 0.390625 0.654297 0.392578 0.652344 0.392578 0.650391 0.398438 0.644531 0.398438 0.642578 0.402344 0.638672 0.402344 0.632812 0.404297 0.630859 0.404297 0.623047 0.396484 0.615234 0.392578 0.615234 0.390625 0.613281
0 0.541016 0.625000 0.539062 0.626953 0.533203 0.626953 0.531250 0.628906 0.529297 0.628906 0.525391 0.632812 0.523438 0.632812 0.521484 0.634766 0.519531 0.634766 0.517578 0.636719 0.515625 0.636719 0.511719 0.640625 0.482422 0.640625 0.480469 0.642578 0.476562 0.642578 0.476562 0.644531 0.472656 0.648438 0.472656 0.652344 0.470703 0.654297 0.470703 0.666016 0.472656 0.667969 0.472656 0.673828 0.478516 0.679688 0.480469 0.679688 0.482422 0.681641 0.503906 0.681641 0.505859 0.679688 0.507812 0.679688 0.511719 0.675781 0.513672 0.675781 0.515625 0.673828 0.517578 0.673828 0.523438 0.667969 0.523438 0.666016 0.527344 0.662109 0.529297 0.662109 0.529297 0.660156 0.531250 0.658203 0.531250 0.656250 0.533203 0.654297 0.533203 0.652344 0.537109 0.648438 0.537109 0.646484 0.541016 0.642578 0.542969 0.644531 0.544922 0.644531 0.544922 0.642578 0.546875 0.640625 0.546875 0.636719 0.548828 0.634766 0.548828 0.626953 0.546875 0.625000
0 0.552734 0.636719 0.546875 0.642578 0.546875 0.644531 0.544922 0.646484 0.542969 0.646484 0.541016 0.644531 0.539062 0.646484 0.539062 0.648438 0.535156 0.652344 0.535156 0.656250 0.531250 0.660156 0.531250 0.662109 0.521484 0.671875 0.521484 0.675781 0.515625 0.681641 0.513672 0.681641 0.513672 0.703125 0.515625 0.703125 0.519531 0.707031 0.523438 0.707031 0.525391 0.708984 0.527344 0.708984 0.529297 0.710938 0.535156 0.710938 0.535156 0.708984 0.537109 0.707031 0.541016 0.707031 0.541016 0.705078 0.542969 0.703125 0.546875 0.703125 0.548828 0.705078 0.552734 0.701172 0.554688 0.701172 0.556641 0.699219 0.556641 0.697266 0.558594 0.695312 0.558594 0.691406 0.560547 0.689453 0.560547 0.685547 0.562500 0.683594 0.562500 0.681641 0.564453 0.679688 0.564453 0.675781 0.566406 0.673828 0.566406 0.671875 0.570312 0.667969 0.570312 0.656250 0.572266 0.654297 0.572266 0.636719
0 0.607422 0.642578 0.605469 0.644531 0.603516 0.644531 0.599609 0.648438 0.599609 0.650391 0.597656 0.652344 0.591797 0.652344 0.580078 0.664062 0.578125 0.664062 0.574219 0.667969 0.574219 0.669922 0.568359 0.675781 0.568359 0.677734 0.564453 0.681641 0.564453 0.683594 0.562500 0.685547 0.562500 0.689453 0.560547 0.691406 0.560547 0.703125 0.562500 0.705078 0.562500 0.707031 0.566406 0.707031 0.570312 0.710938 0.578125 0.710938 0.580078 0.712891 0.583984 0.712891 0.585938 0.714844 0.589844 0.714844 0.591797 0.712891 0.591797 0.710938 0.595703 0.707031 0.597656 0.707031 0.599609 0.705078 0.599609 0.703125 0.603516 0.699219 0.603516 0.697266 0.607422 0.693359 0.607422 0.691406 0.613281 0.685547 0.613281 0.683594 0.619141 0.677734 0.619141 0.675781 0.621094 0.673828 0.621094 0.671875 0.625000 0.667969 0.625000 0.662109 0.626953 0.660156 0.626953 0.642578
0 0.117188 0.675781 0.113281 0.679688 0.101562 0.679688 0.099609 0.681641 0.097656 0.681641 0.093750 0.685547 0.093750 0.687500 0.091797 0.689453 0.091797 0.693359 0.089844 0.695312 0.089844 0.701172 0.087891 0.703125 0.087891 0.724609 0.093750 0.730469 0.093750 0.734375 0.095703 0.736328 0.095703 0.738281 0.101562 0.744141 0.103516 0.744141 0.105469 0.746094 0.111328 0.746094 0.113281 0.748047 0.134766 0.748047 0.138672 0.744141 0.142578 0.744141 0.144531 0.742188 0.146484 0.742188 0.150391 0.738281 0.152344 0.738281 0.156250 0.734375 0.158203 0.734375 0.164062 0.728516 0.166016 0.728516 0.167969 0.726562 0.167969 0.724609 0.169922 0.722656 0.171875 0.722656 0.171875 0.716797 0.173828 0.714844 0.173828 0.707031 0.171875 0.705078 0.171875 0.703125 0.169922 0.701172 0.169922 0.699219 0.167969 0.697266 0.167969 0.695312 0.164062 0.691406 0.164062 0.689453 0.154297 0.679688 0.150391 0.679688 0.148438 0.677734 0.144531 0.677734 0.142578 0.675781
0 0.761719 0.697266 0.759766 0.699219 0.757812 0.699219 0.753906 0.703125 0.751953 0.703125 0.744141 0.710938 0.744141 0.714844 0.742188 0.716797 0.742188 0.730469 0.744141 0.732422 0.744141 0.734375 0.746094 0.736328 0.746094 0.740234 0.748047 0.742188 0.748047 0.744141 0.753906 0.750000 0.753906 0.751953 0.757812 0.751953 0.759766 0.753906 0.777344 0.753906 0.781250 0.750000 0.783203 0.750000 0.785156 0.748047 0.787109 0.748047 0.789062 0.746094 0.791016 0.746094 0.792969 0.744141 0.794922 0.744141 0.796875 0.742188 0.798828 0.742188 0.798828 0.722656 0.796875 0.720703 0.796875 0.718750 0.792969 0.714844 0.791016 0.714844 0.787109 0.710938 0.785156 0.710938 0.783203 0.708984 0.781250 0.708984 0.779297 0.707031 0.769531 0.707031 0.765625 0.703125 0.765625 0.701172 0.763672 0.699219 0.763672 0.697266
0 0.542969 0.705078 0.542969 0.707031 0.541016 0.708984 0.537109 0.708984 0.537109 0.710938 0.531250 0.716797 0.531250 0.718750 0.527344 0.722656 0.527344 0.740234 0.535156 0.748047 0.535156 0.750000 0.537109 0.750000 0.544922 0.757812 0.546875 0.757812 0.548828 0.759766 0.548828 0.761719 0.550781 0.763672 0.552734 0.763672 0.558594 0.769531 0.560547 0.769531 0.562500 0.771484 0.568359 0.771484 0.570312 0.773438 0.572266 0.773438 0.574219 0.775391 0.583984 0.775391 0.585938 0.777344 0.615234 0.777344 0.615234 0.775391 0.619141 0.771484 0.619141 0.742188 0.617188 0.740234 0.617188 0.738281 0.611328 0.732422 0.611328 0.730469 0.605469 0.724609 0.603516 0.724609 0.601562 0.722656 0.599609 0.722656 0.597656 0.720703 0.593750 0.720703 0.591797 0.718750 0.589844 0.718750 0.587891 0.716797 0.585938 0.716797 0.583984 0.714844 0.580078 0.714844 0.578125 0.712891 0.570312 0.712891 0.566406 0.708984 0.556641 0.708984 0.554688 0.707031 0.548828 0.707031 0.546875 0.705078
0 0.316406 0.716797 0.314453 0.718750 0.304688 0.718750 0.298828 0.724609 0.298828 0.726562 0.296875 0.728516 0.294922 0.728516 0.294922 0.732422 0.291016 0.736328 0.291016 0.769531 0.292969 0.771484 0.292969 0.773438 0.300781 0.781250 0.304688 0.781250 0.306641 0.783203 0.308594 0.783203 0.310547 0.785156 0.312500 0.785156 0.314453 0.787109 0.320312 0.787109 0.322266 0.789062 0.341797 0.789062 0.343750 0.787109 0.345703 0.787109 0.349609 0.783203 0.351562 0.783203 0.357422 0.777344 0.359375 0.777344 0.363281 0.773438 0.363281 0.771484 0.365234 0.769531 0.365234 0.765625 0.367188 0.763672 0.367188 0.757812 0.369141 0.755859 0.369141 0.744141 0.365234 0.740234 0.365234 0.738281 0.363281 0.738281 0.359375 0.734375 0.357422 0.734375 0.355469 0.732422 0.355469 0.730469 0.353516 0.730469 0.351562 0.728516 0.349609 0.728516 0.345703 0.724609 0.341797 0.724609 0.339844 0.722656 0.333984 0.722656 0.332031 0.720703 0.318359 0.720703 0.316406 0.718750
0 0.542969 0.787109 0.541016 0.789062 0.541016 0.800781 0.542969 0.802734 0.542969 0.804688 0.548828 0.810547 0.550781 0.810547 0.552734 0.812500 0.554688 0.812500 0.556641 0.814453 0.574219 0.814453 0.576172 0.812500 0.578125 0.812500 0.578125 0.798828 0.574219 0.794922 0.570312 0.794922 0.568359 0.792969 0.564453 0.792969 0.562500 0.791016 0.554688 0.791016 0.552734 0.789062 0.548828 0.789062 0.546875 0.787109
0 0.664062 0.789062 0.662109 0.791016 0.658203 0.791016 0.656250 0.792969 0.652344 0.792969 0.650391 0.794922 0.648438 0.794922 0.644531 0.798828 0.642578 0.798828 0.636719 0.804688 0.634766 0.804688 0.632812 0.806641 0.630859 0.806641 0.626953 0.810547 0.626953 0.812500 0.625000 0.814453 0.623047 0.814453 0.605469 0.832031 0.605469 0.833984 0.603516 0.835938 0.603516 0.837891 0.601562 0.839844 0.601562 0.857422 0.605469 0.861328 0.605469 0.863281 0.607422 0.865234 0.607422 0.869141 0.609375 0.869141 0.611328 0.871094 0.611328 0.873047 0.613281 0.875000 0.613281 0.876953 0.615234 0.878906 0.615234 0.880859 0.617188 0.880859 0.619141 0.882812 0.619141 0.884766 0.621094 0.884766 0.625000 0.888672 0.626953 0.888672 0.628906 0.890625 0.630859 0.890625 0.632812 0.892578 0.644531 0.892578 0.646484 0.894531 0.671875 0.894531 0.673828 0.892578 0.677734 0.892578 0.679688 0.890625 0.681641 0.890625 0.681641 0.888672 0.683594 0.886719 0.685547 0.886719 0.685547 0.884766 0.691406 0.878906 0.691406 0.876953 0.695312 0.873047 0.695312 0.869141 0.697266 0.867188 0.699219 0.867188 0.699219 0.861328 0.701172 0.859375 0.701172 0.853516 0.703125 0.851562 0.703125 0.804688 0.701172 0.802734 0.701172 0.800781 0.695312 0.794922 0.693359 0.794922 0.691406 0.792969 0.689453 0.792969 0.685547 0.789062
0 0.134766 0.808594 0.132812 0.810547 0.130859 0.810547 0.128906 0.812500 0.126953 0.812500 0.125000 0.814453 0.119141 0.814453 0.117188 0.816406 0.117188 0.818359 0.113281 0.822266 0.111328 0.822266 0.111328 0.824219 0.109375 0.826172 0.109375 0.830078 0.107422 0.832031 0.105469 0.832031 0.105469 0.833984 0.103516 0.835938 0.103516 0.837891 0.101562 0.839844 0.101562 0.853516 0.103516 0.855469 0.103516 0.859375 0.107422 0.863281 0.107422 0.867188 0.113281 0.873047 0.113281 0.875000 0.119141 0.880859 0.121094 0.880859 0.125000 0.884766 0.126953 0.884766 0.128906 0.886719 0.138672 0.886719 0.140625 0.888672 0.164062 0.888672 0.166016 0.886719 0.169922 0.886719 0.171875 0.884766 0.173828 0.884766 0.177734 0.880859 0.179688 0.880859 0.185547 0.875000 0.187500 0.875000 0.193359 0.869141 0.193359 0.867188 0.195312 0.865234 0.195312 0.859375 0.197266 0.857422 0.197266 0.832031 0.195312 0.830078 0.195312 0.824219 0.189453 0.818359 0.189453 0.816406 0.187500 0.816406 0.185547 0.814453 0.183594 0.814453 0.179688 0.810547 0.175781 0.810547 0.173828 0.808594
0 0.503906 0.855469 0.501953 0.857422 0.500000 0.857422 0.500000 0.859375 0.498047 0.861328 0.496094 0.861328 0.490234 0.867188 0.488281 0.867188 0.484375 0.871094 0.482422 0.871094 0.482422 0.876953 0.480469 0.878906 0.480469 0.884766 0.478516 0.886719 0.478516 0.914062 0.480469 0.916016 0.480469 0.917969 0.482422 0.917969 0.484375 0.919922 0.484375 0.921875 0.486328 0.923828 0.490234 0.923828 0.492188 0.925781 0.498047 0.925781 0.500000 0.927734 0.501953 0.927734 0.507812 0.933594 0.509766 0.933594 0.511719 0.935547 0.511719 0.937500 0.513672 0.939453 0.515625 0.939453 0.517578 0.941406 0.517578 0.945312 0.519531 0.947266 0.523438 0.947266 0.527344 0.951172 0.529297 0.951172 0.531250 0.953125 0.552734 0.953125 0.556641 0.949219 0.562500 0.949219 0.564453 0.947266 0.566406 0.947266 0.566406 0.945312 0.574219 0.937500 0.574219 0.935547 0.576172 0.933594 0.576172 0.931641 0.578125 0.929688 0.578125 0.921875 0.580078 0.919922 0.580078 0.888672 0.578125 0.886719 0.578125 0.884766 0.576172 0.882812 0.576172 0.880859 0.574219 0.878906 0.574219 0.876953 0.568359 0.871094 0.566406 0.871094 0.562500 0.867188 0.556641 0.867188 0.554688 0.865234 0.548828 0.865234 0.546875 0.863281 0.544922 0.863281 0.541016 0.859375 0.537109 0.859375 0.535156 0.857422 0.529297 0.857422 0.527344 0.855469
0 0.867188 0.876953 0.865234 0.878906 0.863281 0.878906 0.859375 0.882812 0.855469 0.882812 0.851562 0.886719 0.851562 0.888672 0.849609 0.890625 0.847656 0.890625 0.847656 0.892578 0.845703 0.894531 0.845703 0.896484 0.843750 0.898438 0.841797 0.898438 0.841797 0.900391 0.839844 0.902344 0.839844 0.904297 0.837891 0.906250 0.837891 0.908203 0.833984 0.912109 0.833984 0.916016 0.832031 0.917969 0.832031 0.921875 0.830078 0.923828 0.830078 0.933594 0.828125 0.935547 0.828125 0.958984 0.832031 0.962891 0.832031 0.964844 0.835938 0.964844 0.837891 0.966797 0.841797 0.966797 0.843750 0.968750 0.859375 0.968750 0.861328 0.966797 0.863281 0.966797 0.865234 0.964844 0.869141 0.964844 0.871094 0.962891 0.873047 0.962891 0.875000 0.960938 0.876953 0.960938 0.878906 0.958984 0.880859 0.958984 0.882812 0.957031 0.884766 0.957031 0.888672 0.953125 0.890625 0.953125 0.892578 0.951172 0.894531 0.951172 0.894531 0.949219 0.896484 0.947266 0.898438 0.947266 0.910156 0.935547 0.910156 0.933594 0.912109 0.931641 0.914062 0.931641 0.914062 0.927734 0.916016 0.925781 0.916016 0.923828 0.917969 0.921875 0.917969 0.919922 0.919922 0.917969 0.919922 0.916016 0.921875 0.914062 0.921875 0.892578 0.917969 0.888672 0.916016 0.888672 0.914062 0.886719 0.912109 0.886719 0.910156 0.884766 0.902344 0.884766 0.900391 0.882812 0.896484 0.882812 0.894531 0.880859 0.890625 0.880859 0.888672 0.878906 0.880859 0.878906 0.878906 0.876953
0 0.988281 0.902344 0.988281 0.906250 0.986328 0.908203 0.986328 0.910156 0.984375 0.912109 0.984375 0.914062 0.982422 0.916016 0.982422 0.921875 0.980469 0.923828 0.980469 0.951172 0.984375 0.955078 0.984375 0.957031 0.988281 0.960938 0.990234 0.960938 0.992188 0.962891 0.994141 0.962891 0.998047 0.966797 0.998047 0.968750 0.998047 0.966797 0.996094 0.964844 0.996094 0.951172 0.994141 0.949219 0.994141 0.933594 0.992188 0.931641 0.992188 0.914062 0.990234 0.912109 0.990234 0.902344
0 0.673828 0.914062 0.671875 0.916016 0.669922 0.916016 0.667969 0.917969 0.667969 0.919922 0.664062 0.923828 0.664062 0.925781 0.662109 0.927734 0.662109 0.937500 0.664062 0.939453 0.664062 0.943359 0.666016 0.945312 0.666016 0.947266 0.671875 0.953125 0.671875 0.955078 0.673828 0.957031 0.673828 0.960938 0.675781 0.960938 0.677734 0.962891 0.677734 0.964844 0.681641 0.968750 0.681641 0.970703 0.687500 0.976562 0.689453 0.976562 0.695312 0.982422 0.699219 0.982422 0.701172 0.984375 0.703125 0.984375 0.705078 0.986328 0.708984 0.986328 0.710938 0.988281 0.714844 0.988281 0.716797 0.990234 0.722656 0.990234 0.724609 0.992188 0.726562 0.992188 0.728516 0.994141 0.742188 0.994141 0.744141 0.996094 0.779297 0.996094 0.783203 0.992188 0.785156 0.992188 0.787109 0.990234 0.789062 0.990234 0.791016 0.988281 0.792969 0.988281 0.792969 0.986328 0.794922 0.984375 0.794922 0.976562 0.796875 0.974609 0.796875 0.955078 0.794922 0.953125 0.794922 0.951172 0.792969 0.951172 0.791016 0.949219 0.787109 0.949219 0.781250 0.943359 0.779297 0.943359 0.775391 0.939453 0.773438 0.939453 0.769531 0.935547 0.765625 0.935547 0.761719 0.931641 0.759766 0.931641 0.757812 0.929688 0.755859 0.929688 0.751953 0.925781 0.748047 0.925781 0.746094 0.923828 0.742188 0.923828 0.740234 0.921875 0.740234 0.919922 0.736328 0.919922 0.734375 0.917969 0.730469 0.917969 0.728516 0.916016 0.726562 0.916016 0.724609 0.914062
0 0.441406 0.919922 0.439453 0.921875 0.429688 0.921875 0.427734 0.923828 0.425781 0.923828 0.419922 0.929688 0.417969 0.929688 0.417969 0.931641 0.416016 0.933594 0.416016 0.935547 0.412109 0.939453 0.412109 0.955078 0.414062 0.957031 0.414062 0.966797 0.416016 0.968750 0.416016 0.970703 0.417969 0.972656 0.417969 0.974609 0.419922 0.976562 0.419922 0.978516 0.421875 0.980469 0.421875 0.982422 0.425781 0.986328 0.425781 0.988281 0.427734 0.990234 0.429688 0.990234 0.433594 0.994141 0.476562 0.994141 0.478516 0.996094 0.515625 0.996094 0.517578 0.998047 0.523438 0.998047 0.523438 0.976562 0.521484 0.974609 0.521484 0.966797 0.519531 0.964844 0.519531 0.955078 0.517578 0.953125 0.517578 0.947266 0.515625 0.945312 0.515625 0.941406 0.513672 0.941406 0.509766 0.937500 0.509766 0.935547 0.507812 0.935547 0.501953 0.929688 0.500000 0.929688 0.498047 0.927734 0.492188 0.927734 0.490234 0.925781 0.484375 0.925781 0.482422 0.923828 0.480469 0.923828 0.478516 0.921875 0.470703 0.921875 0.468750 0.919922
0 0.210938 0.957031 0.208984 0.958984 0.205078 0.958984 0.201172 0.962891 0.199219 0.962891 0.197266 0.964844 0.195312 0.964844 0.193359 0.966797 0.191406 0.966797 0.187500 0.970703 0.185547 0.970703 0.181641 0.974609 0.179688 0.974609 0.177734 0.976562 0.173828 0.976562 0.169922 0.980469 0.167969 0.980469 0.164062 0.984375 0.158203 0.984375 0.156250 0.986328 0.152344 0.986328 0.150391 0.988281 0.148438 0.988281 0.146484 0.990234 0.144531 0.990234 0.167969 0.990234 0.169922 0.992188 0.197266 0.992188 0.199219 0.994141 0.228516 0.994141 0.230469 0.996094 0.232422 0.996094 0.232422 0.988281 0.234375 0.986328 0.234375 0.962891 0.232422 0.960938 0.232422 0.957031
0 0.107422 0.970703 0.105469 0.972656 0.103516 0.972656 0.101562 0.974609 0.099609 0.974609 0.097656 0.976562 0.097656 0.978516 0.095703 0.980469 0.095703 0.982422 0.093750 0.984375 0.091797 0.984375 0.091797 0.988281 0.089844 0.990234 0.089844 0.994141 0.111328 0.994141 0.113281 0.996094 0.138672 0.996094 0.140625 0.998047 0.138672 0.996094 0.138672 0.992188 0.136719 0.990234 0.136719 0.988281 0.132812 0.984375 0.132812 0.982422 0.128906 0.978516 0.128906 0.976562 0.126953 0.976562 0.121094 0.970703
