0 0.332031 0.000000 0.333984 0.000000 0.337891 0.003906 0.339844 0.003906 0.341797 0.005859 0.345703 0.005859 0.349609 0.009766 0.357422 0.009766 0.359375 0.011719 0.373047 0.011719 0.375000 0.013672 0.388672 0.013672 0.390625 0.011719 0.394531 0.011719 0.396484 0.009766 0.400391 0.009766 0.404297 0.005859 0.404297 0.003906 0.406250 0.001953 0.406250 0.000000
0 0.966797 0.000000 0.968750 0.001953 0.968750 0.003906 0.970703 0.005859 0.970703 0.009766 0.972656 0.009766 0.974609 0.011719 0.974609 0.013672 0.978516 0.017578 0.986328 0.017578 0.988281 0.019531 0.994141 0.019531 0.996094 0.021484 0.998047 0.021484 0.998047 0.000000
0 0.162109 0.000000 0.164062 0.001953 0.164062 0.005859 0.166016 0.007812 0.166016 0.009766 0.167969 0.009766 0.177734 0.019531 0.179688 0.019531 0.181641 0.021484 0.185547 0.021484 0.187500 0.023438 0.197266 0.023438 0.201172 0.019531 0.203125 0.019531 0.205078 0.017578 0.218750 0.017578 0.218750 0.015625 0.220703 0.013672 0.222656 0.013672 0.222656 0.003906 0.220703 0.001953 0.220703 0.000000
0 0.253906 0.000000 0.253906 0.011719 0.255859 0.013672 0.255859 0.015625 0.259766 0.019531 0.261719 0.019531 0.265625 0.023438 0.287109 0.023438 0.289062 0.021484 0.291016 0.021484 0.292969 0.019531 0.294922 0.019531 0.296875 0.017578 0.298828 0.017578 0.300781 0.015625 0.302734 0.015625 0.306641 0.011719 0.308594 0.011719 0.316406 0.003906 0.318359 0.003906 0.318359 0.000000
0 0.570312 0.000000 0.570312 0.005859 0.572266 0.007812 0.572266 0.019531 0.574219 0.021484 0.574219 0.023438 0.578125 0.027344 0.595703 0.027344 0.597656 0.025391 0.599609 0.025391 0.601562 0.023438 0.605469 0.023438 0.607422 0.021484 0.609375 0.021484 0.611328 0.019531 0.617188 0.019531 0.619141 0.017578 0.621094 0.017578 0.623047 0.015625 0.628906 0.015625 0.628906 0.013672 0.630859 0.011719 0.630859 0.000000
0 0.443359 0.000000 0.443359 0.005859 0.445312 0.007812 0.445312 0.015625 0.449219 0.019531 0.449219 0.021484 0.453125 0.025391 0.453125 0.027344 0.457031 0.031250 0.458984 0.031250 0.460938 0.033203 0.488281 0.033203 0.490234 0.031250 0.494141 0.031250 0.496094 0.029297 0.498047 0.029297 0.501953 0.025391 0.501953 0.023438 0.507812 0.017578 0.507812 0.015625 0.509766 0.013672 0.509766 0.000000
0 0.687500 0.007812 0.685547 0.009766 0.679688 0.009766 0.679688 0.011719 0.677734 0.013672 0.673828 0.013672 0.667969 0.019531 0.666016 0.019531 0.662109 0.023438 0.662109 0.025391 0.660156 0.027344 0.660156 0.029297 0.658203 0.031250 0.658203 0.033203 0.660156 0.035156 0.660156 0.037109 0.662109 0.039062 0.662109 0.042969 0.666016 0.046875 0.667969 0.046875 0.669922 0.048828 0.669922 0.050781 0.671875 0.050781 0.673828 0.052734 0.675781 0.052734 0.677734 0.054688 0.679688 0.054688 0.681641 0.056641 0.683594 0.056641 0.685547 0.058594 0.707031 0.058594 0.708984 0.056641 0.710938 0.056641 0.712891 0.054688 0.724609 0.054688 0.726562 0.052734 0.726562 0.037109 0.722656 0.033203 0.722656 0.025391 0.718750 0.021484 0.718750 0.019531 0.714844 0.015625 0.714844 0.013672 0.712891 0.013672 0.710938 0.011719 0.708984 0.011719 0.707031 0.009766 0.703125 0.009766 0.701172 0.007812
0 0.406250 0.011719 0.402344 0.015625 0.400391 0.015625 0.398438 0.017578 0.394531 0.017578 0.388672 0.023438 0.388672 0.025391 0.384766 0.029297 0.384766 0.031250 0.380859 0.035156 0.380859 0.056641 0.382812 0.058594 0.382812 0.062500 0.388672 0.068359 0.388672 0.070312 0.390625 0.070312 0.394531 0.074219 0.396484 0.074219 0.398438 0.076172 0.410156 0.076172 0.412109 0.074219 0.416016 0.074219 0.417969 0.072266 0.419922 0.072266 0.419922 0.070312 0.421875 0.068359 0.421875 0.066406 0.423828 0.064453 0.423828 0.062500 0.425781 0.060547 0.425781 0.058594 0.427734 0.056641 0.427734 0.046875 0.429688 0.044922 0.429688 0.033203 0.427734 0.031250 0.427734 0.019531 0.421875 0.013672 0.417969 0.013672 0.416016 0.011719
0 0.205078 0.019531 0.203125 0.021484 0.201172 0.021484 0.199219 0.023438 0.199219 0.029297 0.201172 0.031250 0.201172 0.035156 0.203125 0.037109 0.203125 0.039062 0.205078 0.041016 0.205078 0.044922 0.208984 0.048828 0.208984 0.050781 0.220703 0.062500 0.222656 0.062500 0.226562 0.066406 0.228516 0.066406 0.232422 0.070312 0.236328 0.070312 0.238281 0.072266 0.250000 0.072266 0.253906 0.068359 0.255859 0.068359 0.255859 0.066406 0.263672 0.058594 0.263672 0.056641 0.261719 0.054688 0.261719 0.048828 0.259766 0.046875 0.259766 0.041016 0.257812 0.039062 0.257812 0.037109 0.255859 0.035156 0.255859 0.033203 0.248047 0.025391 0.244141 0.025391 0.242188 0.023438 0.236328 0.023438 0.234375 0.021484 0.228516 0.021484 0.226562 0.019531
0 0.972656 0.019531 0.970703 0.021484 0.968750 0.021484 0.962891 0.027344 0.962891 0.031250 0.960938 0.033203 0.958984 0.033203 0.958984 0.052734 0.962891 0.056641 0.962891 0.062500 0.964844 0.064453 0.964844 0.066406 0.966797 0.068359 0.968750 0.068359 0.970703 0.070312 0.972656 0.070312 0.974609 0.072266 0.976562 0.072266 0.978516 0.074219 0.980469 0.074219 0.982422 0.076172 0.984375 0.076172 0.986328 0.078125 0.998047 0.078125 0.998047 0.025391 0.994141 0.021484 0.988281 0.021484 0.986328 0.019531
0 0.048828 0.019531 0.046875 0.021484 0.044922 0.021484 0.041016 0.025391 0.039062 0.025391 0.039062 0.029297 0.037109 0.031250 0.037109 0.035156 0.035156 0.037109 0.035156 0.041016 0.033203 0.042969 0.033203 0.044922 0.031250 0.046875 0.031250 0.070312 0.033203 0.072266 0.033203 0.074219 0.035156 0.076172 0.035156 0.078125 0.037109 0.080078 0.039062 0.080078 0.042969 0.083984 0.044922 0.083984 0.046875 0.085938 0.052734 0.085938 0.056641 0.082031 0.060547 0.082031 0.062500 0.080078 0.066406 0.080078 0.068359 0.078125 0.074219 0.078125 0.076172 0.076172 0.076172 0.074219 0.078125 0.072266 0.078125 0.070312 0.080078 0.068359 0.080078 0.064453 0.082031 0.062500 0.082031 0.046875 0.080078 0.044922 0.080078 0.037109 0.078125 0.035156 0.078125 0.033203 0.076172 0.031250 0.076172 0.029297 0.072266 0.025391 0.070312 0.025391 0.066406 0.021484 0.060547 0.021484 0.058594 0.019531
0 0.611328 0.025391 0.609375 0.027344 0.607422 0.027344 0.605469 0.029297 0.603516 0.029297 0.601562 0.031250 0.599609 0.031250 0.599609 0.033203 0.597656 0.035156 0.597656 0.064453 0.599609 0.066406 0.599609 0.078125 0.601562 0.080078 0.601562 0.082031 0.603516 0.083984 0.603516 0.087891 0.605469 0.087891 0.609375 0.091797 0.628906 0.091797 0.634766 0.085938 0.636719 0.085938 0.636719 0.083984 0.638672 0.082031 0.642578 0.082031 0.644531 0.080078 0.648438 0.080078 0.650391 0.078125 0.654297 0.078125 0.660156 0.072266 0.660156 0.039062 0.658203 0.037109 0.658203 0.035156 0.652344 0.029297 0.648438 0.029297 0.646484 0.027344 0.644531 0.027344 0.642578 0.025391
0 0.304688 0.035156 0.302734 0.037109 0.294922 0.037109 0.291016 0.041016 0.289062 0.041016 0.289062 0.042969 0.281250 0.050781 0.281250 0.052734 0.279297 0.054688 0.279297 0.068359 0.281250 0.070312 0.281250 0.074219 0.285156 0.078125 0.285156 0.080078 0.292969 0.087891 0.294922 0.087891 0.298828 0.091797 0.320312 0.091797 0.322266 0.089844 0.326172 0.089844 0.328125 0.087891 0.330078 0.087891 0.337891 0.080078 0.337891 0.058594 0.335938 0.056641 0.335938 0.054688 0.333984 0.052734 0.333984 0.048828 0.324219 0.039062 0.322266 0.039062 0.320312 0.037109 0.318359 0.037109 0.316406 0.035156
0 0.466797 0.035156 0.464844 0.037109 0.460938 0.037109 0.458984 0.039062 0.457031 0.039062 0.449219 0.046875 0.449219 0.050781 0.447266 0.052734 0.447266 0.056641 0.445312 0.058594 0.445312 0.064453 0.447266 0.066406 0.447266 0.076172 0.449219 0.078125 0.449219 0.083984 0.451172 0.085938 0.451172 0.087891 0.455078 0.091797 0.462891 0.091797 0.464844 0.093750 0.472656 0.093750 0.474609 0.095703 0.490234 0.095703 0.492188 0.097656 0.505859 0.097656 0.509766 0.093750 0.509766 0.091797 0.511719 0.089844 0.511719 0.085938 0.513672 0.083984 0.513672 0.060547 0.511719 0.058594 0.511719 0.050781 0.509766 0.048828 0.509766 0.046875 0.507812 0.044922 0.507812 0.042969 0.501953 0.037109 0.500000 0.037109 0.498047 0.035156
0 0.000000 0.041016 0.000000 0.132812 0.001953 0.134766 0.007812 0.134766 0.009766 0.136719 0.011719 0.136719 0.013672 0.138672 0.027344 0.138672 0.027344 0.123047 0.029297 0.121094 0.029297 0.119141 0.033203 0.115234 0.031250 0.113281 0.031250 0.105469 0.029297 0.103516 0.029297 0.101562 0.027344 0.099609 0.027344 0.097656 0.025391 0.095703 0.025391 0.093750 0.021484 0.089844 0.021484 0.087891 0.017578 0.083984 0.017578 0.082031 0.013672 0.078125 0.013672 0.074219 0.011719 0.072266 0.011719 0.066406 0.009766 0.064453 0.009766 0.054688 0.007812 0.052734 0.007812 0.048828 0.005859 0.046875 0.005859 0.044922 0.003906 0.044922
0 0.160156 0.062500 0.158203 0.064453 0.156250 0.064453 0.156250 0.066406 0.154297 0.068359 0.154297 0.070312 0.152344 0.072266 0.152344 0.074219 0.150391 0.076172 0.150391 0.085938 0.152344 0.087891 0.152344 0.091797 0.154297 0.093750 0.154297 0.097656 0.158203 0.101562 0.158203 0.105469 0.160156 0.107422 0.160156 0.109375 0.162109 0.111328 0.162109 0.113281 0.164062 0.115234 0.164062 0.119141 0.166016 0.121094 0.166016 0.125000 0.167969 0.126953 0.167969 0.130859 0.169922 0.132812 0.169922 0.134766 0.175781 0.134766 0.177734 0.132812 0.181641 0.132812 0.183594 0.130859 0.185547 0.130859 0.193359 0.123047 0.193359 0.121094 0.195312 0.119141 0.195312 0.115234 0.197266 0.113281 0.197266 0.111328 0.199219 0.109375 0.199219 0.083984 0.197266 0.082031 0.197266 0.078125 0.187500 0.068359 0.183594 0.068359 0.179688 0.064453 0.171875 0.064453 0.169922 0.062500
0 0.673828 0.076172 0.671875 0.078125 0.656250 0.078125 0.654297 0.080078 0.650391 0.080078 0.648438 0.082031 0.644531 0.082031 0.642578 0.083984 0.638672 0.083984 0.638672 0.085938 0.636719 0.087891 0.634766 0.087891 0.630859 0.091797 0.630859 0.107422 0.632812 0.109375 0.634766 0.109375 0.638672 0.113281 0.640625 0.113281 0.642578 0.115234 0.644531 0.115234 0.646484 0.117188 0.652344 0.117188 0.654297 0.119141 0.656250 0.119141 0.658203 0.121094 0.664062 0.121094 0.666016 0.123047 0.667969 0.123047 0.669922 0.125000 0.675781 0.125000 0.677734 0.126953 0.679688 0.126953 0.681641 0.128906 0.689453 0.128906 0.691406 0.126953 0.695312 0.126953 0.697266 0.125000 0.703125 0.125000 0.703125 0.123047 0.705078 0.121094 0.708984 0.121094 0.708984 0.119141 0.710938 0.117188 0.712891 0.117188 0.716797 0.113281 0.716797 0.111328 0.718750 0.109375 0.718750 0.103516 0.720703 0.101562 0.720703 0.099609 0.718750 0.097656 0.718750 0.085938 0.714844 0.082031 0.714844 0.080078 0.712891 0.080078 0.710938 0.078125 0.708984 0.078125 0.707031 0.076172
0 0.068359 0.080078 0.066406 0.082031 0.062500 0.082031 0.060547 0.083984 0.056641 0.083984 0.050781 0.089844 0.048828 0.089844 0.048828 0.091797 0.046875 0.093750 0.044922 0.093750 0.044922 0.095703 0.041016 0.099609 0.041016 0.103516 0.039062 0.105469 0.039062 0.107422 0.037109 0.109375 0.037109 0.111328 0.035156 0.113281 0.035156 0.115234 0.031250 0.119141 0.031250 0.121094 0.029297 0.123047 0.029297 0.134766 0.031250 0.132812 0.037109 0.132812 0.039062 0.130859 0.041016 0.130859 0.044922 0.134766 0.046875 0.134766 0.056641 0.144531 0.060547 0.144531 0.062500 0.142578 0.068359 0.142578 0.070312 0.140625 0.074219 0.140625 0.080078 0.134766 0.082031 0.134766 0.083984 0.132812 0.087891 0.132812 0.093750 0.126953 0.093750 0.125000 0.097656 0.121094 0.097656 0.107422 0.095703 0.105469 0.095703 0.097656 0.093750 0.095703 0.093750 0.091797 0.089844 0.087891 0.089844 0.085938 0.087891 0.085938 0.085938 0.083984 0.085938 0.082031 0.083984 0.082031 0.082031 0.080078
0 0.251953 0.126953 0.250000 0.128906 0.248047 0.128906 0.246094 0.130859 0.246094 0.160156 0.248047 0.162109 0.253906 0.162109 0.255859 0.164062 0.259766 0.164062 0.261719 0.162109 0.261719 0.156250 0.263672 0.154297 0.263672 0.144531 0.261719 0.142578 0.261719 0.140625 0.259766 0.138672 0.259766 0.132812 0.257812 0.130859 0.257812 0.128906 0.255859 0.126953
0 0.341797 0.115234 0.339844 0.117188 0.335938 0.117188 0.333984 0.119141 0.330078 0.119141 0.328125 0.121094 0.326172 0.121094 0.326172 0.123047 0.322266 0.126953 0.322266 0.128906 0.320312 0.130859 0.320312 0.132812 0.318359 0.134766 0.318359 0.146484 0.316406 0.148438 0.316406 0.152344 0.318359 0.154297 0.318359 0.160156 0.320312 0.160156 0.326172 0.166016 0.328125 0.166016 0.330078 0.167969 0.332031 0.167969 0.333984 0.169922 0.337891 0.169922 0.339844 0.171875 0.341797 0.171875 0.343750 0.173828 0.347656 0.173828 0.349609 0.175781 0.355469 0.175781 0.357422 0.177734 0.378906 0.177734 0.380859 0.175781 0.384766 0.175781 0.390625 0.169922 0.390625 0.160156 0.388672 0.160156 0.386719 0.158203 0.384766 0.158203 0.382812 0.156250 0.380859 0.156250 0.378906 0.154297 0.376953 0.154297 0.371094 0.148438 0.371094 0.146484 0.367188 0.142578 0.367188 0.140625 0.365234 0.138672 0.365234 0.136719 0.363281 0.134766 0.363281 0.130859 0.361328 0.128906 0.361328 0.126953 0.359375 0.125000 0.359375 0.121094 0.355469 0.117188 0.349609 0.117188 0.347656 0.115234
0 0.880859 0.126953 0.878906 0.128906 0.873047 0.128906 0.871094 0.130859 0.869141 0.130859 0.867188 0.132812 0.865234 0.132812 0.857422 0.140625 0.855469 0.140625 0.855469 0.156250 0.853516 0.158203 0.853516 0.181641 0.859375 0.187500 0.886719 0.187500 0.898438 0.175781 0.898438 0.173828 0.900391 0.171875 0.900391 0.150391 0.898438 0.148438 0.898438 0.144531 0.894531 0.140625 0.894531 0.138672 0.890625 0.134766 0.890625 0.130859 0.886719 0.126953
0 0.039062 0.132812 0.037109 0.134766 0.031250 0.134766 0.029297 0.136719 0.029297 0.138672 0.027344 0.140625 0.027344 0.148438 0.025391 0.150391 0.025391 0.160156 0.027344 0.162109 0.027344 0.179688 0.029297 0.181641 0.029297 0.183594 0.031250 0.185547 0.031250 0.187500 0.033203 0.189453 0.033203 0.191406 0.035156 0.193359 0.035156 0.195312 0.041016 0.201172 0.044922 0.201172 0.044922 0.187500 0.046875 0.185547 0.046875 0.181641 0.052734 0.175781 0.054688 0.175781 0.056641 0.173828 0.058594 0.173828 0.060547 0.171875 0.060547 0.154297 0.058594 0.152344 0.058594 0.148438 0.046875 0.136719 0.044922 0.136719 0.041016 0.132812
0 0.246094 0.164062 0.244141 0.166016 0.238281 0.166016 0.236328 0.167969 0.234375 0.167969 0.232422 0.169922 0.234375 0.169922 0.236328 0.171875 0.238281 0.171875 0.244141 0.177734 0.244141 0.179688 0.246094 0.181641 0.246094 0.189453 0.244141 0.191406 0.244141 0.210938 0.242188 0.212891 0.242188 0.216797 0.244141 0.218750 0.253906 0.218750 0.255859 0.216797 0.263672 0.216797 0.265625 0.214844 0.267578 0.214844 0.277344 0.205078 0.277344 0.203125 0.279297 0.201172 0.279297 0.189453 0.277344 0.187500 0.277344 0.183594 0.275391 0.181641 0.275391 0.177734 0.271484 0.173828 0.269531 0.173828 0.263672 0.167969 0.261719 0.167969 0.259766 0.166016 0.255859 0.166016 0.253906 0.164062
0 0.429688 0.160156 0.425781 0.164062 0.423828 0.164062 0.423828 0.166016 0.421875 0.167969 0.419922 0.167969 0.419922 0.169922 0.417969 0.171875 0.414062 0.171875 0.414062 0.173828 0.412109 0.175781 0.412109 0.177734 0.408203 0.181641 0.408203 0.183594 0.404297 0.187500 0.404297 0.189453 0.400391 0.193359 0.400391 0.197266 0.396484 0.201172 0.396484 0.205078 0.394531 0.207031 0.394531 0.208984 0.392578 0.210938 0.392578 0.212891 0.390625 0.214844 0.390625 0.228516 0.394531 0.232422 0.402344 0.232422 0.404297 0.230469 0.406250 0.230469 0.410156 0.226562 0.412109 0.226562 0.416016 0.222656 0.419922 0.222656 0.423828 0.218750 0.425781 0.218750 0.427734 0.216797 0.429688 0.216797 0.435547 0.210938 0.435547 0.208984 0.439453 0.205078 0.439453 0.203125 0.441406 0.201172 0.441406 0.199219 0.443359 0.197266 0.443359 0.193359 0.445312 0.191406 0.445312 0.189453 0.447266 0.187500 0.447266 0.183594 0.449219 0.181641 0.449219 0.167969 0.447266 0.166016 0.447266 0.164062 0.445312 0.162109 0.443359 0.162109 0.441406 0.160156
0 0.929688 0.183594 0.925781 0.187500 0.925781 0.191406 0.927734 0.193359 0.927734 0.199219 0.929688 0.201172 0.929688 0.203125 0.935547 0.208984 0.937500 0.208984 0.941406 0.212891 0.943359 0.212891 0.947266 0.216797 0.960938 0.216797 0.964844 0.212891 0.966797 0.212891 0.966797 0.201172 0.962891 0.197266 0.960938 0.197266 0.958984 0.195312 0.957031 0.195312 0.953125 0.191406 0.951172 0.191406 0.949219 0.189453 0.945312 0.189453 0.943359 0.187500 0.941406 0.187500 0.939453 0.185547 0.935547 0.185547 0.933594 0.183594
0 0.220703 0.169922 0.218750 0.171875 0.212891 0.171875 0.210938 0.173828 0.208984 0.173828 0.207031 0.175781 0.203125 0.175781 0.201172 0.177734 0.201172 0.179688 0.197266 0.183594 0.197266 0.187500 0.195312 0.189453 0.195312 0.205078 0.197266 0.207031 0.197266 0.214844 0.199219 0.216797 0.199219 0.224609 0.201172 0.226562 0.201172 0.228516 0.205078 0.232422 0.207031 0.232422 0.208984 0.234375 0.212891 0.234375 0.214844 0.236328 0.222656 0.236328 0.224609 0.234375 0.228516 0.234375 0.230469 0.232422 0.232422 0.232422 0.236328 0.228516 0.236328 0.224609 0.238281 0.222656 0.238281 0.220703 0.240234 0.218750 0.240234 0.212891 0.242188 0.210938 0.242188 0.191406 0.244141 0.189453 0.244141 0.181641 0.242188 0.179688 0.242188 0.177734 0.238281 0.173828 0.236328 0.173828 0.234375 0.171875 0.232422 0.171875 0.230469 0.169922
0 0.060547 0.173828 0.058594 0.175781 0.056641 0.175781 0.054688 0.177734 0.052734 0.177734 0.048828 0.181641 0.048828 0.185547 0.046875 0.187500 0.046875 0.208984 0.048828 0.210938 0.048828 0.214844 0.050781 0.216797 0.050781 0.218750 0.052734 0.220703 0.052734 0.222656 0.060547 0.230469 0.062500 0.230469 0.066406 0.234375 0.068359 0.234375 0.072266 0.238281 0.083984 0.238281 0.085938 0.236328 0.089844 0.236328 0.091797 0.234375 0.093750 0.234375 0.097656 0.230469 0.097656 0.228516 0.099609 0.226562 0.099609 0.208984 0.097656 0.207031 0.097656 0.205078 0.095703 0.203125 0.095703 0.199219 0.093750 0.197266 0.093750 0.195312 0.091797 0.193359 0.091797 0.191406 0.085938 0.185547 0.085938 0.183594 0.083984 0.183594 0.076172 0.175781 0.074219 0.175781 0.072266 0.173828
0 0.310547 0.216797 0.308594 0.218750 0.300781 0.218750 0.298828 0.220703 0.294922 0.220703 0.289062 0.226562 0.289062 0.228516 0.287109 0.230469 0.287109 0.236328 0.285156 0.238281 0.289062 0.238281 0.291016 0.240234 0.292969 0.240234 0.294922 0.242188 0.296875 0.242188 0.304688 0.250000 0.304688 0.253906 0.306641 0.255859 0.306641 0.261719 0.308594 0.263672 0.308594 0.265625 0.312500 0.265625 0.314453 0.267578 0.324219 0.267578 0.326172 0.265625 0.343750 0.265625 0.345703 0.267578 0.355469 0.267578 0.357422 0.269531 0.359375 0.269531 0.361328 0.267578 0.363281 0.267578 0.365234 0.265625 0.369141 0.265625 0.371094 0.263672 0.371094 0.261719 0.375000 0.257812 0.375000 0.248047 0.373047 0.246094 0.373047 0.228516 0.371094 0.226562 0.371094 0.220703 0.367188 0.216797
0 0.000000 0.216797 0.000000 0.279297 0.003906 0.279297 0.019531 0.263672 0.019531 0.259766 0.021484 0.257812 0.021484 0.255859 0.023438 0.253906 0.023438 0.238281 0.017578 0.232422 0.015625 0.232422 0.013672 0.230469 0.009766 0.230469 0.007812 0.228516 0.005859 0.228516 0.003906 0.226562 0.003906 0.224609 0.000000 0.220703
0 0.679688 0.226562 0.679688 0.228516 0.677734 0.230469 0.677734 0.257812 0.679688 0.259766 0.679688 0.263672 0.683594 0.267578 0.683594 0.269531 0.685547 0.269531 0.687500 0.271484 0.687500 0.273438 0.697266 0.283203 0.718750 0.283203 0.718750 0.267578 0.716797 0.265625 0.716797 0.261719 0.714844 0.259766 0.714844 0.255859 0.712891 0.253906 0.712891 0.251953 0.710938 0.250000 0.710938 0.246094 0.705078 0.240234 0.703125 0.240234 0.689453 0.226562
0 0.273438 0.238281 0.263672 0.248047 0.263672 0.250000 0.255859 0.257812 0.255859 0.261719 0.248047 0.269531 0.248047 0.271484 0.244141 0.275391 0.244141 0.281250 0.251953 0.281250 0.253906 0.283203 0.261719 0.283203 0.263672 0.285156 0.265625 0.285156 0.267578 0.287109 0.269531 0.287109 0.273438 0.291016 0.273438 0.300781 0.275391 0.300781 0.277344 0.298828 0.283203 0.298828 0.285156 0.296875 0.287109 0.296875 0.289062 0.294922 0.292969 0.294922 0.294922 0.292969 0.296875 0.292969 0.302734 0.287109 0.302734 0.275391 0.304688 0.273438 0.304688 0.267578 0.306641 0.265625 0.306641 0.263672 0.304688 0.261719 0.304688 0.255859 0.302734 0.253906 0.302734 0.250000 0.296875 0.244141 0.294922 0.244141 0.292969 0.242188 0.291016 0.242188 0.289062 0.240234 0.281250 0.240234 0.279297 0.238281
0 0.763672 0.253906 0.761719 0.255859 0.761719 0.259766 0.759766 0.261719 0.759766 0.289062 0.761719 0.291016 0.761719 0.292969 0.763672 0.294922 0.765625 0.294922 0.767578 0.296875 0.775391 0.296875 0.777344 0.294922 0.794922 0.294922 0.796875 0.296875 0.808594 0.296875 0.810547 0.298828 0.814453 0.298828 0.816406 0.296875 0.818359 0.296875 0.820312 0.294922 0.822266 0.294922 0.822266 0.292969 0.824219 0.291016 0.824219 0.285156 0.822266 0.283203 0.822266 0.281250 0.820312 0.279297 0.820312 0.277344 0.818359 0.275391 0.816406 0.275391 0.814453 0.273438 0.812500 0.273438 0.810547 0.271484 0.808594 0.271484 0.796875 0.259766 0.794922 0.259766 0.792969 0.257812 0.791016 0.257812 0.787109 0.253906
0 0.244141 0.283203 0.242188 0.285156 0.238281 0.285156 0.234375 0.289062 0.230469 0.289062 0.226562 0.292969 0.224609 0.292969 0.224609 0.296875 0.222656 0.298828 0.222656 0.302734 0.220703 0.304688 0.220703 0.314453 0.222656 0.316406 0.222656 0.318359 0.228516 0.324219 0.228516 0.326172 0.230469 0.326172 0.234375 0.330078 0.240234 0.330078 0.242188 0.332031 0.244141 0.332031 0.246094 0.330078 0.255859 0.330078 0.257812 0.328125 0.259766 0.328125 0.261719 0.326172 0.263672 0.326172 0.267578 0.322266 0.269531 0.322266 0.269531 0.320312 0.271484 0.318359 0.271484 0.312500 0.273438 0.310547 0.273438 0.302734 0.271484 0.300781 0.271484 0.291016 0.269531 0.289062 0.267578 0.289062 0.265625 0.287109 0.263672 0.287109 0.261719 0.285156 0.253906 0.285156 0.251953 0.283203
0 0.501953 0.289062 0.498047 0.292969 0.496094 0.292969 0.496094 0.296875 0.494141 0.298828 0.494141 0.310547 0.496094 0.312500 0.496094 0.316406 0.509766 0.330078 0.517578 0.330078 0.519531 0.332031 0.523438 0.332031 0.525391 0.333984 0.541016 0.333984 0.544922 0.330078 0.546875 0.330078 0.548828 0.328125 0.548828 0.326172 0.552734 0.322266 0.552734 0.310547 0.550781 0.308594 0.550781 0.304688 0.546875 0.300781 0.544922 0.300781 0.541016 0.296875 0.537109 0.296875 0.535156 0.294922 0.529297 0.294922 0.527344 0.292969 0.523438 0.292969 0.521484 0.291016 0.517578 0.291016 0.515625 0.289062
0 0.058594 0.283203 0.056641 0.285156 0.052734 0.285156 0.044922 0.292969 0.044922 0.296875 0.042969 0.298828 0.042969 0.302734 0.041016 0.304688 0.041016 0.328125 0.044922 0.332031 0.044922 0.335938 0.046875 0.337891 0.050781 0.337891 0.052734 0.339844 0.054688 0.339844 0.056641 0.341797 0.060547 0.341797 0.062500 0.343750 0.066406 0.343750 0.068359 0.345703 0.072266 0.345703 0.074219 0.343750 0.076172 0.343750 0.078125 0.341797 0.082031 0.341797 0.083984 0.339844 0.085938 0.339844 0.087891 0.337891 0.087891 0.335938 0.093750 0.330078 0.093750 0.328125 0.095703 0.326172 0.095703 0.324219 0.097656 0.322266 0.097656 0.310547 0.095703 0.308594 0.095703 0.304688 0.093750 0.302734 0.093750 0.300781 0.085938 0.292969 0.085938 0.291016 0.083984 0.289062 0.082031 0.289062 0.080078 0.287109 0.078125 0.287109 0.076172 0.285156 0.074219 0.285156 0.072266 0.283203
0 0.898438 0.294922 0.894531 0.298828 0.894531 0.312500 0.898438 0.316406 0.898438 0.318359 0.906250 0.326172 0.908203 0.326172 0.912109 0.330078 0.914062 0.330078 0.916016 0.332031 0.919922 0.332031 0.921875 0.330078 0.921875 0.328125 0.919922 0.326172 0.919922 0.320312 0.917969 0.318359 0.917969 0.316406 0.914062 0.312500 0.914062 0.310547 0.910156 0.306641 0.910156 0.304688 0.908203 0.304688
0 0.320312 0.294922 0.318359 0.296875 0.316406 0.296875 0.316406 0.298828 0.312500 0.302734 0.312500 0.304688 0.310547 0.306641 0.310547 0.310547 0.308594 0.312500 0.308594 0.322266 0.310547 0.324219 0.310547 0.328125 0.312500 0.330078 0.312500 0.332031 0.314453 0.332031 0.316406 0.333984 0.318359 0.333984 0.320312 0.335938 0.322266 0.335938 0.324219 0.337891 0.326172 0.337891 0.337891 0.349609 0.349609 0.349609 0.351562 0.347656 0.357422 0.347656 0.359375 0.345703 0.363281 0.345703 0.365234 0.343750 0.365234 0.330078 0.363281 0.328125 0.363281 0.326172 0.361328 0.324219 0.361328 0.320312 0.357422 0.316406 0.357422 0.312500 0.353516 0.308594 0.353516 0.306641 0.349609 0.302734 0.349609 0.300781 0.343750 0.294922
0 0.005859 0.333984 0.003906 0.335938 0.000000 0.335938 0.000000 0.363281 0.027344 0.363281 0.029297 0.365234 0.031250 0.365234 0.033203 0.363281 0.039062 0.363281 0.042969 0.359375 0.044922 0.359375 0.044922 0.357422 0.046875 0.355469 0.046875 0.347656 0.044922 0.345703 0.044922 0.341797 0.042969 0.339844 0.042969 0.337891 0.041016 0.337891 0.039062 0.335938 0.037109 0.335938 0.035156 0.333984
0 0.248047 0.333984 0.246094 0.335938 0.244141 0.335938 0.244141 0.347656 0.250000 0.353516 0.250000 0.355469 0.255859 0.361328 0.255859 0.363281 0.257812 0.363281 0.261719 0.367188 0.267578 0.367188 0.269531 0.369141 0.289062 0.369141 0.291016 0.367188 0.296875 0.367188 0.298828 0.365234 0.298828 0.363281 0.300781 0.361328 0.300781 0.357422 0.298828 0.355469 0.298828 0.353516 0.296875 0.351562 0.296875 0.345703 0.292969 0.341797 0.291016 0.341797 0.289062 0.339844 0.285156 0.339844 0.283203 0.337891 0.275391 0.337891 0.271484 0.333984
0 0.183594 0.333984 0.181641 0.335938 0.179688 0.335938 0.166016 0.349609 0.166016 0.353516 0.164062 0.355469 0.164062 0.369141 0.166016 0.371094 0.166016 0.375000 0.171875 0.380859 0.175781 0.380859 0.177734 0.382812 0.199219 0.382812 0.201172 0.380859 0.203125 0.380859 0.205078 0.378906 0.208984 0.378906 0.216797 0.371094 0.216797 0.369141 0.220703 0.365234 0.220703 0.361328 0.222656 0.359375 0.222656 0.347656 0.220703 0.345703 0.220703 0.341797 0.214844 0.335938 0.212891 0.335938 0.210938 0.333984
0 0.453125 0.328125 0.451172 0.330078 0.451172 0.332031 0.449219 0.333984 0.449219 0.341797 0.447266 0.343750 0.447266 0.347656 0.445312 0.349609 0.445312 0.357422 0.464844 0.357422 0.478516 0.371094 0.478516 0.388672 0.480469 0.390625 0.488281 0.390625 0.490234 0.388672 0.492188 0.388672 0.494141 0.386719 0.496094 0.386719 0.501953 0.380859 0.503906 0.380859 0.505859 0.378906 0.507812 0.378906 0.511719 0.375000 0.513672 0.375000 0.515625 0.373047 0.515625 0.371094 0.519531 0.367188 0.519531 0.357422 0.513672 0.351562 0.511719 0.351562 0.507812 0.347656 0.505859 0.347656 0.503906 0.345703 0.501953 0.345703 0.500000 0.343750 0.498047 0.343750 0.496094 0.341797 0.494141 0.341797 0.492188 0.339844 0.488281 0.339844 0.486328 0.337891 0.482422 0.337891 0.478516 0.333984 0.476562 0.333984 0.474609 0.332031 0.472656 0.332031 0.468750 0.328125
0 0.697266 0.345703 0.695312 0.347656 0.691406 0.347656 0.689453 0.349609 0.685547 0.349609 0.683594 0.351562 0.679688 0.351562 0.675781 0.355469 0.673828 0.355469 0.671875 0.357422 0.671875 0.363281 0.669922 0.365234 0.669922 0.371094 0.671875 0.369141 0.697266 0.369141 0.699219 0.371094 0.701172 0.371094 0.703125 0.373047 0.705078 0.373047 0.707031 0.375000 0.708984 0.375000 0.710938 0.376953 0.712891 0.375000 0.714844 0.375000 0.714844 0.373047 0.718750 0.369141 0.718750 0.367188 0.722656 0.363281 0.722656 0.353516 0.720703 0.353516 0.716797 0.349609 0.714844 0.349609 0.712891 0.347656 0.708984 0.347656 0.707031 0.345703
0 0.322266 0.353516 0.320312 0.355469 0.312500 0.355469 0.308594 0.359375 0.306641 0.359375 0.300781 0.365234 0.300781 0.376953 0.302734 0.378906 0.302734 0.390625 0.306641 0.394531 0.308594 0.394531 0.310547 0.396484 0.314453 0.396484 0.318359 0.400391 0.320312 0.400391 0.322266 0.402344 0.324219 0.402344 0.326172 0.404297 0.330078 0.404297 0.332031 0.406250 0.335938 0.406250 0.337891 0.404297 0.347656 0.404297 0.349609 0.402344 0.353516 0.402344 0.359375 0.396484 0.359375 0.392578 0.361328 0.390625 0.361328 0.375000 0.359375 0.373047 0.359375 0.367188 0.355469 0.363281 0.351562 0.363281 0.349609 0.361328 0.345703 0.361328 0.341797 0.357422 0.339844 0.357422 0.337891 0.355469 0.335938 0.355469 0.333984 0.353516
0 0.746094 0.343750 0.744141 0.345703 0.742188 0.345703 0.740234 0.347656 0.738281 0.347656 0.738281 0.376953 0.740234 0.378906 0.740234 0.384766 0.742188 0.386719 0.742188 0.390625 0.744141 0.392578 0.744141 0.394531 0.750000 0.400391 0.750000 0.402344 0.755859 0.408203 0.759766 0.408203 0.761719 0.410156 0.763672 0.410156 0.765625 0.412109 0.767578 0.412109 0.769531 0.414062 0.769531 0.416016 0.777344 0.416016 0.777344 0.412109 0.779297 0.410156 0.779297 0.390625 0.777344 0.388672 0.777344 0.380859 0.775391 0.378906 0.775391 0.376953 0.773438 0.375000 0.773438 0.371094 0.771484 0.369141 0.771484 0.367188 0.757812 0.353516 0.757812 0.351562 0.755859 0.349609 0.755859 0.347656 0.753906 0.345703 0.751953 0.345703 0.750000 0.343750
0 0.005859 0.365234 0.003906 0.367188 0.001953 0.367188 0.000000 0.369141 0.000000 0.394531 0.001953 0.394531 0.003906 0.396484 0.013672 0.396484 0.015625 0.398438 0.029297 0.398438 0.031250 0.396484 0.035156 0.396484 0.039062 0.392578 0.041016 0.392578 0.042969 0.390625 0.042969 0.388672 0.044922 0.386719 0.044922 0.384766 0.042969 0.382812 0.042969 0.378906 0.041016 0.376953 0.041016 0.373047 0.039062 0.371094 0.039062 0.369141 0.037109 0.367188 0.029297 0.367188 0.027344 0.365234
0 0.417969 0.359375 0.416016 0.361328 0.414062 0.361328 0.412109 0.363281 0.410156 0.363281 0.410156 0.365234 0.408203 0.367188 0.408203 0.382812 0.416016 0.390625 0.416016 0.392578 0.417969 0.392578 0.425781 0.400391 0.427734 0.400391 0.429688 0.402344 0.429688 0.404297 0.431641 0.404297 0.433594 0.406250 0.433594 0.408203 0.435547 0.408203 0.439453 0.412109 0.441406 0.412109 0.443359 0.414062 0.445312 0.414062 0.447266 0.416016 0.455078 0.416016 0.457031 0.417969 0.468750 0.417969 0.470703 0.416016 0.472656 0.416016 0.474609 0.414062 0.474609 0.408203 0.476562 0.406250 0.476562 0.371094 0.464844 0.359375 0.445312 0.359375 0.443359 0.361328 0.421875 0.361328 0.419922 0.359375
0 0.671875 0.371094 0.669922 0.373047 0.667969 0.373047 0.666016 0.375000 0.664062 0.375000 0.660156 0.378906 0.656250 0.378906 0.652344 0.382812 0.652344 0.392578 0.654297 0.394531 0.658203 0.394531 0.660156 0.396484 0.662109 0.396484 0.666016 0.400391 0.666016 0.402344 0.667969 0.404297 0.667969 0.408203 0.669922 0.410156 0.673828 0.410156 0.675781 0.412109 0.677734 0.410156 0.683594 0.410156 0.685547 0.408203 0.687500 0.408203 0.691406 0.404297 0.693359 0.404297 0.693359 0.402344 0.695312 0.400391 0.697266 0.400391 0.703125 0.394531 0.710938 0.394531 0.712891 0.392578 0.712891 0.386719 0.710938 0.384766 0.710938 0.378906 0.708984 0.376953 0.707031 0.376953 0.705078 0.375000 0.703125 0.375000 0.701172 0.373047 0.699219 0.373047 0.697266 0.371094
0 0.242188 0.371094 0.240234 0.373047 0.238281 0.373047 0.236328 0.375000 0.232422 0.375000 0.234375 0.375000 0.238281 0.378906 0.240234 0.378906 0.242188 0.380859 0.246094 0.380859 0.248047 0.382812 0.250000 0.382812 0.253906 0.386719 0.255859 0.386719 0.259766 0.390625 0.261719 0.390625 0.263672 0.392578 0.265625 0.392578 0.267578 0.394531 0.269531 0.394531 0.273438 0.398438 0.273438 0.392578 0.275391 0.390625 0.275391 0.384766 0.273438 0.382812 0.273438 0.376953 0.269531 0.373047 0.267578 0.373047 0.265625 0.371094
0 0.222656 0.373047 0.222656 0.375000 0.218750 0.378906 0.218750 0.382812 0.216797 0.384766 0.216797 0.386719 0.214844 0.388672 0.214844 0.414062 0.216797 0.416016 0.216797 0.417969 0.226562 0.427734 0.230469 0.427734 0.236328 0.433594 0.238281 0.433594 0.242188 0.437500 0.244141 0.437500 0.246094 0.439453 0.267578 0.439453 0.269531 0.437500 0.271484 0.437500 0.275391 0.433594 0.277344 0.433594 0.277344 0.431641 0.279297 0.429688 0.279297 0.427734 0.281250 0.425781 0.281250 0.416016 0.279297 0.414062 0.279297 0.410156 0.277344 0.408203 0.277344 0.404297 0.269531 0.396484 0.267578 0.396484 0.265625 0.394531 0.263672 0.394531 0.261719 0.392578 0.259766 0.392578 0.255859 0.388672 0.253906 0.388672 0.250000 0.384766 0.248047 0.384766 0.246094 0.382812 0.242188 0.382812 0.240234 0.380859 0.238281 0.380859 0.234375 0.376953 0.232422 0.376953 0.230469 0.375000 0.226562 0.375000 0.224609 0.373047
0 0.158203 0.386719 0.156250 0.388672 0.152344 0.388672 0.150391 0.390625 0.142578 0.390625 0.138672 0.394531 0.136719 0.394531 0.134766 0.396484 0.132812 0.396484 0.128906 0.400391 0.128906 0.402344 0.125000 0.406250 0.125000 0.408203 0.123047 0.410156 0.123047 0.416016 0.121094 0.417969 0.121094 0.423828 0.123047 0.425781 0.123047 0.431641 0.125000 0.433594 0.125000 0.435547 0.126953 0.435547 0.128906 0.437500 0.128906 0.439453 0.130859 0.439453 0.132812 0.441406 0.138672 0.441406 0.140625 0.443359 0.150391 0.443359 0.152344 0.445312 0.156250 0.445312 0.158203 0.443359 0.162109 0.443359 0.164062 0.441406 0.166016 0.441406 0.171875 0.435547 0.171875 0.431641 0.175781 0.427734 0.175781 0.425781 0.177734 0.423828 0.177734 0.419922 0.179688 0.417969 0.179688 0.412109 0.181641 0.410156 0.181641 0.406250 0.179688 0.404297 0.179688 0.398438 0.171875 0.390625 0.166016 0.390625 0.162109 0.386719
0 0.535156 0.404297 0.531250 0.408203 0.531250 0.410156 0.527344 0.414062 0.527344 0.416016 0.525391 0.417969 0.525391 0.419922 0.523438 0.421875 0.523438 0.425781 0.521484 0.427734 0.521484 0.437500 0.523438 0.439453 0.523438 0.445312 0.527344 0.449219 0.527344 0.451172 0.531250 0.455078 0.531250 0.457031 0.533203 0.458984 0.535156 0.458984 0.537109 0.460938 0.560547 0.460938 0.564453 0.457031 0.566406 0.457031 0.568359 0.455078 0.568359 0.453125 0.572266 0.449219 0.572266 0.447266 0.574219 0.445312 0.574219 0.443359 0.576172 0.441406 0.576172 0.439453 0.578125 0.437500 0.578125 0.431641 0.580078 0.429688 0.580078 0.427734 0.578125 0.425781 0.578125 0.419922 0.576172 0.417969 0.576172 0.416016 0.572266 0.412109 0.572266 0.410156 0.570312 0.408203 0.566406 0.408203 0.562500 0.404297
0 0.603516 0.427734 0.601562 0.429688 0.599609 0.429688 0.597656 0.431641 0.597656 0.433594 0.595703 0.435547 0.595703 0.445312 0.597656 0.447266 0.597656 0.453125 0.599609 0.455078 0.599609 0.457031 0.601562 0.458984 0.601562 0.460938 0.611328 0.470703 0.613281 0.470703 0.615234 0.472656 0.623047 0.472656 0.625000 0.470703 0.626953 0.470703 0.628906 0.468750 0.630859 0.468750 0.636719 0.462891 0.638672 0.462891 0.642578 0.458984 0.642578 0.457031 0.644531 0.455078 0.644531 0.453125 0.646484 0.451172 0.646484 0.441406 0.644531 0.439453 0.644531 0.437500 0.642578 0.435547 0.642578 0.433594 0.640625 0.433594 0.638672 0.431641 0.630859 0.431641 0.628906 0.433594 0.619141 0.433594 0.617188 0.431641 0.615234 0.431641 0.613281 0.429688 0.611328 0.429688 0.609375 0.427734
0 0.740234 0.439453 0.736328 0.443359 0.732422 0.443359 0.732422 0.445312 0.730469 0.447266 0.726562 0.447266 0.722656 0.451172 0.718750 0.451172 0.716797 0.453125 0.710938 0.453125 0.708984 0.455078 0.701172 0.455078 0.699219 0.457031 0.699219 0.468750 0.701172 0.470703 0.701172 0.476562 0.703125 0.478516 0.703125 0.480469 0.707031 0.484375 0.710938 0.484375 0.712891 0.486328 0.712891 0.488281 0.742188 0.488281 0.746094 0.484375 0.748047 0.484375 0.751953 0.480469 0.753906 0.480469 0.757812 0.476562 0.757812 0.474609 0.759766 0.472656 0.759766 0.466797 0.761719 0.464844 0.761719 0.445312 0.759766 0.443359 0.759766 0.441406 0.757812 0.439453
0 0.042969 0.435547 0.041016 0.437500 0.037109 0.437500 0.035156 0.439453 0.033203 0.439453 0.025391 0.447266 0.023438 0.447266 0.023438 0.449219 0.021484 0.451172 0.019531 0.451172 0.019531 0.453125 0.017578 0.455078 0.017578 0.457031 0.015625 0.458984 0.015625 0.462891 0.013672 0.464844 0.013672 0.468750 0.011719 0.470703 0.011719 0.498047 0.013672 0.500000 0.013672 0.507812 0.015625 0.509766 0.015625 0.513672 0.019531 0.517578 0.021484 0.517578 0.023438 0.519531 0.029297 0.519531 0.031250 0.521484 0.033203 0.521484 0.035156 0.519531 0.039062 0.519531 0.042969 0.515625 0.044922 0.515625 0.052734 0.507812 0.052734 0.505859 0.054688 0.503906 0.056641 0.503906 0.056641 0.500000 0.058594 0.498047 0.058594 0.496094 0.060547 0.494141 0.060547 0.492188 0.062500 0.490234 0.062500 0.488281 0.064453 0.486328 0.064453 0.480469 0.066406 0.478516 0.066406 0.472656 0.068359 0.470703 0.068359 0.468750 0.070312 0.466797 0.070312 0.455078 0.068359 0.453125 0.068359 0.449219 0.066406 0.447266 0.066406 0.443359 0.062500 0.439453 0.060547 0.439453 0.058594 0.437500 0.056641 0.437500 0.054688 0.435547
0 0.169922 0.445312 0.167969 0.447266 0.164062 0.447266 0.162109 0.449219 0.158203 0.449219 0.154297 0.453125 0.154297 0.457031 0.152344 0.458984 0.152344 0.460938 0.150391 0.462891 0.150391 0.466797 0.148438 0.468750 0.148438 0.472656 0.144531 0.476562 0.144531 0.482422 0.142578 0.484375 0.142578 0.492188 0.144531 0.494141 0.144531 0.498047 0.146484 0.500000 0.146484 0.501953 0.148438 0.503906 0.148438 0.505859 0.154297 0.511719 0.156250 0.511719 0.158203 0.513672 0.160156 0.513672 0.162109 0.515625 0.179688 0.515625 0.183594 0.511719 0.187500 0.511719 0.191406 0.507812 0.193359 0.507812 0.193359 0.505859 0.195312 0.503906 0.195312 0.500000 0.193359 0.498047 0.193359 0.474609 0.195312 0.472656 0.195312 0.468750 0.197266 0.466797 0.201172 0.466797 0.201172 0.460938 0.199219 0.460938 0.197266 0.458984 0.195312 0.458984 0.193359 0.457031 0.191406 0.457031 0.179688 0.445312
0 0.197266 0.468750 0.197266 0.472656 0.195312 0.474609 0.195312 0.498047 0.197266 0.500000 0.197266 0.501953 0.199219 0.503906 0.201172 0.503906 0.203125 0.505859 0.205078 0.505859 0.207031 0.507812 0.208984 0.507812 0.210938 0.509766 0.216797 0.509766 0.218750 0.511719 0.230469 0.511719 0.232422 0.509766 0.234375 0.509766 0.236328 0.507812 0.238281 0.507812 0.240234 0.505859 0.244141 0.505859 0.246094 0.503906 0.248047 0.503906 0.251953 0.500000 0.253906 0.500000 0.257812 0.496094 0.257812 0.488281 0.255859 0.486328 0.255859 0.482422 0.253906 0.480469 0.251953 0.480469 0.250000 0.478516 0.246094 0.478516 0.244141 0.476562 0.232422 0.476562 0.230469 0.474609 0.224609 0.474609 0.222656 0.472656 0.220703 0.472656 0.218750 0.470703 0.214844 0.470703 0.212891 0.468750
0 0.560547 0.462891 0.558594 0.464844 0.554688 0.464844 0.552734 0.466797 0.550781 0.466797 0.531250 0.486328 0.531250 0.488281 0.527344 0.492188 0.527344 0.509766 0.529297 0.511719 0.529297 0.513672 0.531250 0.515625 0.535156 0.515625 0.537109 0.517578 0.548828 0.517578 0.550781 0.515625 0.558594 0.515625 0.560547 0.513672 0.566406 0.513672 0.568359 0.511719 0.572266 0.511719 0.574219 0.509766 0.580078 0.509766 0.583984 0.505859 0.583984 0.503906 0.585938 0.501953 0.585938 0.500000 0.587891 0.498047 0.587891 0.476562 0.585938 0.474609 0.585938 0.470703 0.583984 0.470703 0.578125 0.464844 0.576172 0.464844 0.574219 0.462891
0 0.312500 0.468750 0.310547 0.470703 0.302734 0.470703 0.300781 0.472656 0.298828 0.472656 0.296875 0.474609 0.296875 0.476562 0.294922 0.478516 0.294922 0.486328 0.296875 0.488281 0.296875 0.494141 0.298828 0.496094 0.298828 0.500000 0.300781 0.501953 0.300781 0.517578 0.302734 0.519531 0.302734 0.539062 0.308594 0.539062 0.310547 0.537109 0.312500 0.537109 0.314453 0.535156 0.316406 0.535156 0.318359 0.533203 0.324219 0.533203 0.326172 0.531250 0.328125 0.531250 0.328125 0.529297 0.330078 0.527344 0.335938 0.527344 0.343750 0.519531 0.343750 0.515625 0.345703 0.513672 0.345703 0.492188 0.343750 0.490234 0.343750 0.488281 0.339844 0.484375 0.339844 0.482422 0.337891 0.482422 0.335938 0.480469 0.335938 0.478516 0.332031 0.474609 0.330078 0.474609 0.324219 0.468750
0 0.654297 0.474609 0.652344 0.476562 0.650391 0.476562 0.648438 0.478516 0.646484 0.478516 0.642578 0.482422 0.640625 0.482422 0.640625 0.484375 0.638672 0.486328 0.638672 0.488281 0.636719 0.490234 0.636719 0.492188 0.634766 0.494141 0.634766 0.500000 0.630859 0.503906 0.630859 0.511719 0.628906 0.513672 0.642578 0.513672 0.648438 0.519531 0.648438 0.521484 0.650391 0.523438 0.650391 0.535156 0.654297 0.535156 0.662109 0.527344 0.666016 0.527344 0.667969 0.529297 0.669922 0.529297 0.671875 0.531250 0.675781 0.527344 0.675781 0.519531 0.679688 0.515625 0.679688 0.505859 0.677734 0.503906 0.677734 0.501953 0.675781 0.500000 0.675781 0.492188 0.673828 0.490234 0.673828 0.488281 0.671875 0.486328 0.671875 0.482422 0.669922 0.482422 0.667969 0.480469 0.667969 0.478516 0.666016 0.478516 0.662109 0.474609
0 0.771484 0.490234 0.769531 0.492188 0.761719 0.492188 0.753906 0.500000 0.750000 0.500000 0.748047 0.501953 0.740234 0.501953 0.738281 0.503906 0.734375 0.503906 0.732422 0.505859 0.728516 0.505859 0.720703 0.513672 0.720703 0.515625 0.718750 0.517578 0.718750 0.527344 0.720703 0.529297 0.720703 0.533203 0.724609 0.537109 0.724609 0.539062 0.730469 0.544922 0.730469 0.546875 0.732422 0.546875 0.736328 0.550781 0.750000 0.550781 0.750000 0.548828 0.751953 0.546875 0.755859 0.546875 0.763672 0.539062 0.765625 0.539062 0.765625 0.537109 0.767578 0.535156 0.769531 0.535156 0.769531 0.533203 0.771484 0.531250 0.773438 0.531250 0.773438 0.529297 0.783203 0.519531 0.787109 0.519531 0.791016 0.515625 0.792969 0.515625 0.792969 0.509766 0.794922 0.507812 0.794922 0.498047 0.792969 0.496094 0.792969 0.492188 0.791016 0.492188 0.789062 0.490234
0 0.621094 0.515625 0.619141 0.517578 0.615234 0.517578 0.607422 0.525391 0.607422 0.531250 0.605469 0.533203 0.605469 0.535156 0.603516 0.537109 0.603516 0.556641 0.605469 0.558594 0.605469 0.560547 0.609375 0.564453 0.609375 0.566406 0.611328 0.568359 0.613281 0.568359 0.615234 0.570312 0.619141 0.570312 0.621094 0.572266 0.625000 0.572266 0.626953 0.570312 0.636719 0.570312 0.638672 0.568359 0.640625 0.568359 0.640625 0.550781 0.644531 0.546875 0.644531 0.544922 0.646484 0.542969 0.648438 0.542969 0.648438 0.523438 0.646484 0.521484 0.646484 0.519531 0.642578 0.515625
0 0.843750 0.531250 0.841797 0.533203 0.839844 0.533203 0.837891 0.535156 0.832031 0.535156 0.832031 0.539062 0.830078 0.541016 0.830078 0.546875 0.832031 0.548828 0.833984 0.548828 0.839844 0.554688 0.839844 0.558594 0.841797 0.560547 0.841797 0.564453 0.843750 0.566406 0.845703 0.566406 0.847656 0.568359 0.859375 0.568359 0.863281 0.564453 0.863281 0.562500 0.865234 0.560547 0.865234 0.544922 0.863281 0.542969 0.863281 0.541016 0.861328 0.539062 0.861328 0.537109 0.855469 0.531250
0 0.662109 0.529297 0.650391 0.541016 0.650391 0.542969 0.648438 0.544922 0.646484 0.544922 0.646484 0.546875 0.642578 0.550781 0.642578 0.562500 0.644531 0.564453 0.644531 0.566406 0.646484 0.568359 0.646484 0.570312 0.648438 0.570312 0.650391 0.572266 0.652344 0.572266 0.654297 0.574219 0.656250 0.574219 0.658203 0.576172 0.664062 0.576172 0.666016 0.574219 0.667969 0.574219 0.667969 0.572266 0.671875 0.568359 0.671875 0.566406 0.673828 0.564453 0.673828 0.562500 0.675781 0.560547 0.675781 0.535156 0.673828 0.533203 0.671875 0.533203 0.669922 0.531250 0.667969 0.531250 0.666016 0.529297
0 0.044922 0.531250 0.042969 0.533203 0.029297 0.533203 0.029297 0.535156 0.027344 0.537109 0.027344 0.539062 0.025391 0.541016 0.025391 0.562500 0.029297 0.566406 0.029297 0.568359 0.033203 0.568359 0.035156 0.566406 0.050781 0.566406 0.054688 0.570312 0.054688 0.578125 0.056641 0.580078 0.056641 0.582031 0.060547 0.582031 0.062500 0.580078 0.066406 0.580078 0.068359 0.578125 0.070312 0.578125 0.070312 0.576172 0.072266 0.574219 0.072266 0.572266 0.074219 0.570312 0.074219 0.568359 0.076172 0.566406 0.076172 0.556641 0.074219 0.554688 0.074219 0.548828 0.070312 0.544922 0.070312 0.541016 0.068359 0.541016 0.066406 0.539062 0.066406 0.537109 0.062500 0.533203 0.058594 0.533203 0.056641 0.531250
0 0.152344 0.521484 0.144531 0.529297 0.144531 0.531250 0.142578 0.533203 0.142578 0.537109 0.140625 0.539062 0.138672 0.539062 0.136719 0.541016 0.136719 0.542969 0.134766 0.544922 0.134766 0.572266 0.136719 0.574219 0.136719 0.578125 0.144531 0.585938 0.146484 0.585938 0.148438 0.587891 0.164062 0.587891 0.171875 0.580078 0.171875 0.578125 0.175781 0.574219 0.175781 0.572266 0.177734 0.570312 0.177734 0.564453 0.179688 0.562500 0.179688 0.541016 0.177734 0.539062 0.177734 0.531250 0.169922 0.523438 0.166016 0.523438 0.164062 0.521484
0 0.212891 0.527344 0.212891 0.552734 0.208984 0.556641 0.208984 0.564453 0.207031 0.566406 0.207031 0.578125 0.208984 0.580078 0.208984 0.583984 0.210938 0.585938 0.224609 0.585938 0.228516 0.582031 0.228516 0.580078 0.230469 0.578125 0.230469 0.576172 0.232422 0.574219 0.234375 0.574219 0.234375 0.572266 0.238281 0.568359 0.238281 0.558594 0.234375 0.554688 0.234375 0.552734 0.232422 0.552734 0.230469 0.550781 0.230469 0.546875 0.226562 0.542969 0.226562 0.541016 0.224609 0.541016 0.222656 0.539062 0.222656 0.537109 0.218750 0.533203 0.216797 0.533203 0.214844 0.531250 0.214844 0.529297
0 0.812500 0.542969 0.810547 0.544922 0.804688 0.544922 0.802734 0.546875 0.794922 0.546875 0.792969 0.548828 0.791016 0.548828 0.783203 0.556641 0.783203 0.558594 0.781250 0.560547 0.781250 0.580078 0.785156 0.583984 0.785156 0.585938 0.791016 0.591797 0.792969 0.591797 0.794922 0.593750 0.800781 0.593750 0.802734 0.595703 0.826172 0.595703 0.828125 0.593750 0.830078 0.593750 0.832031 0.591797 0.833984 0.591797 0.835938 0.589844 0.835938 0.587891 0.837891 0.585938 0.837891 0.582031 0.839844 0.580078 0.839844 0.560547 0.837891 0.558594 0.837891 0.554688 0.833984 0.550781 0.832031 0.550781 0.830078 0.548828 0.828125 0.548828 0.822266 0.542969
0 0.564453 0.554688 0.556641 0.562500 0.554688 0.562500 0.552734 0.564453 0.550781 0.564453 0.550781 0.566406 0.548828 0.568359 0.546875 0.568359 0.544922 0.570312 0.542969 0.570312 0.541016 0.572266 0.541016 0.585938 0.542969 0.587891 0.542969 0.593750 0.544922 0.595703 0.544922 0.599609 0.546875 0.601562 0.546875 0.605469 0.550781 0.609375 0.552734 0.609375 0.554688 0.611328 0.560547 0.611328 0.562500 0.613281 0.568359 0.613281 0.568359 0.611328 0.570312 0.609375 0.570312 0.607422 0.572266 0.605469 0.574219 0.605469 0.576172 0.603516 0.578125 0.603516 0.580078 0.601562 0.583984 0.601562 0.585938 0.599609 0.591797 0.599609 0.591797 0.597656 0.593750 0.595703 0.593750 0.593750 0.595703 0.591797 0.595703 0.585938 0.593750 0.583984 0.593750 0.576172 0.591797 0.574219 0.591797 0.572266 0.587891 0.568359 0.587891 0.566406 0.583984 0.562500 0.582031 0.562500 0.578125 0.558594 0.576172 0.558594 0.574219 0.556641 0.572266 0.556641 0.570312 0.554688
0 0.035156 0.568359 0.033203 0.570312 0.027344 0.570312 0.027344 0.576172 0.025391 0.578125 0.023438 0.578125 0.021484 0.580078 0.019531 0.580078 0.019531 0.582031 0.017578 0.583984 0.015625 0.583984 0.013672 0.585938 0.007812 0.585938 0.005859 0.587891 0.001953 0.587891 0.000000 0.589844 0.000000 0.621094 0.000000 0.619141 0.001953 0.617188 0.001953 0.615234 0.003906 0.613281 0.003906 0.611328 0.005859 0.609375 0.005859 0.607422 0.007812 0.605469 0.009766 0.605469 0.013672 0.601562 0.017578 0.601562 0.021484 0.605469 0.027344 0.605469 0.029297 0.607422 0.029297 0.609375 0.031250 0.609375 0.033203 0.607422 0.035156 0.607422 0.037109 0.605469 0.039062 0.605469 0.044922 0.599609 0.046875 0.599609 0.048828 0.597656 0.048828 0.595703 0.052734 0.591797 0.052734 0.589844 0.054688 0.587891 0.054688 0.580078 0.052734 0.578125 0.052734 0.570312 0.050781 0.568359
0 0.259766 0.562500 0.255859 0.566406 0.255859 0.568359 0.253906 0.570312 0.253906 0.574219 0.251953 0.576172 0.251953 0.583984 0.250000 0.585938 0.250000 0.591797 0.255859 0.591797 0.257812 0.593750 0.259766 0.593750 0.263672 0.597656 0.263672 0.609375 0.261719 0.611328 0.259766 0.611328 0.259766 0.615234 0.253906 0.621094 0.255859 0.621094 0.259766 0.625000 0.259766 0.626953 0.261719 0.626953 0.267578 0.632812 0.269531 0.632812 0.271484 0.634766 0.273438 0.634766 0.275391 0.636719 0.277344 0.636719 0.281250 0.640625 0.287109 0.640625 0.289062 0.642578 0.289062 0.644531 0.292969 0.644531 0.296875 0.648438 0.298828 0.648438 0.298828 0.638672 0.300781 0.636719 0.300781 0.628906 0.302734 0.626953 0.302734 0.599609 0.300781 0.597656 0.300781 0.585938 0.296875 0.582031 0.296875 0.576172 0.294922 0.574219 0.294922 0.572266 0.289062 0.566406 0.287109 0.566406 0.285156 0.564453 0.283203 0.564453 0.281250 0.562500
0 0.716797 0.576172 0.714844 0.578125 0.712891 0.578125 0.710938 0.580078 0.703125 0.580078 0.697266 0.585938 0.689453 0.585938 0.687500 0.587891 0.685547 0.587891 0.685547 0.589844 0.683594 0.591797 0.681641 0.591797 0.681641 0.599609 0.679688 0.601562 0.679688 0.605469 0.681641 0.607422 0.681641 0.621094 0.683594 0.621094 0.685547 0.623047 0.687500 0.623047 0.691406 0.626953 0.693359 0.626953 0.695312 0.628906 0.697266 0.628906 0.701172 0.632812 0.712891 0.632812 0.714844 0.630859 0.716797 0.630859 0.718750 0.628906 0.724609 0.628906 0.726562 0.626953 0.730469 0.626953 0.732422 0.625000 0.734375 0.625000 0.734375 0.623047 0.736328 0.621094 0.738281 0.621094 0.738281 0.619141 0.742188 0.615234 0.742188 0.613281 0.746094 0.609375 0.746094 0.607422 0.748047 0.605469 0.748047 0.603516 0.750000 0.601562 0.750000 0.599609 0.753906 0.595703 0.753906 0.580078 0.744141 0.580078 0.742188 0.578125 0.740234 0.578125 0.738281 0.576172
0 0.880859 0.576172 0.875000 0.582031 0.875000 0.605469 0.876953 0.607422 0.876953 0.609375 0.878906 0.611328 0.878906 0.613281 0.880859 0.613281 0.882812 0.615234 0.882812 0.617188 0.884766 0.617188 0.886719 0.619141 0.886719 0.621094 0.888672 0.621094 0.892578 0.625000 0.892578 0.626953 0.896484 0.630859 0.896484 0.632812 0.898438 0.632812 0.902344 0.636719 0.912109 0.636719 0.914062 0.634766 0.917969 0.634766 0.917969 0.632812 0.919922 0.630859 0.919922 0.609375 0.916016 0.605469 0.914062 0.605469 0.906250 0.597656 0.906250 0.595703 0.900391 0.589844 0.900391 0.587891 0.894531 0.582031 0.894531 0.580078 0.892578 0.580078 0.890625 0.578125 0.888672 0.578125 0.886719 0.576172
0 0.240234 0.593750 0.238281 0.595703 0.232422 0.595703 0.230469 0.597656 0.228516 0.597656 0.224609 0.601562 0.224609 0.603516 0.222656 0.605469 0.220703 0.605469 0.216797 0.609375 0.216797 0.611328 0.208984 0.619141 0.208984 0.628906 0.210938 0.630859 0.220703 0.630859 0.222656 0.628906 0.236328 0.628906 0.238281 0.626953 0.240234 0.626953 0.242188 0.625000 0.248047 0.625000 0.248047 0.623047 0.250000 0.621094 0.251953 0.621094 0.257812 0.615234 0.257812 0.611328 0.259766 0.609375 0.261719 0.609375 0.261719 0.597656 0.259766 0.595703 0.257812 0.595703 0.255859 0.593750
0 0.361328 0.593750 0.351562 0.603516 0.351562 0.605469 0.349609 0.607422 0.349609 0.609375 0.347656 0.611328 0.347656 0.630859 0.349609 0.632812 0.349609 0.634766 0.353516 0.638672 0.355469 0.638672 0.357422 0.640625 0.355469 0.638672 0.355469 0.632812 0.353516 0.630859 0.353516 0.628906 0.357422 0.625000 0.361328 0.625000 0.363281 0.623047 0.394531 0.623047 0.394531 0.611328 0.378906 0.595703 0.375000 0.595703 0.373047 0.593750
0 0.617188 0.595703 0.615234 0.597656 0.611328 0.597656 0.611328 0.607422 0.613281 0.609375 0.613281 0.611328 0.617188 0.615234 0.617188 0.617188 0.621094 0.621094 0.621094 0.625000 0.623047 0.626953 0.623047 0.636719 0.621094 0.638672 0.621094 0.642578 0.625000 0.642578 0.626953 0.644531 0.630859 0.644531 0.632812 0.646484 0.634766 0.646484 0.636719 0.648438 0.656250 0.648438 0.658203 0.646484 0.660156 0.646484 0.664062 0.642578 0.664062 0.640625 0.666016 0.638672 0.666016 0.630859 0.664062 0.628906 0.664062 0.623047 0.662109 0.621094 0.662109 0.619141 0.660156 0.617188 0.660156 0.615234 0.652344 0.607422 0.650391 0.607422 0.646484 0.603516 0.644531 0.603516 0.642578 0.601562 0.640625 0.601562 0.638672 0.599609 0.636719 0.599609 0.634766 0.597656 0.630859 0.597656 0.628906 0.595703
0 0.408203 0.613281 0.406250 0.615234 0.400391 0.615234 0.398438 0.617188 0.398438 0.619141 0.396484 0.621094 0.396484 0.625000 0.410156 0.625000 0.412109 0.626953 0.419922 0.626953 0.421875 0.628906 0.429688 0.628906 0.431641 0.630859 0.435547 0.630859 0.439453 0.634766 0.439453 0.640625 0.441406 0.642578 0.441406 0.646484 0.443359 0.644531 0.445312 0.644531 0.447266 0.642578 0.449219 0.642578 0.455078 0.636719 0.455078 0.634766 0.457031 0.632812 0.457031 0.628906 0.455078 0.626953 0.455078 0.623047 0.453125 0.621094 0.453125 0.619141 0.449219 0.615234 0.447266 0.615234 0.445312 0.613281
0 0.585938 0.601562 0.583984 0.603516 0.580078 0.603516 0.578125 0.605469 0.576172 0.605469 0.574219 0.607422 0.572266 0.607422 0.572266 0.609375 0.570312 0.611328 0.570312 0.615234 0.568359 0.617188 0.568359 0.621094 0.566406 0.623047 0.566406 0.634766 0.568359 0.636719 0.568359 0.644531 0.570312 0.646484 0.570312 0.650391 0.574219 0.654297 0.574219 0.656250 0.582031 0.664062 0.583984 0.664062 0.585938 0.666016 0.595703 0.666016 0.597656 0.664062 0.601562 0.664062 0.603516 0.662109 0.605469 0.662109 0.609375 0.658203 0.609375 0.656250 0.615234 0.650391 0.615234 0.648438 0.619141 0.644531 0.619141 0.638672 0.621094 0.636719 0.621094 0.626953 0.619141 0.625000 0.619141 0.621094 0.615234 0.617188 0.615234 0.615234 0.611328 0.611328 0.611328 0.609375 0.609375 0.607422 0.607422 0.607422 0.603516 0.603516 0.601562 0.603516 0.599609 0.601562
0 0.144531 0.607422 0.142578 0.609375 0.134766 0.609375 0.132812 0.611328 0.128906 0.611328 0.126953 0.613281 0.126953 0.617188 0.125000 0.619141 0.125000 0.623047 0.123047 0.625000 0.123047 0.669922 0.125000 0.671875 0.125000 0.673828 0.126953 0.675781 0.126953 0.677734 0.128906 0.679688 0.130859 0.679688 0.132812 0.681641 0.134766 0.681641 0.136719 0.679688 0.146484 0.679688 0.148438 0.677734 0.150391 0.677734 0.152344 0.675781 0.154297 0.675781 0.156250 0.673828 0.156250 0.671875 0.160156 0.667969 0.160156 0.666016 0.162109 0.664062 0.162109 0.662109 0.166016 0.658203 0.166016 0.656250 0.167969 0.654297 0.167969 0.632812 0.166016 0.630859 0.166016 0.623047 0.164062 0.621094 0.164062 0.619141 0.162109 0.617188 0.162109 0.615234 0.154297 0.607422
0 0.363281 0.625000 0.361328 0.626953 0.357422 0.626953 0.355469 0.628906 0.355469 0.630859 0.357422 0.632812 0.357422 0.638672 0.359375 0.640625 0.359375 0.642578 0.367188 0.650391 0.371094 0.650391 0.375000 0.654297 0.380859 0.654297 0.382812 0.656250 0.384766 0.656250 0.386719 0.658203 0.392578 0.658203 0.394531 0.660156 0.402344 0.660156 0.404297 0.662109 0.410156 0.662109 0.412109 0.660156 0.417969 0.660156 0.419922 0.658203 0.423828 0.658203 0.425781 0.656250 0.429688 0.656250 0.431641 0.654297 0.433594 0.654297 0.437500 0.650391 0.437500 0.648438 0.439453 0.646484 0.439453 0.642578 0.437500 0.640625 0.437500 0.634766 0.435547 0.632812 0.431641 0.632812 0.429688 0.630859 0.421875 0.630859 0.419922 0.628906 0.412109 0.628906 0.410156 0.626953 0.396484 0.626953 0.394531 0.625000
0 0.791016 0.611328 0.787109 0.615234 0.785156 0.615234 0.785156 0.617188 0.781250 0.621094 0.775391 0.621094 0.773438 0.623047 0.771484 0.623047 0.769531 0.625000 0.759766 0.625000 0.757812 0.626953 0.751953 0.626953 0.750000 0.628906 0.751953 0.630859 0.751953 0.632812 0.753906 0.632812 0.755859 0.634766 0.761719 0.634766 0.763672 0.636719 0.765625 0.636719 0.767578 0.638672 0.767578 0.640625 0.769531 0.642578 0.769531 0.644531 0.771484 0.646484 0.771484 0.648438 0.773438 0.650391 0.773438 0.671875 0.787109 0.671875 0.789062 0.669922 0.794922 0.669922 0.796875 0.667969 0.798828 0.667969 0.800781 0.666016 0.802734 0.666016 0.810547 0.658203 0.812500 0.658203 0.826172 0.644531 0.826172 0.642578 0.828125 0.640625 0.828125 0.628906 0.826172 0.626953 0.826172 0.625000 0.816406 0.615234 0.814453 0.615234 0.812500 0.613281 0.810547 0.613281 0.808594 0.611328
0 0.013672 0.603516 0.009766 0.607422 0.007812 0.607422 0.007812 0.609375 0.005859 0.611328 0.005859 0.613281 0.003906 0.615234 0.003906 0.617188 0.001953 0.619141 0.001953 0.621094 0.000000 0.623047 0.000000 0.693359 0.001953 0.691406 0.001953 0.689453 0.005859 0.685547 0.007812 0.685547 0.007812 0.681641 0.009766 0.679688 0.011719 0.679688 0.015625 0.675781 0.015625 0.673828 0.017578 0.671875 0.019531 0.671875 0.019531 0.669922 0.023438 0.666016 0.023438 0.660156 0.025391 0.658203 0.025391 0.656250 0.027344 0.654297 0.027344 0.646484 0.029297 0.644531 0.029297 0.638672 0.031250 0.636719 0.031250 0.613281 0.027344 0.609375 0.027344 0.607422 0.021484 0.607422 0.017578 0.603516
0 0.726562 0.628906 0.724609 0.630859 0.718750 0.630859 0.716797 0.632812 0.714844 0.632812 0.710938 0.636719 0.707031 0.636719 0.705078 0.638672 0.705078 0.640625 0.703125 0.642578 0.701172 0.642578 0.701172 0.654297 0.703125 0.656250 0.707031 0.656250 0.708984 0.654297 0.724609 0.654297 0.734375 0.664062 0.734375 0.683594 0.736328 0.685547 0.765625 0.685547 0.769531 0.681641 0.769531 0.677734 0.771484 0.675781 0.771484 0.650391 0.769531 0.648438 0.769531 0.646484 0.767578 0.644531 0.767578 0.642578 0.765625 0.640625 0.765625 0.638672 0.763672 0.638672 0.761719 0.636719 0.755859 0.636719 0.753906 0.634766 0.751953 0.634766 0.750000 0.632812 0.750000 0.630859 0.748047 0.628906
0 0.925781 0.634766 0.925781 0.650391 0.927734 0.652344 0.927734 0.685547 0.929688 0.685547 0.931641 0.687500 0.931641 0.689453 0.933594 0.691406 0.935547 0.691406 0.937500 0.693359 0.937500 0.695312 0.939453 0.697266 0.941406 0.697266 0.945312 0.701172 0.947266 0.701172 0.949219 0.703125 0.951172 0.703125 0.953125 0.705078 0.955078 0.705078 0.957031 0.707031 0.960938 0.707031 0.962891 0.708984 0.964844 0.708984 0.966797 0.710938 0.972656 0.710938 0.976562 0.714844 0.978516 0.714844 0.980469 0.716797 0.984375 0.716797 0.986328 0.718750 0.990234 0.718750 0.992188 0.720703 0.996094 0.720703 0.998047 0.718750 0.998047 0.687500 0.994141 0.683594 0.992188 0.683594 0.988281 0.679688 0.986328 0.679688 0.984375 0.677734 0.982422 0.677734 0.980469 0.675781 0.978516 0.675781 0.976562 0.673828 0.976562 0.671875 0.972656 0.667969 0.972656 0.664062 0.970703 0.662109 0.970703 0.660156 0.968750 0.658203 0.968750 0.654297 0.964844 0.650391 0.964844 0.648438 0.960938 0.644531 0.960938 0.642578 0.958984 0.642578 0.955078 0.638672 0.951172 0.638672 0.949219 0.636719 0.945312 0.636719 0.943359 0.634766
0 0.708984 0.656250 0.707031 0.658203 0.701172 0.658203 0.699219 0.660156 0.691406 0.660156 0.689453 0.662109 0.687500 0.662109 0.683594 0.666016 0.683594 0.667969 0.681641 0.669922 0.681641 0.671875 0.679688 0.673828 0.679688 0.675781 0.677734 0.677734 0.677734 0.699219 0.679688 0.701172 0.679688 0.703125 0.683594 0.707031 0.685547 0.707031 0.687500 0.708984 0.689453 0.708984 0.691406 0.710938 0.697266 0.710938 0.701172 0.714844 0.714844 0.714844 0.716797 0.712891 0.718750 0.712891 0.718750 0.710938 0.720703 0.708984 0.720703 0.707031 0.722656 0.705078 0.722656 0.703125 0.724609 0.701172 0.724609 0.699219 0.726562 0.697266 0.726562 0.695312 0.730469 0.691406 0.730469 0.689453 0.732422 0.687500 0.732422 0.664062 0.724609 0.656250
0 0.621094 0.679688 0.619141 0.681641 0.613281 0.681641 0.607422 0.687500 0.605469 0.687500 0.603516 0.689453 0.601562 0.689453 0.597656 0.693359 0.595703 0.693359 0.591797 0.697266 0.589844 0.697266 0.585938 0.701172 0.585938 0.705078 0.582031 0.708984 0.582031 0.714844 0.580078 0.716797 0.580078 0.726562 0.582031 0.728516 0.582031 0.734375 0.589844 0.742188 0.595703 0.742188 0.597656 0.744141 0.619141 0.744141 0.621094 0.742188 0.626953 0.742188 0.628906 0.740234 0.632812 0.740234 0.640625 0.732422 0.642578 0.732422 0.642578 0.730469 0.644531 0.728516 0.646484 0.728516 0.654297 0.720703 0.654297 0.705078 0.652344 0.703125 0.652344 0.697266 0.646484 0.691406 0.646484 0.689453 0.644531 0.689453 0.636719 0.681641 0.632812 0.681641 0.630859 0.679688
0 0.117188 0.693359 0.115234 0.695312 0.105469 0.695312 0.103516 0.697266 0.099609 0.697266 0.099609 0.699219 0.095703 0.703125 0.095703 0.705078 0.091797 0.708984 0.091797 0.714844 0.087891 0.718750 0.087891 0.738281 0.089844 0.738281 0.091797 0.740234 0.113281 0.740234 0.115234 0.738281 0.125000 0.738281 0.126953 0.736328 0.146484 0.736328 0.154297 0.728516 0.154297 0.726562 0.156250 0.724609 0.156250 0.720703 0.158203 0.718750 0.158203 0.703125 0.156250 0.701172 0.156250 0.699219 0.154297 0.697266 0.152344 0.697266 0.150391 0.695312 0.134766 0.695312 0.132812 0.693359
0 0.503906 0.707031 0.501953 0.708984 0.498047 0.708984 0.496094 0.710938 0.490234 0.710938 0.488281 0.712891 0.484375 0.712891 0.478516 0.718750 0.478516 0.720703 0.472656 0.726562 0.472656 0.736328 0.474609 0.738281 0.474609 0.740234 0.486328 0.751953 0.488281 0.751953 0.492188 0.755859 0.494141 0.755859 0.496094 0.757812 0.498047 0.757812 0.500000 0.759766 0.501953 0.759766 0.503906 0.757812 0.509766 0.757812 0.511719 0.755859 0.515625 0.755859 0.517578 0.753906 0.523438 0.753906 0.525391 0.751953 0.527344 0.751953 0.529297 0.750000 0.533203 0.750000 0.537109 0.746094 0.539062 0.746094 0.541016 0.744141 0.541016 0.740234 0.542969 0.738281 0.542969 0.724609 0.541016 0.722656 0.541016 0.720703 0.539062 0.718750 0.539062 0.716797 0.537109 0.716797 0.535156 0.714844 0.531250 0.714844 0.529297 0.712891 0.523438 0.712891 0.521484 0.710938 0.517578 0.710938 0.515625 0.708984 0.513672 0.708984 0.511719 0.707031
0 0.925781 0.705078 0.917969 0.712891 0.917969 0.732422 0.919922 0.734375 0.919922 0.736328 0.921875 0.738281 0.921875 0.740234 0.923828 0.742188 0.923828 0.744141 0.929688 0.750000 0.929688 0.751953 0.935547 0.757812 0.935547 0.759766 0.937500 0.759766 0.941406 0.763672 0.943359 0.763672 0.945312 0.765625 0.945312 0.767578 0.949219 0.767578 0.953125 0.771484 0.966797 0.771484 0.970703 0.767578 0.972656 0.767578 0.972656 0.763672 0.974609 0.761719 0.974609 0.759766 0.972656 0.757812 0.972656 0.744141 0.970703 0.742188 0.970703 0.736328 0.968750 0.734375 0.968750 0.726562 0.966797 0.724609 0.966797 0.722656 0.964844 0.720703 0.964844 0.718750 0.957031 0.710938 0.953125 0.710938 0.951172 0.708984 0.949219 0.708984 0.947266 0.707031 0.935547 0.707031 0.933594 0.705078
0 0.242188 0.712891 0.240234 0.714844 0.234375 0.714844 0.230469 0.718750 0.228516 0.718750 0.224609 0.722656 0.222656 0.722656 0.220703 0.724609 0.220703 0.726562 0.218750 0.728516 0.218750 0.730469 0.216797 0.732422 0.216797 0.751953 0.218750 0.753906 0.218750 0.757812 0.222656 0.761719 0.224609 0.761719 0.228516 0.765625 0.230469 0.765625 0.232422 0.767578 0.234375 0.767578 0.238281 0.771484 0.255859 0.771484 0.257812 0.769531 0.261719 0.769531 0.263672 0.767578 0.265625 0.767578 0.267578 0.765625 0.265625 0.763672 0.265625 0.761719 0.263672 0.759766 0.263672 0.744141 0.267578 0.740234 0.269531 0.740234 0.271484 0.738281 0.271484 0.734375 0.269531 0.732422 0.269531 0.730469 0.267578 0.728516 0.267578 0.726562 0.265625 0.726562 0.263672 0.724609 0.263672 0.722656 0.257812 0.716797 0.255859 0.716797 0.253906 0.714844 0.248047 0.714844 0.246094 0.712891
0 0.414062 0.720703 0.412109 0.722656 0.408203 0.722656 0.406250 0.724609 0.404297 0.724609 0.394531 0.734375 0.394531 0.736328 0.390625 0.740234 0.390625 0.744141 0.388672 0.746094 0.388672 0.757812 0.390625 0.759766 0.390625 0.765625 0.398438 0.773438 0.400391 0.773438 0.402344 0.775391 0.408203 0.775391 0.410156 0.777344 0.429688 0.777344 0.431641 0.779297 0.433594 0.779297 0.435547 0.777344 0.443359 0.777344 0.445312 0.775391 0.447266 0.775391 0.451172 0.771484 0.453125 0.771484 0.453125 0.769531 0.457031 0.765625 0.457031 0.753906 0.453125 0.750000 0.453125 0.746094 0.451172 0.744141 0.451172 0.740234 0.449219 0.738281 0.449219 0.736328 0.445312 0.732422 0.445312 0.730469 0.441406 0.726562 0.439453 0.726562 0.437500 0.724609 0.435547 0.724609 0.433594 0.722656 0.427734 0.722656 0.425781 0.720703
0 0.279297 0.734375 0.277344 0.736328 0.275391 0.736328 0.269531 0.742188 0.267578 0.742188 0.265625 0.744141 0.265625 0.759766 0.267578 0.761719 0.267578 0.763672 0.269531 0.765625 0.269531 0.767578 0.271484 0.769531 0.273438 0.769531 0.275391 0.771484 0.281250 0.771484 0.283203 0.773438 0.285156 0.773438 0.287109 0.771484 0.292969 0.771484 0.294922 0.769531 0.300781 0.769531 0.306641 0.763672 0.308594 0.763672 0.312500 0.759766 0.312500 0.757812 0.314453 0.755859 0.314453 0.753906 0.316406 0.751953 0.316406 0.740234 0.312500 0.736328 0.306641 0.736328 0.304688 0.734375
0 0.705078 0.728516 0.703125 0.730469 0.699219 0.730469 0.697266 0.732422 0.693359 0.732422 0.691406 0.734375 0.689453 0.734375 0.687500 0.736328 0.685547 0.736328 0.685547 0.738281 0.683594 0.740234 0.683594 0.742188 0.681641 0.744141 0.681641 0.746094 0.679688 0.748047 0.679688 0.751953 0.677734 0.753906 0.677734 0.775391 0.679688 0.777344 0.681641 0.777344 0.685547 0.781250 0.687500 0.781250 0.689453 0.783203 0.693359 0.783203 0.695312 0.785156 0.699219 0.785156 0.701172 0.787109 0.710938 0.787109 0.712891 0.789062 0.716797 0.789062 0.718750 0.791016 0.724609 0.791016 0.726562 0.789062 0.730469 0.789062 0.732422 0.787109 0.732422 0.785156 0.736328 0.781250 0.736328 0.753906 0.734375 0.751953 0.734375 0.748047 0.732422 0.746094 0.732422 0.744141 0.722656 0.734375 0.720703 0.734375 0.716797 0.730469 0.714844 0.730469 0.712891 0.728516
0 0.068359 0.746094 0.066406 0.748047 0.058594 0.748047 0.058594 0.750000 0.060547 0.750000 0.062500 0.751953 0.062500 0.753906 0.064453 0.755859 0.064453 0.757812 0.066406 0.759766 0.066406 0.767578 0.064453 0.769531 0.064453 0.773438 0.062500 0.775391 0.062500 0.777344 0.064453 0.779297 0.066406 0.779297 0.068359 0.781250 0.074219 0.781250 0.076172 0.783203 0.085938 0.783203 0.087891 0.781250 0.089844 0.781250 0.091797 0.779297 0.093750 0.779297 0.095703 0.777344 0.101562 0.777344 0.101562 0.775391 0.103516 0.773438 0.103516 0.759766 0.101562 0.757812 0.101562 0.755859 0.099609 0.753906 0.099609 0.751953 0.097656 0.750000 0.097656 0.748047 0.089844 0.748047 0.087891 0.746094
0 0.173828 0.734375 0.167969 0.740234 0.167969 0.742188 0.166016 0.744141 0.166016 0.751953 0.167969 0.753906 0.167969 0.769531 0.166016 0.771484 0.166016 0.777344 0.167969 0.779297 0.167969 0.783203 0.169922 0.785156 0.169922 0.787109 0.171875 0.789062 0.171875 0.791016 0.177734 0.796875 0.189453 0.796875 0.191406 0.794922 0.195312 0.794922 0.207031 0.783203 0.207031 0.781250 0.210938 0.777344 0.210938 0.773438 0.212891 0.771484 0.212891 0.757812 0.210938 0.755859 0.210938 0.751953 0.207031 0.748047 0.207031 0.746094 0.203125 0.746094 0.199219 0.742188 0.197266 0.742188 0.195312 0.740234 0.195312 0.738281 0.193359 0.738281 0.189453 0.734375
0 0.035156 0.742188 0.033203 0.744141 0.031250 0.744141 0.029297 0.746094 0.027344 0.746094 0.025391 0.748047 0.021484 0.748047 0.017578 0.751953 0.013672 0.751953 0.011719 0.753906 0.009766 0.753906 0.005859 0.757812 0.003906 0.757812 0.001953 0.759766 0.000000 0.759766 0.000000 0.802734 0.003906 0.802734 0.005859 0.804688 0.009766 0.804688 0.011719 0.806641 0.013672 0.806641 0.015625 0.808594 0.019531 0.808594 0.021484 0.810547 0.027344 0.810547 0.048828 0.789062 0.050781 0.789062 0.058594 0.781250 0.058594 0.779297 0.060547 0.777344 0.060547 0.775391 0.062500 0.773438 0.062500 0.769531 0.064453 0.767578 0.064453 0.759766 0.062500 0.757812 0.062500 0.755859 0.060547 0.753906 0.060547 0.751953 0.058594 0.751953 0.056641 0.750000 0.056641 0.748047 0.054688 0.746094 0.054688 0.744141 0.050781 0.744141 0.048828 0.742188
0 0.550781 0.757812 0.548828 0.759766 0.546875 0.759766 0.544922 0.761719 0.542969 0.761719 0.541016 0.763672 0.539062 0.763672 0.539062 0.765625 0.535156 0.769531 0.535156 0.773438 0.533203 0.775391 0.533203 0.785156 0.535156 0.787109 0.537109 0.787109 0.546875 0.796875 0.546875 0.800781 0.548828 0.802734 0.548828 0.818359 0.582031 0.818359 0.585938 0.814453 0.587891 0.814453 0.587891 0.806641 0.585938 0.804688 0.585938 0.787109 0.587891 0.785156 0.587891 0.781250 0.589844 0.779297 0.589844 0.771484 0.585938 0.767578 0.585938 0.765625 0.582031 0.761719 0.578125 0.761719 0.576172 0.759766 0.570312 0.759766 0.568359 0.757812
0 0.619141 0.761719 0.617188 0.763672 0.611328 0.763672 0.607422 0.767578 0.605469 0.767578 0.599609 0.773438 0.597656 0.773438 0.589844 0.781250 0.589844 0.785156 0.587891 0.787109 0.587891 0.804688 0.589844 0.806641 0.589844 0.814453 0.591797 0.816406 0.591797 0.818359 0.593750 0.820312 0.597656 0.820312 0.601562 0.824219 0.603516 0.824219 0.607422 0.828125 0.628906 0.828125 0.630859 0.826172 0.634766 0.826172 0.636719 0.824219 0.638672 0.824219 0.640625 0.822266 0.642578 0.822266 0.644531 0.820312 0.646484 0.820312 0.648438 0.818359 0.650391 0.818359 0.656250 0.812500 0.658203 0.812500 0.658203 0.810547 0.660156 0.808594 0.662109 0.808594 0.662109 0.806641 0.664062 0.804688 0.664062 0.800781 0.666016 0.798828 0.666016 0.789062 0.664062 0.787109 0.664062 0.779297 0.660156 0.775391 0.660156 0.773438 0.658203 0.773438 0.656250 0.771484 0.654297 0.771484 0.652344 0.769531 0.650391 0.769531 0.648438 0.767578 0.646484 0.767578 0.642578 0.763672 0.640625 0.763672 0.638672 0.761719
0 0.316406 0.773438 0.314453 0.775391 0.312500 0.775391 0.310547 0.777344 0.302734 0.777344 0.300781 0.779297 0.298828 0.779297 0.296875 0.781250 0.296875 0.798828 0.298828 0.800781 0.298828 0.808594 0.300781 0.810547 0.300781 0.812500 0.302734 0.814453 0.302734 0.818359 0.304688 0.818359 0.306641 0.820312 0.306641 0.822266 0.310547 0.826172 0.312500 0.826172 0.316406 0.830078 0.318359 0.830078 0.322266 0.833984 0.326172 0.833984 0.328125 0.835938 0.339844 0.835938 0.341797 0.833984 0.345703 0.833984 0.351562 0.828125 0.351562 0.826172 0.353516 0.824219 0.353516 0.820312 0.355469 0.818359 0.355469 0.814453 0.357422 0.812500 0.357422 0.806641 0.359375 0.804688 0.359375 0.792969 0.357422 0.791016 0.357422 0.785156 0.353516 0.781250 0.353516 0.779297 0.351562 0.777344 0.349609 0.777344 0.347656 0.775391 0.345703 0.775391 0.343750 0.773438
0 0.521484 0.785156 0.519531 0.787109 0.515625 0.787109 0.513672 0.789062 0.511719 0.789062 0.509766 0.791016 0.509766 0.794922 0.515625 0.794922 0.517578 0.796875 0.519531 0.796875 0.533203 0.810547 0.533203 0.812500 0.535156 0.814453 0.535156 0.820312 0.537109 0.822266 0.537109 0.824219 0.539062 0.824219 0.541016 0.822266 0.544922 0.822266 0.544922 0.820312 0.546875 0.818359 0.546875 0.802734 0.544922 0.800781 0.544922 0.796875 0.537109 0.789062 0.535156 0.789062 0.531250 0.785156
0 0.232422 0.777344 0.230469 0.779297 0.228516 0.779297 0.220703 0.787109 0.220703 0.789062 0.216797 0.792969 0.216797 0.808594 0.218750 0.810547 0.218750 0.814453 0.220703 0.816406 0.220703 0.820312 0.222656 0.822266 0.222656 0.824219 0.224609 0.826172 0.224609 0.828125 0.228516 0.832031 0.228516 0.833984 0.236328 0.841797 0.238281 0.841797 0.240234 0.843750 0.257812 0.843750 0.259766 0.841797 0.261719 0.841797 0.267578 0.835938 0.267578 0.833984 0.271484 0.830078 0.271484 0.828125 0.277344 0.822266 0.277344 0.802734 0.275391 0.800781 0.275391 0.798828 0.273438 0.796875 0.273438 0.794922 0.269531 0.791016 0.269531 0.787109 0.263672 0.781250 0.261719 0.781250 0.259766 0.779297 0.257812 0.779297 0.255859 0.777344
0 0.445312 0.806641 0.443359 0.808594 0.441406 0.808594 0.439453 0.810547 0.437500 0.810547 0.437500 0.816406 0.435547 0.818359 0.435547 0.820312 0.437500 0.822266 0.437500 0.832031 0.439453 0.833984 0.439453 0.835938 0.449219 0.835938 0.451172 0.837891 0.455078 0.837891 0.457031 0.839844 0.458984 0.839844 0.460938 0.841797 0.462891 0.839844 0.462891 0.837891 0.466797 0.833984 0.466797 0.830078 0.468750 0.828125 0.468750 0.826172 0.470703 0.824219 0.470703 0.816406 0.468750 0.814453 0.468750 0.812500 0.466797 0.810547 0.466797 0.808594 0.464844 0.808594 0.462891 0.806641
0 0.974609 0.783203 0.972656 0.785156 0.970703 0.785156 0.968750 0.787109 0.966797 0.787109 0.966797 0.792969 0.964844 0.794922 0.964844 0.800781 0.966797 0.802734 0.966797 0.818359 0.968750 0.820312 0.968750 0.824219 0.970703 0.826172 0.970703 0.832031 0.974609 0.835938 0.974609 0.839844 0.976562 0.841797 0.976562 0.843750 0.978516 0.845703 0.978516 0.849609 0.980469 0.851562 0.980469 0.855469 0.982422 0.857422 0.982422 0.859375 0.984375 0.861328 0.984375 0.863281 0.986328 0.865234 0.988281 0.865234 0.990234 0.867188 0.998047 0.867188 0.998047 0.785156 0.996094 0.783203
0 0.498047 0.794922 0.494141 0.798828 0.494141 0.800781 0.490234 0.804688 0.490234 0.806641 0.488281 0.808594 0.488281 0.812500 0.486328 0.814453 0.486328 0.824219 0.500000 0.837891 0.501953 0.837891 0.505859 0.841797 0.507812 0.841797 0.511719 0.845703 0.513672 0.845703 0.523438 0.855469 0.525391 0.855469 0.527344 0.857422 0.529297 0.857422 0.531250 0.855469 0.533203 0.855469 0.533203 0.851562 0.535156 0.849609 0.535156 0.841797 0.537109 0.839844 0.537109 0.830078 0.535156 0.828125 0.535156 0.822266 0.533203 0.820312 0.533203 0.814453 0.531250 0.812500 0.531250 0.810547 0.519531 0.798828 0.517578 0.798828 0.515625 0.796875 0.509766 0.796875 0.507812 0.794922
0 0.798828 0.804688 0.796875 0.806641 0.787109 0.806641 0.785156 0.808594 0.783203 0.808594 0.781250 0.810547 0.779297 0.810547 0.777344 0.812500 0.775391 0.812500 0.769531 0.818359 0.769531 0.826172 0.771484 0.828125 0.771484 0.835938 0.773438 0.835938 0.775391 0.837891 0.775391 0.839844 0.779297 0.843750 0.783203 0.843750 0.787109 0.847656 0.789062 0.847656 0.791016 0.849609 0.792969 0.849609 0.794922 0.851562 0.796875 0.851562 0.798828 0.853516 0.802734 0.853516 0.804688 0.855469 0.820312 0.855469 0.822266 0.853516 0.824219 0.853516 0.826172 0.851562 0.828125 0.851562 0.828125 0.849609 0.830078 0.847656 0.830078 0.833984 0.828125 0.832031 0.828125 0.824219 0.824219 0.820312 0.824219 0.818359 0.820312 0.814453 0.818359 0.814453 0.816406 0.812500 0.816406 0.810547 0.814453 0.810547 0.812500 0.808594 0.810547 0.808594 0.808594 0.806641 0.806641 0.806641 0.804688 0.804688
0 0.183594 0.818359 0.181641 0.820312 0.179688 0.820312 0.175781 0.824219 0.175781 0.826172 0.173828 0.828125 0.173828 0.830078 0.169922 0.833984 0.169922 0.837891 0.167969 0.839844 0.167969 0.871094 0.169922 0.873047 0.169922 0.876953 0.171875 0.878906 0.171875 0.880859 0.173828 0.882812 0.175781 0.882812 0.177734 0.884766 0.181641 0.884766 0.183594 0.886719 0.197266 0.886719 0.199219 0.888672 0.205078 0.888672 0.207031 0.886719 0.212891 0.886719 0.212891 0.884766 0.218750 0.878906 0.218750 0.876953 0.220703 0.875000 0.220703 0.871094 0.222656 0.869141 0.222656 0.853516 0.220703 0.851562 0.220703 0.847656 0.218750 0.845703 0.218750 0.843750 0.216797 0.841797 0.216797 0.839844 0.214844 0.837891 0.214844 0.835938 0.212891 0.833984 0.212891 0.830078 0.207031 0.824219 0.207031 0.822266 0.205078 0.822266 0.201172 0.818359
0 0.730469 0.824219 0.728516 0.826172 0.726562 0.826172 0.722656 0.830078 0.722656 0.832031 0.720703 0.833984 0.718750 0.833984 0.712891 0.839844 0.712891 0.841797 0.710938 0.843750 0.710938 0.847656 0.707031 0.851562 0.707031 0.853516 0.705078 0.855469 0.705078 0.859375 0.703125 0.861328 0.703125 0.871094 0.707031 0.875000 0.708984 0.875000 0.712891 0.878906 0.716797 0.878906 0.718750 0.880859 0.726562 0.880859 0.728516 0.882812 0.751953 0.882812 0.753906 0.880859 0.757812 0.880859 0.761719 0.876953 0.761719 0.873047 0.763672 0.871094 0.763672 0.867188 0.761719 0.865234 0.761719 0.857422 0.759766 0.855469 0.759766 0.853516 0.757812 0.851562 0.757812 0.845703 0.755859 0.843750 0.755859 0.839844 0.753906 0.837891 0.753906 0.835938 0.751953 0.833984 0.751953 0.832031 0.750000 0.832031 0.748047 0.830078 0.748047 0.828125 0.744141 0.828125 0.742188 0.826172 0.740234 0.826172 0.738281 0.824219
0 0.435547 0.837891 0.433594 0.839844 0.429688 0.839844 0.423828 0.845703 0.421875 0.845703 0.419922 0.847656 0.419922 0.849609 0.416016 0.853516 0.416016 0.859375 0.414062 0.861328 0.414062 0.876953 0.421875 0.884766 0.427734 0.884766 0.429688 0.882812 0.435547 0.882812 0.439453 0.878906 0.441406 0.878906 0.447266 0.873047 0.449219 0.873047 0.451172 0.871094 0.453125 0.871094 0.458984 0.865234 0.460938 0.865234 0.464844 0.861328 0.464844 0.857422 0.466797 0.855469 0.466797 0.853516 0.464844 0.851562 0.464844 0.847656 0.458984 0.841797 0.457031 0.841797 0.455078 0.839844 0.451172 0.839844 0.449219 0.837891
0 0.294922 0.841797 0.292969 0.843750 0.289062 0.843750 0.287109 0.845703 0.283203 0.845703 0.279297 0.849609 0.275391 0.849609 0.271484 0.853516 0.269531 0.853516 0.267578 0.855469 0.267578 0.869141 0.269531 0.871094 0.269531 0.873047 0.271484 0.875000 0.271484 0.876953 0.275391 0.880859 0.279297 0.880859 0.287109 0.888672 0.287109 0.890625 0.298828 0.890625 0.300781 0.888672 0.304688 0.888672 0.306641 0.886719 0.308594 0.886719 0.316406 0.878906 0.318359 0.878906 0.318359 0.876953 0.322266 0.873047 0.322266 0.857422 0.320312 0.855469 0.320312 0.853516 0.318359 0.851562 0.318359 0.849609 0.314453 0.845703 0.312500 0.845703 0.310547 0.843750 0.304688 0.843750 0.302734 0.841797
0 0.083984 0.845703 0.080078 0.849609 0.076172 0.849609 0.072266 0.853516 0.072266 0.855469 0.070312 0.857422 0.068359 0.857422 0.068359 0.859375 0.066406 0.861328 0.062500 0.861328 0.060547 0.863281 0.056641 0.863281 0.056641 0.886719 0.058594 0.888672 0.058594 0.892578 0.060547 0.894531 0.060547 0.898438 0.062500 0.900391 0.062500 0.904297 0.064453 0.906250 0.083984 0.906250 0.085938 0.904297 0.093750 0.904297 0.095703 0.902344 0.099609 0.902344 0.103516 0.898438 0.107422 0.898438 0.113281 0.892578 0.113281 0.871094 0.111328 0.869141 0.111328 0.865234 0.109375 0.863281 0.109375 0.861328 0.103516 0.855469 0.103516 0.853516 0.101562 0.851562 0.101562 0.849609 0.093750 0.849609 0.089844 0.845703
0 0.669922 0.869141 0.666016 0.873047 0.664062 0.873047 0.660156 0.876953 0.660156 0.882812 0.658203 0.884766 0.658203 0.890625 0.660156 0.892578 0.660156 0.900391 0.662109 0.902344 0.662109 0.904297 0.666016 0.908203 0.667969 0.908203 0.669922 0.910156 0.671875 0.910156 0.673828 0.912109 0.677734 0.912109 0.679688 0.914062 0.681641 0.914062 0.685547 0.917969 0.687500 0.917969 0.689453 0.919922 0.691406 0.919922 0.693359 0.921875 0.697266 0.921875 0.699219 0.923828 0.701172 0.923828 0.703125 0.925781 0.710938 0.925781 0.712891 0.927734 0.722656 0.927734 0.724609 0.925781 0.726562 0.925781 0.728516 0.923828 0.730469 0.923828 0.734375 0.919922 0.734375 0.914062 0.736328 0.912109 0.736328 0.898438 0.734375 0.896484 0.734375 0.894531 0.728516 0.888672 0.726562 0.888672 0.722656 0.884766 0.716797 0.884766 0.714844 0.882812 0.710938 0.882812 0.708984 0.880859 0.703125 0.880859 0.701172 0.878906 0.699219 0.878906 0.697266 0.876953 0.693359 0.876953 0.689453 0.873047 0.687500 0.873047 0.685547 0.871094 0.681641 0.871094 0.679688 0.869141
0 0.242188 0.876953 0.240234 0.878906 0.238281 0.878906 0.236328 0.880859 0.234375 0.880859 0.232422 0.882812 0.230469 0.882812 0.226562 0.886719 0.224609 0.886719 0.220703 0.890625 0.220703 0.892578 0.214844 0.898438 0.214844 0.900391 0.212891 0.902344 0.212891 0.919922 0.214844 0.919922 0.216797 0.921875 0.218750 0.921875 0.220703 0.923828 0.222656 0.923828 0.230469 0.931641 0.230469 0.935547 0.246094 0.935547 0.248047 0.933594 0.251953 0.933594 0.253906 0.931641 0.255859 0.931641 0.259766 0.927734 0.261719 0.927734 0.265625 0.923828 0.267578 0.923828 0.275391 0.916016 0.277344 0.916016 0.277344 0.914062 0.279297 0.912109 0.281250 0.912109 0.281250 0.910156 0.283203 0.908203 0.283203 0.906250 0.285156 0.904297 0.285156 0.902344 0.287109 0.900391 0.287109 0.896484 0.285156 0.894531 0.285156 0.888672 0.279297 0.882812 0.275391 0.882812 0.273438 0.880859 0.271484 0.880859 0.269531 0.878906 0.265625 0.878906 0.263672 0.876953
0 0.886719 0.878906 0.884766 0.880859 0.884766 0.882812 0.882812 0.884766 0.882812 0.886719 0.880859 0.888672 0.880859 0.908203 0.882812 0.910156 0.882812 0.912109 0.884766 0.914062 0.884766 0.916016 0.892578 0.923828 0.892578 0.925781 0.894531 0.925781 0.896484 0.927734 0.898438 0.927734 0.900391 0.929688 0.902344 0.929688 0.904297 0.931641 0.908203 0.931641 0.910156 0.933594 0.916016 0.933594 0.917969 0.935547 0.943359 0.935547 0.945312 0.933594 0.947266 0.933594 0.951172 0.929688 0.953125 0.929688 0.953125 0.927734 0.955078 0.925781 0.957031 0.925781 0.957031 0.921875 0.958984 0.919922 0.958984 0.906250 0.957031 0.904297 0.957031 0.900391 0.951172 0.894531 0.949219 0.894531 0.947266 0.892578 0.943359 0.892578 0.941406 0.894531 0.931641 0.894531 0.929688 0.892578 0.919922 0.892578 0.917969 0.890625 0.916016 0.890625 0.914062 0.888672 0.912109 0.888672 0.910156 0.886719 0.910156 0.884766 0.904297 0.878906
0 0.787109 0.884766 0.785156 0.886719 0.783203 0.886719 0.781250 0.888672 0.775391 0.888672 0.775391 0.890625 0.773438 0.892578 0.769531 0.892578 0.767578 0.894531 0.765625 0.894531 0.765625 0.896484 0.763672 0.898438 0.763672 0.925781 0.767578 0.929688 0.767578 0.935547 0.773438 0.941406 0.775391 0.941406 0.777344 0.943359 0.779297 0.943359 0.781250 0.945312 0.792969 0.945312 0.798828 0.939453 0.800781 0.939453 0.800781 0.937500 0.804688 0.933594 0.804688 0.931641 0.806641 0.929688 0.808594 0.929688 0.808594 0.927734 0.812500 0.923828 0.812500 0.921875 0.816406 0.917969 0.816406 0.916016 0.818359 0.914062 0.818359 0.912109 0.820312 0.910156 0.820312 0.898438 0.818359 0.898438 0.816406 0.896484 0.816406 0.894531 0.812500 0.890625 0.812500 0.888672 0.810547 0.888672 0.808594 0.886719 0.806641 0.886719 0.804688 0.884766
0 0.140625 0.902344 0.138672 0.904297 0.134766 0.904297 0.132812 0.906250 0.130859 0.906250 0.128906 0.908203 0.128906 0.910156 0.126953 0.912109 0.125000 0.912109 0.125000 0.914062 0.123047 0.916016 0.123047 0.927734 0.125000 0.929688 0.125000 0.935547 0.126953 0.937500 0.126953 0.939453 0.128906 0.941406 0.132812 0.941406 0.134766 0.943359 0.136719 0.943359 0.138672 0.941406 0.144531 0.941406 0.146484 0.939453 0.148438 0.939453 0.152344 0.935547 0.154297 0.935547 0.158203 0.931641 0.158203 0.929688 0.160156 0.927734 0.160156 0.916016 0.158203 0.914062 0.158203 0.912109 0.156250 0.910156 0.156250 0.908203 0.154297 0.906250 0.152344 0.906250 0.148438 0.902344
0 0.605469 0.898438 0.601562 0.902344 0.599609 0.902344 0.583984 0.917969 0.583984 0.919922 0.582031 0.921875 0.582031 0.941406 0.583984 0.943359 0.583984 0.947266 0.587891 0.947266 0.589844 0.949219 0.603516 0.949219 0.605469 0.947266 0.611328 0.947266 0.613281 0.945312 0.617188 0.945312 0.619141 0.943359 0.623047 0.943359 0.625000 0.941406 0.626953 0.941406 0.626953 0.939453 0.632812 0.933594 0.634766 0.933594 0.638672 0.929688 0.638672 0.927734 0.640625 0.925781 0.640625 0.921875 0.642578 0.919922 0.642578 0.904297 0.640625 0.902344 0.640625 0.900391 0.634766 0.900391 0.632812 0.898438
0 0.400391 0.917969 0.402344 0.919922 0.402344 0.921875 0.402344 0.919922
0 0.322266 0.892578 0.318359 0.896484 0.314453 0.896484 0.314453 0.898438 0.310547 0.902344 0.310547 0.908203 0.308594 0.910156 0.308594 0.919922 0.310547 0.921875 0.310547 0.925781 0.314453 0.925781 0.316406 0.927734 0.316406 0.929688 0.318359 0.929688 0.322266 0.933594 0.324219 0.933594 0.328125 0.937500 0.332031 0.937500 0.337891 0.943359 0.339844 0.943359 0.341797 0.945312 0.341797 0.947266 0.347656 0.953125 0.349609 0.953125 0.351562 0.955078 0.351562 0.957031 0.359375 0.957031 0.361328 0.958984 0.363281 0.958984 0.365234 0.960938 0.367188 0.960938 0.367188 0.958984 0.365234 0.958984 0.363281 0.957031 0.363281 0.955078 0.359375 0.955078 0.355469 0.951172 0.355469 0.947266 0.353516 0.945312 0.353516 0.939453 0.355469 0.937500 0.355469 0.935547 0.365234 0.925781 0.365234 0.923828 0.367188 0.921875 0.367188 0.917969 0.369141 0.916016 0.373047 0.916016 0.375000 0.914062 0.384766 0.914062 0.386719 0.912109 0.390625 0.912109 0.386719 0.912109 0.382812 0.908203 0.375000 0.908203 0.373047 0.906250 0.369141 0.906250 0.367188 0.904297 0.361328 0.904297 0.359375 0.902344 0.357422 0.902344 0.355469 0.900391 0.353516 0.900391 0.351562 0.898438 0.349609 0.898438 0.347656 0.896484 0.345703 0.896484 0.343750 0.894531 0.341797 0.894531 0.339844 0.892578
0 0.203125 0.919922 0.201172 0.921875 0.191406 0.921875 0.177734 0.935547 0.177734 0.937500 0.175781 0.939453 0.175781 0.941406 0.173828 0.943359 0.173828 0.945312 0.171875 0.947266 0.171875 0.951172 0.169922 0.953125 0.169922 0.976562 0.171875 0.978516 0.171875 0.980469 0.173828 0.982422 0.173828 0.984375 0.175781 0.986328 0.177734 0.986328 0.179688 0.988281 0.191406 0.988281 0.193359 0.986328 0.197266 0.986328 0.199219 0.984375 0.201172 0.984375 0.203125 0.982422 0.205078 0.982422 0.210938 0.976562 0.212891 0.976562 0.214844 0.974609 0.216797 0.974609 0.228516 0.962891 0.228516 0.957031 0.230469 0.955078 0.230469 0.939453 0.228516 0.937500 0.228516 0.931641 0.222656 0.925781 0.220703 0.925781 0.218750 0.923828 0.216797 0.923828 0.214844 0.921875 0.208984 0.921875 0.207031 0.919922
0 0.386719 0.914062 0.384766 0.916016 0.375000 0.916016 0.373047 0.917969 0.369141 0.917969 0.369141 0.921875 0.367188 0.923828 0.367188 0.925781 0.357422 0.935547 0.357422 0.937500 0.355469 0.939453 0.355469 0.945312 0.357422 0.947266 0.357422 0.951172 0.359375 0.953125 0.363281 0.953125 0.365234 0.955078 0.365234 0.957031 0.367188 0.957031 0.369141 0.958984 0.369141 0.960938 0.375000 0.966797 0.375000 0.968750 0.376953 0.970703 0.376953 0.974609 0.380859 0.978516 0.380859 0.988281 0.382812 0.990234 0.382812 0.992188 0.384766 0.994141 0.384766 0.996094 0.402344 0.996094 0.404297 0.994141 0.404297 0.990234 0.406250 0.988281 0.406250 0.974609 0.408203 0.972656 0.408203 0.935547 0.406250 0.933594 0.406250 0.929688 0.402344 0.925781 0.402344 0.923828 0.400391 0.921875 0.400391 0.919922 0.398438 0.917969 0.398438 0.916016 0.394531 0.916016 0.392578 0.914062
0 0.000000 0.927734 0.000000 0.984375 0.001953 0.982422 0.003906 0.982422 0.005859 0.980469 0.009766 0.980469 0.013672 0.976562 0.015625 0.976562 0.015625 0.972656 0.017578 0.970703 0.017578 0.949219 0.003906 0.935547 0.003906 0.933594 0.000000 0.929688
0 0.640625 0.929688 0.634766 0.935547 0.632812 0.935547 0.628906 0.939453 0.628906 0.941406 0.621094 0.949219 0.621094 0.951172 0.619141 0.953125 0.619141 0.955078 0.621094 0.957031 0.621094 0.972656 0.625000 0.976562 0.625000 0.978516 0.632812 0.986328 0.636719 0.986328 0.638672 0.988281 0.644531 0.988281 0.646484 0.986328 0.650391 0.986328 0.652344 0.984375 0.654297 0.984375 0.658203 0.980469 0.660156 0.980469 0.667969 0.972656 0.669922 0.972656 0.681641 0.960938 0.681641 0.958984 0.683594 0.957031 0.683594 0.953125 0.681641 0.951172 0.681641 0.943359 0.679688 0.941406 0.679688 0.939453 0.671875 0.931641 0.669922 0.931641 0.667969 0.929688
0 0.605469 0.951172 0.599609 0.957031 0.599609 0.960938 0.597656 0.962891 0.597656 0.966797 0.595703 0.968750 0.595703 0.972656 0.597656 0.972656 0.599609 0.974609 0.603516 0.974609 0.605469 0.976562 0.607422 0.976562 0.611328 0.980469 0.613281 0.980469 0.615234 0.978516 0.615234 0.976562 0.617188 0.974609 0.617188 0.970703 0.619141 0.968750 0.619141 0.957031 0.617188 0.955078 0.617188 0.951172
0 0.996094 0.949219 0.996094 0.951172 0.994141 0.953125 0.994141 0.957031 0.986328 0.964844 0.984375 0.964844 0.984375 0.966797 0.982422 0.968750 0.982422 0.972656 0.980469 0.974609 0.980469 0.982422 0.988281 0.990234 0.990234 0.990234 0.992188 0.992188 0.996094 0.992188 0.998047 0.994141 0.998047 0.951172
0 0.796875 0.958984 0.791016 0.964844 0.791016 0.978516 0.792969 0.980469 0.792969 0.984375 0.794922 0.986328 0.794922 0.992188 0.798828 0.996094 0.798828 0.998047 0.835938 0.998047 0.835938 0.986328 0.833984 0.984375 0.833984 0.982422 0.832031 0.980469 0.832031 0.978516 0.830078 0.978516 0.828125 0.976562 0.828125 0.974609 0.826172 0.974609 0.824219 0.972656 0.824219 0.970703 0.822266 0.970703 0.820312 0.968750 0.818359 0.968750 0.814453 0.964844 0.810547 0.964844 0.808594 0.962891 0.804688 0.962891 0.800781 0.958984
0 0.572266 0.974609 0.570312 0.976562 0.568359 0.976562 0.562500 0.982422 0.562500 0.984375 0.560547 0.986328 0.560547 0.992188 0.566406 0.998047 0.626953 0.998047 0.626953 0.996094 0.619141 0.988281 0.617188 0.988281 0.607422 0.978516 0.605469 0.978516 0.603516 0.976562 0.599609 0.976562 0.597656 0.974609
0 0.326172 0.976562 0.324219 0.978516 0.318359 0.978516 0.316406 0.980469 0.314453 0.980469 0.310547 0.984375 0.308594 0.984375 0.308594 0.988281 0.306641 0.990234 0.304688 0.990234 0.300781 0.994141 0.300781 0.996094 0.302734 0.998047 0.351562 0.998047 0.351562 0.996094 0.349609 0.994141 0.349609 0.992188 0.335938 0.978516 0.333984 0.978516 0.332031 0.976562
0 0.261719 0.982422 0.259766 0.984375 0.255859 0.984375 0.253906 0.986328 0.250000 0.986328 0.246094 0.990234 0.244141 0.990234 0.242188 0.992188 0.240234 0.992188 0.236328 0.996094 0.238281 0.998047 0.281250 0.998047 0.281250 0.996094 0.279297 0.994141 0.277344 0.994141 0.275391 0.992188 0.275391 0.990234 0.273438 0.990234 0.269531 0.986328 0.267578 0.986328 0.263672 0.982422
0 0.865234 0.982422 0.865234 0.984375 0.863281 0.986328 0.861328 0.986328 0.857422 0.990234 0.857422 0.994141 0.859375 0.996094 0.861328 0.996094 0.863281 0.998047 0.882812 0.998047 0.882812 0.996094 0.875000 0.988281 0.875000 0.986328 0.873047 0.986328 0.871094 0.984375 0.871094 0.982422
0 0.113281 0.992188 0.111328 0.994141 0.109375 0.994141 0.107422 0.996094 0.111328 0.996094 0.113281 0.998047 0.134766 0.998047 0.134766 0.996094 0.130859 0.992188
