0 0.294922 0.001953 0.298828 0.005859 0.298828 0.007812 0.300781 0.009766 0.300781 0.011719 0.308594 0.019531 0.308594 0.021484 0.310547 0.023438 0.312500 0.023438 0.316406 0.027344 0.335938 0.027344 0.337891 0.025391 0.339844 0.025391 0.343750 0.021484 0.351562 0.021484 0.359375 0.013672 0.359375 0.011719 0.361328 0.009766 0.363281 0.009766 0.365234 0.007812 0.367188 0.007812 0.371094 0.003906 0.332031 0.003906 0.330078 0.001953
0 0.625000 0.000000 0.623047 0.001953 0.589844 0.001953 0.587891 0.003906 0.587891 0.015625 0.589844 0.017578 0.589844 0.025391 0.591797 0.025391 0.593750 0.027344 0.593750 0.029297 0.597656 0.033203 0.599609 0.033203 0.601562 0.035156 0.617188 0.035156 0.619141 0.037109 0.628906 0.037109 0.632812 0.033203 0.636719 0.033203 0.638672 0.031250 0.640625 0.031250 0.642578 0.029297 0.646484 0.029297 0.648438 0.027344 0.652344 0.027344 0.652344 0.025391 0.654297 0.023438 0.654297 0.021484 0.658203 0.017578 0.658203 0.005859 0.656250 0.003906 0.656250 0.000000
0 0.962891 0.000000 0.964844 0.001953 0.964844 0.007812 0.966797 0.009766 0.966797 0.011719 0.968750 0.013672 0.968750 0.017578 0.970703 0.019531 0.970703 0.021484 0.972656 0.023438 0.972656 0.025391 0.976562 0.029297 0.976562 0.033203 0.982422 0.039062 0.988281 0.039062 0.990234 0.041016 0.990234 0.042969 0.998047 0.042969 0.998047 0.001953 0.964844 0.001953
0 0.648438 0.029297 0.646484 0.031250 0.642578 0.031250 0.640625 0.033203 0.638672 0.033203 0.636719 0.035156 0.632812 0.035156 0.630859 0.037109 0.630859 0.039062 0.621094 0.048828 0.621094 0.050781 0.611328 0.060547 0.611328 0.062500 0.609375 0.064453 0.609375 0.066406 0.605469 0.070312 0.605469 0.080078 0.601562 0.083984 0.601562 0.085938 0.599609 0.087891 0.599609 0.089844 0.601562 0.087891 0.632812 0.087891 0.634766 0.085938 0.654297 0.085938 0.656250 0.083984 0.662109 0.083984 0.664062 0.082031 0.666016 0.082031 0.669922 0.078125 0.669922 0.074219 0.673828 0.070312 0.673828 0.054688 0.671875 0.052734 0.671875 0.042969 0.669922 0.041016 0.669922 0.037109 0.666016 0.033203 0.666016 0.031250 0.664062 0.029297
0 0.478516 0.068359 0.476562 0.070312 0.474609 0.070312 0.472656 0.072266 0.470703 0.072266 0.466797 0.076172 0.464844 0.076172 0.458984 0.082031 0.458984 0.083984 0.455078 0.087891 0.455078 0.089844 0.449219 0.095703 0.449219 0.123047 0.451172 0.125000 0.451172 0.126953 0.453125 0.128906 0.453125 0.130859 0.455078 0.132812 0.455078 0.134766 0.457031 0.134766 0.458984 0.136719 0.458984 0.138672 0.460938 0.140625 0.460938 0.142578 0.462891 0.142578 0.468750 0.148438 0.470703 0.148438 0.474609 0.152344 0.478516 0.152344 0.480469 0.154297 0.486328 0.154297 0.488281 0.156250 0.494141 0.156250 0.496094 0.158203 0.501953 0.158203 0.503906 0.160156 0.515625 0.160156 0.517578 0.158203 0.519531 0.158203 0.521484 0.156250 0.521484 0.146484 0.525391 0.142578 0.525391 0.140625 0.533203 0.132812 0.533203 0.130859 0.537109 0.126953 0.537109 0.125000 0.539062 0.123047 0.539062 0.121094 0.541016 0.119141 0.541016 0.115234 0.542969 0.113281 0.542969 0.109375 0.544922 0.107422 0.544922 0.097656 0.541016 0.093750 0.541016 0.091797 0.539062 0.091797 0.531250 0.083984 0.531250 0.082031 0.527344 0.078125 0.527344 0.076172 0.525391 0.076172 0.523438 0.074219 0.515625 0.074219 0.513672 0.072266 0.511719 0.072266 0.509766 0.070312 0.496094 0.070312 0.494141 0.068359
0 0.107422 0.080078 0.105469 0.082031 0.105469 0.113281 0.103516 0.115234 0.103516 0.121094 0.101562 0.123047 0.101562 0.125000 0.099609 0.126953 0.099609 0.132812 0.097656 0.134766 0.097656 0.136719 0.095703 0.138672 0.095703 0.140625 0.093750 0.142578 0.093750 0.146484 0.089844 0.150391 0.089844 0.154297 0.087891 0.156250 0.087891 0.160156 0.083984 0.164062 0.083984 0.175781 0.085938 0.177734 0.097656 0.177734 0.101562 0.173828 0.103516 0.173828 0.103516 0.171875 0.107422 0.167969 0.107422 0.166016 0.111328 0.162109 0.111328 0.160156 0.113281 0.158203 0.113281 0.156250 0.115234 0.154297 0.115234 0.150391 0.117188 0.148438 0.117188 0.146484 0.121094 0.142578 0.121094 0.140625 0.123047 0.138672 0.123047 0.136719 0.125000 0.134766 0.125000 0.132812 0.126953 0.130859 0.126953 0.128906 0.128906 0.126953 0.128906 0.113281 0.130859 0.111328 0.130859 0.107422 0.132812 0.105469 0.132812 0.083984 0.130859 0.083984 0.128906 0.082031 0.119141 0.082031 0.117188 0.080078
0 0.841797 0.166016 0.839844 0.167969 0.837891 0.167969 0.835938 0.169922 0.830078 0.169922 0.828125 0.171875 0.833984 0.171875 0.837891 0.167969 0.839844 0.167969 0.841797 0.166016 0.845703 0.166016
0 0.857422 0.156250 0.855469 0.158203 0.853516 0.158203 0.853516 0.160156 0.851562 0.162109 0.849609 0.162109 0.853516 0.162109 0.853516 0.160156
0 0.859375 0.150391 0.859375 0.152344 0.861328 0.150391
0 0.828125 0.105469 0.826172 0.107422 0.824219 0.107422 0.822266 0.109375 0.816406 0.109375 0.816406 0.111328 0.810547 0.117188 0.808594 0.117188 0.808594 0.119141 0.806641 0.121094 0.806641 0.123047 0.802734 0.126953 0.802734 0.130859 0.804688 0.128906 0.806641 0.128906 0.810547 0.125000 0.814453 0.125000 0.816406 0.123047 0.818359 0.123047 0.820312 0.121094 0.843750 0.121094 0.847656 0.125000 0.849609 0.125000 0.851562 0.126953 0.855469 0.126953 0.863281 0.134766 0.863281 0.126953 0.861328 0.125000 0.861328 0.121094 0.849609 0.109375 0.847656 0.109375 0.845703 0.107422 0.843750 0.107422 0.841797 0.105469
0 0.066406 0.113281 0.064453 0.115234 0.060547 0.115234 0.060547 0.117188 0.058594 0.119141 0.056641 0.119141 0.056641 0.121094 0.054688 0.123047 0.052734 0.123047 0.050781 0.125000 0.050781 0.130859 0.048828 0.132812 0.046875 0.132812 0.046875 0.134766 0.044922 0.136719 0.044922 0.142578 0.042969 0.144531 0.042969 0.146484 0.041016 0.148438 0.041016 0.150391 0.039062 0.152344 0.039062 0.162109 0.041016 0.164062 0.041016 0.166016 0.044922 0.166016 0.046875 0.167969 0.064453 0.167969 0.066406 0.166016 0.068359 0.166016 0.070312 0.164062 0.072266 0.164062 0.074219 0.162109 0.074219 0.160156 0.076172 0.158203 0.080078 0.158203 0.080078 0.156250 0.082031 0.154297 0.082031 0.126953 0.080078 0.125000 0.080078 0.119141 0.078125 0.119141 0.072266 0.113281
0 0.820312 0.123047 0.818359 0.125000 0.816406 0.125000 0.814453 0.126953 0.810547 0.126953 0.806641 0.130859 0.804688 0.130859 0.802734 0.132812 0.800781 0.132812 0.796875 0.136719 0.794922 0.136719 0.792969 0.138672 0.791016 0.138672 0.785156 0.144531 0.783203 0.144531 0.781250 0.146484 0.777344 0.146484 0.777344 0.148438 0.775391 0.150391 0.771484 0.150391 0.769531 0.152344 0.769531 0.154297 0.767578 0.156250 0.765625 0.156250 0.761719 0.160156 0.759766 0.160156 0.759766 0.162109 0.757812 0.164062 0.757812 0.179688 0.761719 0.183594 0.761719 0.185547 0.763672 0.187500 0.763672 0.189453 0.765625 0.191406 0.765625 0.193359 0.769531 0.197266 0.773438 0.193359 0.775391 0.193359 0.779297 0.189453 0.781250 0.189453 0.783203 0.187500 0.789062 0.187500 0.791016 0.185547 0.792969 0.185547 0.796875 0.181641 0.798828 0.181641 0.800781 0.179688 0.802734 0.179688 0.804688 0.177734 0.812500 0.177734 0.818359 0.171875 0.826172 0.171875 0.830078 0.167969 0.835938 0.167969 0.837891 0.166016 0.839844 0.166016 0.841797 0.164062 0.845703 0.164062 0.849609 0.160156 0.851562 0.160156 0.851562 0.158203 0.853516 0.156250 0.855469 0.156250 0.857422 0.154297 0.857422 0.150391 0.859375 0.148438 0.861328 0.148438 0.861328 0.146484 0.863281 0.144531 0.863281 0.136719 0.855469 0.128906 0.851562 0.128906 0.849609 0.126953 0.847656 0.126953 0.843750 0.123047
0 0.283203 0.164062 0.281250 0.166016 0.277344 0.166016 0.275391 0.167969 0.271484 0.167969 0.267578 0.171875 0.267578 0.173828 0.265625 0.175781 0.265625 0.177734 0.263672 0.179688 0.263672 0.181641 0.261719 0.183594 0.261719 0.185547 0.263672 0.185547 0.271484 0.193359 0.273438 0.193359 0.275391 0.195312 0.277344 0.195312 0.281250 0.199219 0.285156 0.199219 0.289062 0.203125 0.292969 0.203125 0.294922 0.205078 0.296875 0.205078 0.298828 0.207031 0.304688 0.207031 0.306641 0.208984 0.339844 0.208984 0.341797 0.210938 0.376953 0.210938 0.382812 0.205078 0.382812 0.199219 0.384766 0.197266 0.384766 0.193359 0.386719 0.191406 0.386719 0.185547 0.388672 0.183594 0.388672 0.177734 0.384766 0.173828 0.382812 0.173828 0.380859 0.171875 0.378906 0.171875 0.376953 0.169922 0.373047 0.169922 0.371094 0.167969 0.357422 0.167969 0.355469 0.166016 0.316406 0.166016 0.314453 0.164062
0 0.191406 0.162109 0.189453 0.164062 0.185547 0.164062 0.181641 0.167969 0.179688 0.167969 0.177734 0.169922 0.177734 0.171875 0.173828 0.175781 0.173828 0.177734 0.171875 0.179688 0.171875 0.195312 0.173828 0.197266 0.173828 0.199219 0.177734 0.203125 0.177734 0.207031 0.181641 0.210938 0.181641 0.212891 0.183594 0.214844 0.183594 0.216797 0.185547 0.216797 0.187500 0.218750 0.187500 0.220703 0.189453 0.222656 0.226562 0.222656 0.232422 0.216797 0.232422 0.214844 0.234375 0.212891 0.236328 0.212891 0.238281 0.210938 0.238281 0.208984 0.240234 0.207031 0.242188 0.207031 0.246094 0.203125 0.246094 0.201172 0.251953 0.195312 0.251953 0.193359 0.253906 0.191406 0.253906 0.181641 0.251953 0.179688 0.250000 0.179688 0.244141 0.173828 0.240234 0.173828 0.238281 0.171875 0.232422 0.171875 0.230469 0.169922 0.228516 0.169922 0.220703 0.162109
0 0.679688 0.156250 0.677734 0.158203 0.675781 0.158203 0.673828 0.160156 0.673828 0.164062 0.669922 0.167969 0.669922 0.173828 0.667969 0.175781 0.667969 0.201172 0.673828 0.207031 0.673828 0.208984 0.675781 0.210938 0.675781 0.214844 0.679688 0.218750 0.679688 0.220703 0.681641 0.222656 0.681641 0.226562 0.683594 0.228516 0.683594 0.230469 0.685547 0.230469 0.687500 0.232422 0.687500 0.234375 0.689453 0.236328 0.708984 0.236328 0.712891 0.232422 0.712891 0.230469 0.714844 0.228516 0.714844 0.226562 0.718750 0.222656 0.718750 0.191406 0.716797 0.189453 0.716797 0.183594 0.708984 0.175781 0.708984 0.173828 0.707031 0.171875 0.707031 0.169922 0.705078 0.167969 0.705078 0.164062 0.703125 0.164062 0.697266 0.158203 0.689453 0.158203 0.687500 0.156250
0 0.785156 0.201172 0.785156 0.203125 0.783203 0.205078 0.781250 0.205078 0.779297 0.207031 0.779297 0.208984 0.777344 0.210938 0.775391 0.210938 0.775391 0.212891 0.771484 0.216797 0.771484 0.226562 0.773438 0.228516 0.773438 0.240234 0.775391 0.242188 0.775391 0.250000 0.779297 0.253906 0.779297 0.255859 0.781250 0.257812 0.783203 0.257812 0.785156 0.259766 0.792969 0.259766 0.794922 0.257812 0.796875 0.257812 0.796875 0.255859 0.800781 0.251953 0.800781 0.250000 0.802734 0.248047 0.802734 0.244141 0.806641 0.240234 0.806641 0.238281 0.808594 0.236328 0.808594 0.230469 0.810547 0.228516 0.810547 0.226562 0.812500 0.224609 0.812500 0.218750 0.814453 0.216797 0.814453 0.210938 0.812500 0.208984 0.808594 0.208984 0.802734 0.203125 0.796875 0.203125 0.794922 0.201172
0 0.453125 0.226562 0.447266 0.232422 0.443359 0.232422 0.443359 0.234375 0.437500 0.240234 0.437500 0.248047 0.435547 0.250000 0.435547 0.269531 0.437500 0.271484 0.437500 0.275391 0.439453 0.277344 0.439453 0.287109 0.441406 0.289062 0.441406 0.292969 0.443359 0.294922 0.443359 0.298828 0.449219 0.304688 0.451172 0.304688 0.453125 0.306641 0.490234 0.306641 0.492188 0.304688 0.494141 0.304688 0.498047 0.300781 0.500000 0.300781 0.501953 0.298828 0.501953 0.296875 0.505859 0.292969 0.505859 0.281250 0.507812 0.279297 0.507812 0.257812 0.505859 0.255859 0.505859 0.253906 0.501953 0.250000 0.501953 0.248047 0.500000 0.248047 0.496094 0.244141 0.494141 0.244141 0.490234 0.240234 0.488281 0.240234 0.486328 0.238281 0.484375 0.238281 0.480469 0.234375 0.474609 0.234375 0.472656 0.232422 0.470703 0.232422 0.468750 0.230469 0.462891 0.230469 0.460938 0.228516 0.458984 0.228516 0.457031 0.226562
0 0.601562 0.261719 0.599609 0.263672 0.599609 0.265625 0.597656 0.267578 0.595703 0.267578 0.593750 0.269531 0.593750 0.275391 0.591797 0.277344 0.591797 0.279297 0.589844 0.281250 0.589844 0.285156 0.587891 0.287109 0.587891 0.294922 0.585938 0.296875 0.585938 0.326172 0.587891 0.328125 0.587891 0.330078 0.591797 0.333984 0.593750 0.333984 0.595703 0.335938 0.599609 0.335938 0.601562 0.337891 0.605469 0.337891 0.607422 0.339844 0.626953 0.339844 0.628906 0.337891 0.644531 0.337891 0.646484 0.335938 0.648438 0.335938 0.652344 0.332031 0.656250 0.332031 0.658203 0.330078 0.658203 0.328125 0.660156 0.326172 0.660156 0.324219 0.664062 0.320312 0.664062 0.318359 0.667969 0.314453 0.667969 0.296875 0.666016 0.294922 0.666016 0.289062 0.664062 0.287109 0.664062 0.281250 0.662109 0.281250 0.660156 0.279297 0.660156 0.277344 0.658203 0.275391 0.658203 0.273438 0.656250 0.273438 0.652344 0.269531 0.650391 0.269531 0.648438 0.267578 0.646484 0.267578 0.644531 0.265625 0.644531 0.263672 0.636719 0.263672 0.634766 0.261719
0 0.140625 0.316406 0.138672 0.318359 0.136719 0.318359 0.130859 0.324219 0.128906 0.324219 0.126953 0.326172 0.125000 0.326172 0.119141 0.332031 0.119141 0.333984 0.117188 0.335938 0.117188 0.339844 0.115234 0.341797 0.115234 0.345703 0.113281 0.347656 0.113281 0.349609 0.111328 0.351562 0.111328 0.365234 0.109375 0.367188 0.109375 0.380859 0.111328 0.382812 0.111328 0.386719 0.113281 0.386719 0.119141 0.392578 0.121094 0.392578 0.125000 0.396484 0.126953 0.396484 0.128906 0.398438 0.130859 0.398438 0.132812 0.400391 0.146484 0.400391 0.148438 0.402344 0.160156 0.402344 0.164062 0.398438 0.167969 0.398438 0.169922 0.396484 0.171875 0.396484 0.173828 0.394531 0.177734 0.394531 0.181641 0.390625 0.183594 0.390625 0.185547 0.388672 0.187500 0.388672 0.197266 0.378906 0.197266 0.337891 0.191406 0.332031 0.191406 0.330078 0.189453 0.330078 0.187500 0.328125 0.185547 0.328125 0.183594 0.326172 0.181641 0.326172 0.179688 0.324219 0.177734 0.324219 0.175781 0.322266 0.173828 0.322266 0.171875 0.320312 0.167969 0.320312 0.166016 0.318359 0.164062 0.318359 0.162109 0.316406
0 0.486328 0.332031 0.484375 0.333984 0.482422 0.333984 0.476562 0.339844 0.472656 0.339844 0.472656 0.341797 0.470703 0.343750 0.468750 0.343750 0.466797 0.345703 0.464844 0.345703 0.460938 0.349609 0.460938 0.351562 0.458984 0.353516 0.458984 0.355469 0.457031 0.357422 0.457031 0.359375 0.455078 0.361328 0.455078 0.367188 0.453125 0.369141 0.453125 0.394531 0.457031 0.398438 0.457031 0.402344 0.458984 0.402344 0.466797 0.410156 0.501953 0.410156 0.505859 0.406250 0.505859 0.404297 0.507812 0.402344 0.507812 0.398438 0.509766 0.396484 0.509766 0.388672 0.513672 0.384766 0.513672 0.378906 0.515625 0.376953 0.515625 0.371094 0.517578 0.369141 0.517578 0.365234 0.519531 0.363281 0.519531 0.355469 0.515625 0.351562 0.515625 0.349609 0.513672 0.347656 0.511719 0.347656 0.509766 0.345703 0.509766 0.343750 0.505859 0.343750 0.503906 0.341797 0.500000 0.341797 0.498047 0.339844 0.496094 0.339844 0.494141 0.337891 0.492188 0.337891
0 0.939453 0.380859 0.937500 0.382812 0.935547 0.382812 0.935547 0.384766 0.933594 0.386719 0.931641 0.386719 0.931641 0.388672 0.929688 0.390625 0.929688 0.417969 0.933594 0.421875 0.933594 0.423828 0.935547 0.425781 0.935547 0.427734 0.937500 0.427734 0.941406 0.431641 0.964844 0.431641 0.966797 0.429688 0.972656 0.429688 0.976562 0.425781 0.978516 0.425781 0.978516 0.423828 0.980469 0.421875 0.980469 0.416016 0.982422 0.414062 0.982422 0.404297 0.974609 0.396484 0.972656 0.396484 0.966797 0.390625 0.964844 0.390625 0.960938 0.386719 0.958984 0.386719 0.955078 0.382812 0.953125 0.382812 0.951172 0.380859
0 0.250000 0.402344 0.246094 0.406250 0.244141 0.406250 0.238281 0.412109 0.236328 0.412109 0.228516 0.419922 0.226562 0.419922 0.226562 0.421875 0.224609 0.423828 0.222656 0.423828 0.222656 0.425781 0.220703 0.427734 0.220703 0.429688 0.218750 0.431641 0.218750 0.433594 0.216797 0.435547 0.216797 0.445312 0.218750 0.447266 0.218750 0.449219 0.220703 0.451172 0.220703 0.453125 0.224609 0.457031 0.224609 0.460938 0.226562 0.462891 0.228516 0.462891 0.236328 0.470703 0.240234 0.470703 0.242188 0.472656 0.267578 0.472656 0.269531 0.470703 0.271484 0.470703 0.273438 0.468750 0.279297 0.468750 0.281250 0.466797 0.285156 0.466797 0.289062 0.462891 0.291016 0.462891 0.292969 0.460938 0.294922 0.460938 0.296875 0.458984 0.298828 0.458984 0.300781 0.457031 0.300781 0.455078 0.302734 0.453125 0.302734 0.449219 0.304688 0.447266 0.304688 0.433594 0.302734 0.431641 0.302734 0.427734 0.300781 0.425781 0.300781 0.423828 0.298828 0.421875 0.296875 0.421875 0.292969 0.417969 0.291016 0.417969 0.287109 0.414062 0.285156 0.414062 0.279297 0.408203 0.277344 0.408203 0.275391 0.406250 0.273438 0.406250 0.271484 0.404297 0.269531 0.404297 0.267578 0.402344
0 0.033203 0.437500 0.029297 0.441406 0.029297 0.443359 0.025391 0.447266 0.023438 0.447266 0.021484 0.449219 0.019531 0.449219 0.015625 0.453125 0.013672 0.453125 0.011719 0.455078 0.009766 0.455078 0.007812 0.457031 0.005859 0.457031 0.001953 0.460938 0.000000 0.460938 0.000000 0.472656 0.001953 0.474609 0.001953 0.486328 0.003906 0.488281 0.003906 0.501953 0.005859 0.500000 0.005859 0.498047 0.011719 0.492188 0.013672 0.492188 0.019531 0.486328 0.023438 0.486328 0.027344 0.482422 0.029297 0.482422 0.031250 0.480469 0.033203 0.480469 0.035156 0.478516 0.037109 0.478516 0.042969 0.472656 0.044922 0.472656 0.050781 0.466797 0.050781 0.453125 0.048828 0.451172 0.048828 0.449219 0.046875 0.447266 0.046875 0.445312 0.042969 0.441406 0.042969 0.439453 0.041016 0.437500
0 0.925781 0.441406 0.923828 0.443359 0.919922 0.443359 0.912109 0.451172 0.912109 0.470703 0.914062 0.472656 0.914062 0.476562 0.916016 0.478516 0.916016 0.482422 0.917969 0.484375 0.917969 0.486328 0.919922 0.488281 0.919922 0.492188 0.921875 0.494141 0.921875 0.496094 0.923828 0.498047 0.923828 0.501953 0.925781 0.503906 0.925781 0.505859 0.927734 0.505859 0.929688 0.507812 0.929688 0.509766 0.931641 0.509766 0.933594 0.511719 0.933594 0.513672 0.935547 0.513672 0.939453 0.517578 0.941406 0.517578 0.943359 0.519531 0.947266 0.519531 0.949219 0.521484 0.974609 0.521484 0.978516 0.517578 0.980469 0.517578 0.982422 0.515625 0.984375 0.515625 0.984375 0.513672 0.988281 0.509766 0.990234 0.509766 0.990234 0.507812 0.992188 0.505859 0.992188 0.482422 0.988281 0.478516 0.988281 0.476562 0.984375 0.472656 0.982422 0.472656 0.970703 0.460938 0.970703 0.458984 0.968750 0.458984 0.966797 0.457031 0.964844 0.457031 0.958984 0.451172 0.957031 0.451172 0.955078 0.449219 0.953125 0.449219 0.951172 0.447266 0.949219 0.447266 0.947266 0.445312 0.945312 0.445312 0.943359 0.443359 0.931641 0.443359 0.929688 0.441406
0 0.660156 0.478516 0.656250 0.482422 0.654297 0.482422 0.654297 0.484375 0.650391 0.488281 0.648438 0.488281 0.646484 0.490234 0.646484 0.492188 0.644531 0.494141 0.644531 0.496094 0.640625 0.500000 0.640625 0.503906 0.638672 0.505859 0.638672 0.513672 0.642578 0.517578 0.642578 0.519531 0.646484 0.523438 0.646484 0.525391 0.652344 0.531250 0.652344 0.533203 0.660156 0.541016 0.662109 0.541016 0.664062 0.542969 0.666016 0.542969 0.669922 0.546875 0.673828 0.546875 0.675781 0.548828 0.679688 0.548828 0.683594 0.552734 0.708984 0.552734 0.710938 0.550781 0.716797 0.550781 0.718750 0.548828 0.716797 0.546875 0.716797 0.544922 0.714844 0.542969 0.714844 0.537109 0.712891 0.535156 0.712891 0.511719 0.714844 0.509766 0.714844 0.507812 0.716797 0.505859 0.716797 0.501953 0.712891 0.498047 0.712891 0.494141 0.710938 0.492188 0.710938 0.490234 0.708984 0.490234 0.705078 0.486328 0.703125 0.486328 0.701172 0.484375 0.695312 0.484375 0.693359 0.482422 0.689453 0.482422 0.687500 0.480469 0.681641 0.480469 0.679688 0.478516
0 0.753906 0.482422 0.751953 0.484375 0.748047 0.484375 0.744141 0.488281 0.742188 0.488281 0.740234 0.490234 0.734375 0.490234 0.730469 0.494141 0.728516 0.494141 0.726562 0.496094 0.724609 0.496094 0.724609 0.498047 0.718750 0.503906 0.718750 0.505859 0.716797 0.507812 0.716797 0.509766 0.714844 0.511719 0.714844 0.535156 0.716797 0.537109 0.716797 0.542969 0.718750 0.544922 0.718750 0.546875 0.720703 0.548828 0.720703 0.550781 0.724609 0.554688 0.724609 0.556641 0.726562 0.558594 0.730469 0.558594 0.732422 0.560547 0.732422 0.562500 0.734375 0.564453 0.738281 0.564453 0.740234 0.566406 0.742188 0.566406 0.744141 0.568359 0.757812 0.568359 0.759766 0.566406 0.765625 0.566406 0.767578 0.564453 0.771484 0.564453 0.773438 0.562500 0.777344 0.562500 0.779297 0.560547 0.783203 0.560547 0.783203 0.558594 0.785156 0.556641 0.787109 0.556641 0.791016 0.552734 0.791016 0.550781 0.794922 0.546875 0.794922 0.544922 0.796875 0.542969 0.796875 0.521484 0.794922 0.519531 0.794922 0.515625 0.791016 0.511719 0.791016 0.509766 0.789062 0.507812 0.789062 0.505859 0.785156 0.501953 0.785156 0.500000 0.781250 0.496094 0.781250 0.494141 0.779297 0.494141 0.771484 0.486328 0.771484 0.484375 0.769531 0.482422
0 0.093750 0.492188 0.087891 0.498047 0.085938 0.498047 0.085938 0.500000 0.080078 0.505859 0.080078 0.509766 0.078125 0.511719 0.078125 0.529297 0.076172 0.531250 0.076172 0.544922 0.089844 0.558594 0.091797 0.558594 0.095703 0.562500 0.099609 0.562500 0.101562 0.564453 0.105469 0.564453 0.107422 0.566406 0.125000 0.566406 0.126953 0.564453 0.128906 0.564453 0.132812 0.560547 0.136719 0.560547 0.138672 0.558594 0.134766 0.554688 0.134766 0.550781 0.132812 0.548828 0.132812 0.546875 0.130859 0.544922 0.130859 0.519531 0.136719 0.513672 0.136719 0.511719 0.138672 0.509766 0.140625 0.509766 0.142578 0.507812 0.142578 0.505859 0.138672 0.501953 0.138672 0.500000 0.136719 0.500000 0.132812 0.496094 0.130859 0.496094 0.128906 0.494141 0.121094 0.494141 0.119141 0.492188
0 0.146484 0.505859 0.140625 0.511719 0.138672 0.511719 0.138672 0.513672 0.132812 0.519531 0.132812 0.544922 0.134766 0.546875 0.134766 0.548828 0.136719 0.550781 0.136719 0.554688 0.138672 0.556641 0.140625 0.556641 0.144531 0.560547 0.144531 0.562500 0.146484 0.562500 0.150391 0.566406 0.169922 0.566406 0.171875 0.564453 0.173828 0.564453 0.175781 0.562500 0.177734 0.562500 0.181641 0.558594 0.183594 0.558594 0.185547 0.556641 0.187500 0.556641 0.191406 0.552734 0.201172 0.552734 0.203125 0.550781 0.210938 0.550781 0.212891 0.548828 0.228516 0.548828 0.230469 0.546875 0.232422 0.546875 0.234375 0.544922 0.238281 0.544922 0.240234 0.542969 0.244141 0.542969 0.246094 0.541016 0.246094 0.539062 0.248047 0.537109 0.248047 0.535156 0.251953 0.531250 0.251953 0.529297 0.253906 0.527344 0.253906 0.523438 0.251953 0.521484 0.251953 0.519531 0.250000 0.519531 0.248047 0.517578 0.246094 0.517578 0.240234 0.511719 0.236328 0.511719 0.234375 0.509766 0.232422 0.509766 0.230469 0.507812 0.228516 0.507812 0.226562 0.505859
0 0.253906 0.529297 0.253906 0.531250 0.250000 0.535156 0.250000 0.537109 0.248047 0.539062 0.248047 0.544922 0.246094 0.546875 0.246094 0.552734 0.251953 0.558594 0.251953 0.560547 0.253906 0.562500 0.253906 0.564453 0.257812 0.568359 0.257812 0.570312 0.259766 0.572266 0.259766 0.574219 0.261719 0.576172 0.261719 0.578125 0.265625 0.582031 0.265625 0.583984 0.267578 0.585938 0.267578 0.587891 0.277344 0.597656 0.279297 0.597656 0.283203 0.601562 0.300781 0.601562 0.302734 0.599609 0.304688 0.599609 0.306641 0.597656 0.308594 0.597656 0.310547 0.595703 0.312500 0.595703 0.314453 0.593750 0.314453 0.591797 0.318359 0.587891 0.318359 0.583984 0.320312 0.582031 0.320312 0.562500 0.318359 0.560547 0.318359 0.558594 0.316406 0.556641 0.316406 0.552734 0.314453 0.552734 0.310547 0.548828 0.310547 0.546875 0.308594 0.544922 0.306641 0.544922 0.300781 0.539062 0.298828 0.539062 0.296875 0.537109 0.294922 0.537109 0.292969 0.535156 0.291016 0.535156 0.289062 0.533203 0.287109 0.533203 0.285156 0.531250 0.279297 0.531250 0.277344 0.529297
0 0.548828 0.521484 0.548828 0.525391 0.542969 0.531250 0.541016 0.531250 0.537109 0.535156 0.535156 0.535156 0.533203 0.537109 0.531250 0.537109 0.531250 0.539062 0.529297 0.541016 0.527344 0.541016 0.525391 0.542969 0.525391 0.544922 0.521484 0.548828 0.521484 0.550781 0.517578 0.554688 0.517578 0.566406 0.515625 0.568359 0.515625 0.611328 0.517578 0.613281 0.517578 0.619141 0.519531 0.621094 0.519531 0.623047 0.521484 0.625000 0.521484 0.626953 0.525391 0.630859 0.525391 0.634766 0.527344 0.636719 0.527344 0.638672 0.531250 0.642578 0.533203 0.642578 0.535156 0.644531 0.537109 0.644531 0.539062 0.646484 0.539062 0.648438 0.554688 0.648438 0.556641 0.646484 0.558594 0.646484 0.560547 0.644531 0.562500 0.644531 0.566406 0.640625 0.568359 0.640625 0.570312 0.638672 0.570312 0.636719 0.576172 0.630859 0.576172 0.626953 0.578125 0.625000 0.578125 0.623047 0.580078 0.621094 0.580078 0.607422 0.582031 0.605469 0.582031 0.599609 0.583984 0.597656 0.583984 0.580078 0.585938 0.578125 0.585938 0.568359 0.587891 0.566406 0.587891 0.560547 0.589844 0.558594 0.589844 0.556641 0.591797 0.554688 0.591797 0.533203 0.589844 0.531250 0.589844 0.529297 0.587891 0.527344 0.583984 0.527344 0.582031 0.525391 0.574219 0.525391 0.572266 0.523438 0.568359 0.523438 0.566406 0.521484
0 0.925781 0.595703 0.925781 0.597656 0.923828 0.599609 0.921875 0.599609 0.919922 0.601562 0.919922 0.607422 0.917969 0.609375 0.917969 0.652344 0.921875 0.656250 0.921875 0.658203 0.927734 0.664062 0.927734 0.666016 0.931641 0.666016 0.933594 0.667969 0.935547 0.667969 0.937500 0.669922 0.939453 0.669922 0.941406 0.671875 0.943359 0.671875 0.945312 0.673828 0.970703 0.673828 0.970703 0.671875 0.972656 0.669922 0.974609 0.669922 0.978516 0.666016 0.978516 0.664062 0.980469 0.662109 0.980469 0.642578 0.978516 0.640625 0.978516 0.636719 0.976562 0.634766 0.976562 0.632812 0.974609 0.630859 0.974609 0.628906 0.972656 0.626953 0.972656 0.623047 0.968750 0.619141 0.968750 0.617188 0.966797 0.615234 0.966797 0.611328 0.964844 0.611328 0.957031 0.603516 0.957031 0.601562 0.951172 0.601562 0.947266 0.597656 0.941406 0.597656 0.939453 0.595703
0 0.404297 0.601562 0.402344 0.603516 0.398438 0.603516 0.396484 0.605469 0.396484 0.621094 0.398438 0.623047 0.398438 0.628906 0.400391 0.630859 0.400391 0.632812 0.402344 0.634766 0.402344 0.638672 0.404297 0.640625 0.404297 0.642578 0.408203 0.646484 0.408203 0.652344 0.412109 0.656250 0.412109 0.658203 0.416016 0.662109 0.416016 0.664062 0.417969 0.666016 0.417969 0.667969 0.421875 0.671875 0.421875 0.675781 0.419922 0.677734 0.421875 0.675781 0.427734 0.675781 0.429688 0.673828 0.437500 0.673828 0.439453 0.671875 0.445312 0.671875 0.447266 0.669922 0.449219 0.669922 0.451172 0.667969 0.451172 0.666016 0.453125 0.664062 0.455078 0.664062 0.455078 0.662109 0.457031 0.660156 0.457031 0.658203 0.458984 0.656250 0.458984 0.654297 0.460938 0.652344 0.462891 0.652344 0.462891 0.642578 0.460938 0.640625 0.460938 0.630859 0.449219 0.619141 0.449219 0.617188 0.447266 0.617188 0.445312 0.615234 0.445312 0.613281 0.443359 0.611328 0.439453 0.611328 0.437500 0.609375 0.435547 0.609375 0.433594 0.607422 0.431641 0.607422 0.429688 0.605469 0.427734 0.605469 0.425781 0.603516 0.421875 0.603516 0.419922 0.601562
0 0.730469 0.611328 0.728516 0.613281 0.724609 0.613281 0.722656 0.615234 0.720703 0.615234 0.718750 0.617188 0.716797 0.617188 0.710938 0.623047 0.708984 0.623047 0.708984 0.625000 0.703125 0.630859 0.703125 0.634766 0.701172 0.636719 0.701172 0.644531 0.699219 0.646484 0.699219 0.650391 0.697266 0.652344 0.697266 0.660156 0.703125 0.666016 0.707031 0.666016 0.712891 0.671875 0.716797 0.671875 0.720703 0.675781 0.722656 0.675781 0.724609 0.677734 0.736328 0.677734 0.738281 0.679688 0.759766 0.679688 0.761719 0.677734 0.763672 0.677734 0.767578 0.673828 0.771484 0.673828 0.775391 0.669922 0.777344 0.669922 0.781250 0.666016 0.781250 0.664062 0.783203 0.662109 0.783203 0.660156 0.785156 0.658203 0.785156 0.642578 0.783203 0.640625 0.783203 0.638672 0.781250 0.636719 0.781250 0.634766 0.779297 0.632812 0.779297 0.630859 0.769531 0.621094 0.767578 0.621094 0.765625 0.619141 0.761719 0.619141 0.759766 0.617188 0.755859 0.617188 0.753906 0.615234 0.750000 0.615234 0.748047 0.613281 0.744141 0.613281 0.742188 0.611328
0 0.003906 0.652344 0.003906 0.695312 0.003906 0.693359 0.005859 0.691406 0.005859 0.689453 0.007812 0.687500 0.007812 0.683594 0.009766 0.681641 0.009766 0.679688 0.011719 0.677734 0.011719 0.660156 0.009766 0.658203 0.009766 0.656250 0.007812 0.654297 0.005859 0.654297
0 0.617188 0.644531 0.615234 0.646484 0.609375 0.646484 0.605469 0.650391 0.603516 0.650391 0.597656 0.656250 0.595703 0.656250 0.591797 0.660156 0.587891 0.660156 0.585938 0.662109 0.583984 0.662109 0.580078 0.666016 0.578125 0.666016 0.574219 0.669922 0.570312 0.669922 0.568359 0.671875 0.564453 0.671875 0.558594 0.677734 0.558594 0.683594 0.554688 0.687500 0.554688 0.693359 0.552734 0.695312 0.552734 0.699219 0.550781 0.701172 0.550781 0.707031 0.548828 0.708984 0.548828 0.718750 0.550781 0.718750 0.552734 0.720703 0.562500 0.720703 0.564453 0.718750 0.564453 0.714844 0.568359 0.710938 0.568359 0.708984 0.570312 0.707031 0.570312 0.705078 0.572266 0.703125 0.572266 0.701172 0.580078 0.693359 0.583984 0.693359 0.585938 0.691406 0.589844 0.691406 0.591797 0.689453 0.599609 0.689453 0.601562 0.687500 0.607422 0.687500 0.609375 0.685547 0.611328 0.685547 0.613281 0.683594 0.617188 0.683594 0.621094 0.679688 0.623047 0.679688 0.625000 0.677734 0.626953 0.677734 0.630859 0.673828 0.634766 0.673828 0.636719 0.671875 0.640625 0.671875 0.642578 0.669922 0.646484 0.669922 0.648438 0.667969 0.652344 0.667969 0.656250 0.664062 0.658203 0.664062 0.658203 0.656250 0.652344 0.650391 0.650391 0.650391 0.648438 0.648438 0.646484 0.648438 0.644531 0.646484 0.640625 0.646484 0.638672 0.644531
0 0.490234 0.744141 0.484375 0.750000 0.480469 0.750000 0.476562 0.753906 0.474609 0.753906 0.468750 0.759766 0.466797 0.759766 0.464844 0.761719 0.462891 0.761719 0.457031 0.767578 0.457031 0.769531 0.455078 0.771484 0.453125 0.771484 0.453125 0.773438 0.451172 0.775391 0.451172 0.796875 0.455078 0.800781 0.455078 0.802734 0.457031 0.804688 0.458984 0.804688 0.460938 0.806641 0.460938 0.808594 0.462891 0.810547 0.466797 0.810547 0.468750 0.812500 0.486328 0.812500 0.488281 0.810547 0.490234 0.810547 0.492188 0.808594 0.494141 0.808594 0.494141 0.804688 0.498047 0.800781 0.498047 0.744141
0 0.109375 0.736328 0.107422 0.738281 0.105469 0.738281 0.101562 0.742188 0.101562 0.746094 0.099609 0.748047 0.095703 0.748047 0.093750 0.750000 0.091797 0.750000 0.089844 0.751953 0.087891 0.751953 0.078125 0.761719 0.078125 0.763672 0.076172 0.765625 0.076172 0.767578 0.072266 0.771484 0.072266 0.773438 0.070312 0.775391 0.070312 0.804688 0.072266 0.806641 0.072266 0.810547 0.074219 0.812500 0.074219 0.814453 0.076172 0.816406 0.076172 0.818359 0.080078 0.822266 0.080078 0.824219 0.082031 0.826172 0.082031 0.828125 0.093750 0.839844 0.095703 0.839844 0.097656 0.841797 0.099609 0.841797 0.103516 0.845703 0.121094 0.845703 0.123047 0.843750 0.126953 0.843750 0.128906 0.841797 0.130859 0.841797 0.134766 0.837891 0.136719 0.837891 0.144531 0.830078 0.146484 0.830078 0.150391 0.826172 0.152344 0.826172 0.152344 0.824219 0.156250 0.820312 0.156250 0.818359 0.158203 0.816406 0.160156 0.816406 0.160156 0.814453 0.162109 0.812500 0.162109 0.808594 0.164062 0.806641 0.164062 0.783203 0.162109 0.781250 0.162109 0.777344 0.158203 0.773438 0.158203 0.769531 0.156250 0.767578 0.156250 0.761719 0.154297 0.759766 0.154297 0.757812 0.150391 0.753906 0.150391 0.751953 0.148438 0.750000 0.148438 0.748047 0.146484 0.746094 0.146484 0.744141 0.144531 0.744141 0.140625 0.740234 0.138672 0.740234 0.134766 0.736328
0 0.554688 0.757812 0.550781 0.761719 0.548828 0.761719 0.546875 0.763672 0.546875 0.785156 0.548828 0.787109 0.548828 0.798828 0.550781 0.800781 0.550781 0.802734 0.552734 0.804688 0.552734 0.808594 0.554688 0.810547 0.554688 0.814453 0.560547 0.820312 0.562500 0.820312 0.564453 0.822266 0.564453 0.824219 0.568359 0.824219 0.570312 0.826172 0.570312 0.828125 0.572266 0.828125 0.574219 0.830078 0.576172 0.830078 0.580078 0.833984 0.583984 0.833984 0.585938 0.835938 0.587891 0.835938 0.589844 0.837891 0.597656 0.837891 0.603516 0.832031 0.603516 0.828125 0.605469 0.826172 0.605469 0.824219 0.609375 0.820312 0.609375 0.796875 0.607422 0.794922 0.607422 0.785156 0.605469 0.783203 0.605469 0.779297 0.603516 0.777344 0.603516 0.775391 0.601562 0.773438 0.601562 0.769531 0.599609 0.769531 0.597656 0.767578 0.597656 0.765625 0.593750 0.761719 0.591797 0.761719 0.587891 0.757812
0 0.414062 0.773438 0.410156 0.777344 0.408203 0.777344 0.404297 0.781250 0.402344 0.781250 0.398438 0.785156 0.398438 0.791016 0.394531 0.794922 0.394531 0.796875 0.392578 0.798828 0.392578 0.800781 0.390625 0.802734 0.390625 0.804688 0.388672 0.806641 0.386719 0.806641 0.386719 0.808594 0.384766 0.810547 0.384766 0.812500 0.382812 0.814453 0.382812 0.816406 0.380859 0.818359 0.380859 0.820312 0.378906 0.822266 0.378906 0.828125 0.376953 0.830078 0.376953 0.843750 0.378906 0.845703 0.380859 0.845703 0.382812 0.847656 0.382812 0.849609 0.384766 0.851562 0.386719 0.851562 0.388672 0.853516 0.390625 0.853516 0.392578 0.855469 0.416016 0.855469 0.417969 0.853516 0.419922 0.853516 0.425781 0.847656 0.427734 0.847656 0.429688 0.845703 0.431641 0.845703 0.431641 0.843750 0.437500 0.837891 0.439453 0.837891 0.439453 0.835938 0.441406 0.833984 0.441406 0.830078 0.445312 0.826172 0.445312 0.792969 0.443359 0.791016 0.443359 0.789062 0.441406 0.787109 0.441406 0.785156 0.439453 0.785156 0.437500 0.783203 0.437500 0.781250 0.435547 0.781250 0.431641 0.777344 0.429688 0.777344 0.425781 0.773438
0 0.988281 0.757812 0.986328 0.759766 0.986328 0.765625 0.984375 0.767578 0.984375 0.769531 0.982422 0.771484 0.982422 0.839844 0.980469 0.841797 0.980469 0.845703 0.986328 0.845703 0.992188 0.851562 0.992188 0.861328 0.994141 0.863281 0.994141 0.876953 0.996094 0.878906 0.996094 0.882812 0.996094 0.861328 0.994141 0.859375 0.994141 0.833984 0.992188 0.832031 0.992188 0.806641 0.990234 0.804688 0.990234 0.781250 0.988281 0.779297
0 0.000000 0.810547 0.000000 0.882812 0.001953 0.880859 0.003906 0.880859 0.009766 0.875000 0.011719 0.875000 0.019531 0.867188 0.021484 0.867188 0.025391 0.863281 0.025391 0.861328 0.027344 0.859375 0.029297 0.859375 0.042969 0.845703 0.042969 0.839844 0.041016 0.837891 0.041016 0.835938 0.039062 0.833984 0.039062 0.832031 0.037109 0.830078 0.035156 0.830078 0.027344 0.822266 0.025391 0.822266 0.021484 0.818359 0.019531 0.818359 0.017578 0.816406 0.015625 0.816406 0.013672 0.814453 0.011719 0.814453 0.007812 0.810547
0 0.181641 0.833984 0.181641 0.835938 0.179688 0.837891 0.179688 0.843750 0.177734 0.845703 0.177734 0.873047 0.187500 0.882812 0.189453 0.882812 0.195312 0.888672 0.199219 0.888672 0.203125 0.892578 0.207031 0.892578 0.208984 0.894531 0.212891 0.894531 0.214844 0.896484 0.224609 0.896484 0.226562 0.898438 0.251953 0.898438 0.253906 0.896484 0.257812 0.896484 0.259766 0.894531 0.261719 0.894531 0.265625 0.890625 0.265625 0.869141 0.259766 0.863281 0.259766 0.861328 0.251953 0.853516 0.250000 0.853516 0.248047 0.851562 0.246094 0.851562 0.244141 0.849609 0.240234 0.849609 0.236328 0.845703 0.234375 0.845703 0.232422 0.843750 0.224609 0.843750 0.222656 0.841797 0.218750 0.841797 0.216797 0.839844 0.210938 0.839844 0.208984 0.837891 0.203125 0.837891 0.201172 0.835938 0.197266 0.835938 0.195312 0.833984
0 0.953125 0.845703 0.953125 0.847656 0.949219 0.851562 0.945312 0.851562 0.943359 0.853516 0.941406 0.853516 0.935547 0.859375 0.933594 0.859375 0.933594 0.863281 0.931641 0.865234 0.931641 0.867188 0.925781 0.873047 0.925781 0.876953 0.923828 0.878906 0.923828 0.910156 0.925781 0.912109 0.925781 0.916016 0.931641 0.921875 0.931641 0.923828 0.935547 0.927734 0.937500 0.927734 0.939453 0.929688 0.951172 0.929688 0.953125 0.927734 0.955078 0.927734 0.957031 0.925781 0.960938 0.925781 0.962891 0.923828 0.970703 0.923828 0.972656 0.921875 0.976562 0.921875 0.978516 0.919922 0.980469 0.919922 0.982422 0.917969 0.984375 0.917969 0.984375 0.916016 0.986328 0.914062 0.988281 0.914062 0.990234 0.912109 0.990234 0.910156 0.992188 0.908203 0.992188 0.906250 0.994141 0.904297 0.994141 0.902344 0.996094 0.900391 0.996094 0.894531 0.994141 0.892578 0.994141 0.878906 0.992188 0.876953 0.992188 0.863281 0.990234 0.861328 0.990234 0.851562 0.986328 0.847656 0.980469 0.847656 0.978516 0.845703
0 0.310547 0.892578 0.308594 0.894531 0.298828 0.894531 0.298828 0.896484 0.296875 0.898438 0.294922 0.898438 0.292969 0.900391 0.291016 0.900391 0.289062 0.902344 0.287109 0.902344 0.283203 0.906250 0.281250 0.906250 0.281250 0.912109 0.289062 0.919922 0.289062 0.933594 0.335938 0.933594 0.339844 0.929688 0.341797 0.929688 0.343750 0.927734 0.345703 0.927734 0.349609 0.923828 0.351562 0.923828 0.353516 0.921875 0.353516 0.919922 0.355469 0.917969 0.355469 0.916016 0.357422 0.914062 0.357422 0.904297 0.355469 0.904297 0.349609 0.898438 0.347656 0.898438 0.345703 0.896484 0.343750 0.896484 0.339844 0.892578
0 0.763672 0.896484 0.763672 0.898438 0.761719 0.900391 0.761719 0.904297 0.759766 0.906250 0.759766 0.925781 0.763672 0.929688 0.763672 0.931641 0.765625 0.933594 0.765625 0.935547 0.767578 0.935547 0.769531 0.937500 0.771484 0.937500 0.775391 0.941406 0.781250 0.941406 0.783203 0.943359 0.787109 0.943359 0.789062 0.945312 0.804688 0.945312 0.806641 0.943359 0.808594 0.943359 0.810547 0.941406 0.816406 0.941406 0.820312 0.937500 0.822266 0.937500 0.828125 0.931641 0.828125 0.919922 0.824219 0.916016 0.824219 0.912109 0.818359 0.906250 0.816406 0.906250 0.810547 0.900391 0.806641 0.900391 0.804688 0.898438 0.802734 0.898438 0.800781 0.900391 0.792969 0.900391 0.791016 0.898438 0.781250 0.898438 0.779297 0.896484
0 0.800781 0.900391 0.802734 0.898438 0.804688 0.900391 0.802734 0.902344
0 0.203125 0.902344 0.201172 0.904297 0.199219 0.904297 0.199219 0.935547 0.207031 0.943359 0.208984 0.943359 0.212891 0.947266 0.216797 0.947266 0.218750 0.949219 0.226562 0.949219 0.228516 0.951172 0.232422 0.951172 0.234375 0.949219 0.240234 0.949219 0.242188 0.947266 0.269531 0.947266 0.271484 0.949219 0.273438 0.947266 0.277344 0.947266 0.277344 0.945312 0.281250 0.941406 0.283203 0.941406 0.283203 0.939453 0.285156 0.937500 0.285156 0.923828 0.283203 0.923828 0.279297 0.919922 0.275391 0.919922 0.271484 0.916016 0.267578 0.916016 0.263672 0.912109 0.248047 0.912109 0.246094 0.910156 0.238281 0.910156 0.236328 0.908203 0.226562 0.908203 0.224609 0.906250 0.226562 0.904297 0.228516 0.904297 0.214844 0.904297 0.212891 0.902344
0 0.521484 0.888672 0.521484 0.892578 0.519531 0.894531 0.519531 0.900391 0.517578 0.902344 0.517578 0.929688 0.519531 0.931641 0.519531 0.935547 0.521484 0.937500 0.521484 0.941406 0.523438 0.943359 0.523438 0.945312 0.529297 0.951172 0.529297 0.953125 0.531250 0.953125 0.533203 0.955078 0.533203 0.957031 0.537109 0.960938 0.539062 0.960938 0.542969 0.964844 0.552734 0.964844 0.554688 0.962891 0.558594 0.962891 0.568359 0.953125 0.568359 0.951172 0.574219 0.945312 0.574219 0.941406 0.578125 0.937500 0.578125 0.935547 0.580078 0.933594 0.580078 0.927734 0.582031 0.925781 0.582031 0.914062 0.580078 0.914062 0.578125 0.912109 0.578125 0.910156 0.574219 0.906250 0.572266 0.906250 0.570312 0.904297 0.570312 0.902344 0.568359 0.902344 0.566406 0.900391 0.564453 0.900391 0.558594 0.894531 0.556641 0.894531 0.554688 0.892578 0.552734 0.892578 0.548828 0.888672
0 0.242188 0.949219 0.240234 0.951172 0.234375 0.951172 0.232422 0.953125 0.230469 0.953125 0.228516 0.955078 0.228516 0.957031 0.226562 0.958984 0.224609 0.958984 0.224609 0.962891 0.218750 0.968750 0.218750 0.970703 0.216797 0.972656 0.216797 0.974609 0.214844 0.976562 0.214844 0.990234 0.232422 0.990234 0.234375 0.992188 0.255859 0.992188 0.257812 0.994141 0.279297 0.994141 0.281250 0.996094 0.283203 0.996094 0.283203 0.966797 0.281250 0.964844 0.281250 0.960938 0.279297 0.958984 0.279297 0.957031 0.277344 0.957031 0.269531 0.949219
0 0.816406 0.949219 0.814453 0.951172 0.812500 0.951172 0.810547 0.953125 0.802734 0.953125 0.800781 0.955078 0.798828 0.955078 0.794922 0.958984 0.794922 0.976562 0.796875 0.978516 0.796875 0.980469 0.798828 0.982422 0.798828 0.990234 0.800781 0.992188 0.800781 0.996094 0.880859 0.996094 0.880859 0.978516 0.876953 0.974609 0.876953 0.972656 0.875000 0.970703 0.873047 0.970703 0.871094 0.968750 0.869141 0.968750 0.867188 0.966797 0.865234 0.966797 0.861328 0.962891 0.859375 0.962891 0.855469 0.958984 0.851562 0.958984 0.845703 0.953125 0.843750 0.953125 0.841797 0.951172 0.837891 0.951172 0.835938 0.949219
0 0.660156 0.980469 0.658203 0.982422 0.648438 0.982422 0.646484 0.984375 0.642578 0.984375 0.640625 0.986328 0.638672 0.986328 0.632812 0.992188 0.632812 0.996094 0.699219 0.996094 0.701172 0.998047 0.703125 0.998047 0.695312 0.990234 0.693359 0.990234 0.687500 0.984375 0.685547 0.984375 0.681641 0.980469
