0 0.208984 0.000000 0.208984 0.001953 0.212891 0.005859 0.214844 0.005859 0.220703 0.011719 0.222656 0.011719 0.226562 0.015625 0.232422 0.015625 0.234375 0.017578 0.242188 0.017578 0.244141 0.019531 0.248047 0.019531 0.250000 0.021484 0.253906 0.021484 0.255859 0.023438 0.257812 0.023438 0.259766 0.021484 0.259766 0.015625 0.257812 0.013672 0.257812 0.009766 0.253906 0.005859 0.253906 0.003906 0.251953 0.001953 0.251953 0.000000
0 0.814453 0.027344 0.814453 0.029297 0.816406 0.031250 0.816406 0.035156 0.820312 0.039062 0.822266 0.039062 0.826172 0.042969 0.828125 0.042969 0.833984 0.048828 0.835938 0.048828 0.839844 0.052734 0.841797 0.052734 0.845703 0.056641 0.845703 0.058594 0.847656 0.060547 0.847656 0.062500 0.849609 0.062500 0.855469 0.068359 0.855469 0.070312 0.859375 0.074219 0.861328 0.074219 0.863281 0.076172 0.873047 0.076172 0.873047 0.074219 0.875000 0.072266 0.875000 0.066406 0.873047 0.064453 0.873047 0.062500 0.867188 0.056641 0.865234 0.056641 0.861328 0.052734 0.859375 0.052734 0.855469 0.048828 0.853516 0.048828 0.849609 0.044922 0.847656 0.044922 0.845703 0.042969 0.843750 0.042969 0.837891 0.037109 0.835938 0.037109 0.830078 0.031250 0.828125 0.031250 0.824219 0.027344
0 0.845703 0.064453 0.841797 0.068359 0.839844 0.068359 0.837891 0.070312 0.837891 0.074219 0.835938 0.076172 0.835938 0.082031 0.833984 0.083984 0.833984 0.087891 0.837891 0.091797 0.837891 0.093750 0.843750 0.099609 0.845703 0.099609 0.847656 0.101562 0.857422 0.101562 0.863281 0.095703 0.863281 0.085938 0.861328 0.083984 0.861328 0.082031 0.859375 0.080078 0.859375 0.078125 0.857422 0.076172 0.857422 0.074219 0.853516 0.070312 0.853516 0.068359 0.849609 0.064453
0 0.876953 0.072266 0.875000 0.074219 0.875000 0.076172 0.876953 0.078125 0.878906 0.078125 0.882812 0.082031 0.884766 0.082031 0.888672 0.085938 0.888672 0.087891 0.898438 0.097656 0.898438 0.099609 0.906250 0.107422 0.906250 0.109375 0.908203 0.109375 0.914062 0.115234 0.931641 0.115234 0.933594 0.117188 0.939453 0.117188 0.941406 0.119141 0.943359 0.119141 0.943359 0.115234 0.941406 0.115234 0.927734 0.101562 0.925781 0.101562 0.921875 0.097656 0.919922 0.097656 0.914062 0.091797 0.912109 0.091797 0.908203 0.087891 0.906250 0.087891 0.902344 0.083984 0.900391 0.083984 0.896484 0.080078 0.894531 0.080078 0.892578 0.078125 0.890625 0.078125 0.886719 0.074219 0.882812 0.074219 0.880859 0.072266
0 0.914062 0.117188 0.910156 0.121094 0.910156 0.126953 0.914062 0.130859 0.916016 0.130859 0.919922 0.134766 0.921875 0.134766 0.923828 0.136719 0.925781 0.136719 0.929688 0.140625 0.931641 0.140625 0.939453 0.148438 0.941406 0.148438 0.943359 0.150391 0.945312 0.150391 0.955078 0.160156 0.957031 0.160156 0.960938 0.164062 0.962891 0.164062 0.964844 0.166016 0.966797 0.166016 0.970703 0.169922 0.972656 0.169922 0.974609 0.171875 0.976562 0.171875 0.978516 0.173828 0.984375 0.173828 0.986328 0.175781 0.988281 0.175781 0.990234 0.177734 0.994141 0.177734 0.996094 0.179688 0.998047 0.179688 0.998047 0.160156 0.996094 0.158203 0.996094 0.154297 0.994141 0.152344 0.994141 0.148438 0.992188 0.146484 0.992188 0.144531 0.990234 0.142578 0.988281 0.142578 0.984375 0.138672 0.980469 0.138672 0.976562 0.134766 0.974609 0.134766 0.972656 0.132812 0.970703 0.132812 0.966797 0.128906 0.964844 0.128906 0.962891 0.126953 0.960938 0.126953 0.958984 0.125000 0.955078 0.125000 0.953125 0.123047 0.949219 0.123047 0.947266 0.121094 0.941406 0.121094 0.939453 0.119141 0.933594 0.119141 0.931641 0.117188
0 0.556641 0.507812 0.554688 0.509766 0.552734 0.509766 0.544922 0.517578 0.544922 0.537109 0.546875 0.539062 0.546875 0.541016 0.548828 0.542969 0.548828 0.546875 0.554688 0.552734 0.556641 0.552734 0.562500 0.558594 0.564453 0.558594 0.568359 0.562500 0.570312 0.562500 0.572266 0.564453 0.578125 0.564453 0.580078 0.566406 0.599609 0.566406 0.601562 0.564453 0.603516 0.564453 0.605469 0.562500 0.605469 0.560547 0.607422 0.558594 0.607422 0.546875 0.603516 0.542969 0.603516 0.541016 0.595703 0.533203 0.595703 0.531250 0.591797 0.527344 0.589844 0.527344 0.583984 0.521484 0.582031 0.521484 0.578125 0.517578 0.576172 0.517578 0.572266 0.513672 0.570312 0.513672 0.566406 0.509766 0.564453 0.509766 0.562500 0.507812
0 0.000000 0.513672 0.000000 0.583984 0.001953 0.583984 0.003906 0.582031 0.003906 0.580078 0.007812 0.576172 0.007812 0.572266 0.009766 0.570312 0.009766 0.525391 0.007812 0.523438 0.007812 0.521484
0 0.062500 0.615234 0.052734 0.625000 0.052734 0.626953 0.048828 0.630859 0.048828 0.638672 0.050781 0.638672 0.052734 0.636719 0.058594 0.636719 0.062500 0.632812 0.064453 0.632812 0.066406 0.630859 0.068359 0.630859 0.074219 0.625000 0.074219 0.617188 0.072266 0.615234
0 0.052734 0.648438 0.052734 0.681641 0.054688 0.683594 0.054688 0.687500 0.062500 0.687500 0.066406 0.683594 0.066406 0.671875 0.064453 0.669922 0.064453 0.667969 0.062500 0.666016 0.062500 0.662109 0.060547 0.660156 0.060547 0.656250 0.058594 0.654297 0.058594 0.648438
0 0.060547 0.718750 0.056641 0.722656 0.056641 0.742188 0.054688 0.744141 0.054688 0.755859 0.058594 0.755859 0.060547 0.753906 0.060547 0.751953 0.062500 0.750000 0.062500 0.746094 0.064453 0.744141 0.064453 0.728516 0.066406 0.726562 0.066406 0.720703 0.064453 0.718750
0 0.023438 0.882812 0.023438 0.890625 0.025391 0.892578 0.025391 0.898438 0.027344 0.900391 0.027344 0.906250 0.029297 0.908203 0.029297 0.910156 0.031250 0.912109 0.031250 0.914062 0.033203 0.916016 0.033203 0.917969 0.035156 0.919922 0.035156 0.921875 0.037109 0.921875 0.039062 0.919922 0.041016 0.919922 0.041016 0.904297 0.039062 0.902344 0.039062 0.900391 0.035156 0.896484 0.035156 0.894531 0.033203 0.892578 0.033203 0.890625 0.031250 0.888672 0.031250 0.886719 0.029297 0.884766 0.029297 0.882812
0 0.039062 0.921875 0.037109 0.923828 0.035156 0.923828 0.035156 0.937500 0.039062 0.941406 0.041016 0.941406 0.046875 0.947266 0.048828 0.947266 0.058594 0.957031 0.058594 0.958984 0.066406 0.966797 0.066406 0.968750 0.074219 0.976562 0.076172 0.976562 0.076172 0.962891 0.074219 0.960938 0.074219 0.957031 0.072266 0.955078 0.072266 0.953125 0.068359 0.949219 0.068359 0.947266 0.066406 0.945312 0.066406 0.943359 0.062500 0.939453 0.062500 0.937500 0.058594 0.933594 0.058594 0.931641 0.052734 0.925781 0.050781 0.925781 0.048828 0.923828 0.046875 0.923828 0.044922 0.921875
0 0.044922 0.949219 0.042969 0.951172 0.042969 0.970703 0.041016 0.972656 0.041016 0.976562 0.039062 0.978516 0.039062 0.984375 0.041016 0.986328 0.052734 0.986328 0.054688 0.984375 0.054688 0.980469 0.056641 0.978516 0.056641 0.958984 0.052734 0.955078 0.052734 0.953125 0.048828 0.949219
