0 0.714844 0.000000 0.710938 0.003906 0.710938 0.011719 0.712891 0.013672 0.712891 0.015625 0.714844 0.017578 0.714844 0.019531 0.732422 0.019531 0.734375 0.017578 0.734375 0.007812 0.732422 0.005859 0.732422 0.001953 0.730469 0.001953 0.728516 0.000000
0 0.427734 0.001953 0.425781 0.003906 0.423828 0.003906 0.417969 0.009766 0.417969 0.011719 0.416016 0.013672 0.416016 0.021484 0.417969 0.021484 0.419922 0.023438 0.423828 0.023438 0.425781 0.025391 0.431641 0.025391 0.433594 0.027344 0.437500 0.027344 0.439453 0.025391 0.441406 0.025391 0.443359 0.023438 0.455078 0.023438 0.457031 0.021484 0.458984 0.021484 0.458984 0.015625 0.457031 0.013672 0.455078 0.013672 0.451172 0.009766 0.449219 0.009766 0.447266 0.007812 0.445312 0.007812 0.441406 0.003906 0.439453 0.003906 0.437500 0.001953
0 0.982422 0.003906 0.980469 0.005859 0.980469 0.021484 0.982422 0.023438 0.982422 0.025391 0.984375 0.027344 0.984375 0.029297 0.992188 0.037109 0.992188 0.039062 0.996094 0.042969 0.996094 0.044922 0.998047 0.044922 0.998047 0.009766 0.996094 0.009766 0.992188 0.005859 0.990234 0.005859 0.988281 0.003906
0 0.705078 0.015625 0.703125 0.017578 0.703125 0.019531 0.701172 0.021484 0.701172 0.048828 0.703125 0.050781 0.703125 0.052734 0.705078 0.052734 0.707031 0.054688 0.707031 0.056641 0.708984 0.056641 0.712891 0.060547 0.726562 0.060547 0.728516 0.058594 0.730469 0.058594 0.732422 0.056641 0.732422 0.046875 0.730469 0.044922 0.730469 0.041016 0.726562 0.037109 0.726562 0.035156 0.724609 0.033203 0.724609 0.031250 0.718750 0.025391 0.718750 0.023438 0.716797 0.021484 0.714844 0.021484 0.710938 0.017578 0.708984 0.017578 0.707031 0.015625
0 0.449219 0.031250 0.443359 0.037109 0.441406 0.037109 0.441406 0.039062 0.437500 0.042969 0.437500 0.044922 0.433594 0.048828 0.433594 0.050781 0.431641 0.052734 0.431641 0.054688 0.429688 0.056641 0.429688 0.074219 0.431641 0.076172 0.431641 0.078125 0.439453 0.085938 0.451172 0.085938 0.453125 0.083984 0.455078 0.083984 0.464844 0.074219 0.464844 0.072266 0.468750 0.068359 0.468750 0.066406 0.470703 0.064453 0.470703 0.062500 0.472656 0.060547 0.472656 0.058594 0.474609 0.056641 0.474609 0.041016 0.472656 0.039062 0.470703 0.039062 0.468750 0.037109 0.464844 0.037109 0.462891 0.035156 0.458984 0.035156 0.457031 0.033203 0.455078 0.033203 0.453125 0.031250
0 0.671875 0.107422 0.669922 0.109375 0.669922 0.111328 0.667969 0.113281 0.667969 0.125000 0.669922 0.126953 0.669922 0.154297 0.671875 0.156250 0.671875 0.158203 0.675781 0.162109 0.677734 0.162109 0.679688 0.164062 0.683594 0.164062 0.687500 0.160156 0.689453 0.160156 0.693359 0.156250 0.695312 0.156250 0.701172 0.150391 0.701172 0.148438 0.708984 0.140625 0.708984 0.138672 0.710938 0.136719 0.710938 0.125000 0.708984 0.123047 0.708984 0.121094 0.703125 0.115234 0.701172 0.115234 0.697266 0.111328 0.695312 0.111328 0.693359 0.109375 0.689453 0.109375 0.687500 0.107422
0 0.283203 0.140625 0.281250 0.142578 0.279297 0.142578 0.275391 0.146484 0.275391 0.160156 0.277344 0.162109 0.277344 0.164062 0.281250 0.167969 0.283203 0.167969 0.285156 0.169922 0.287109 0.169922 0.289062 0.171875 0.306641 0.171875 0.306641 0.169922 0.308594 0.167969 0.308594 0.162109 0.314453 0.156250 0.308594 0.150391 0.308594 0.148438 0.306641 0.148438 0.302734 0.144531 0.300781 0.144531 0.298828 0.142578 0.296875 0.142578 0.294922 0.140625
0 0.316406 0.156250 0.310547 0.162109 0.310547 0.167969 0.308594 0.169922 0.308594 0.189453 0.312500 0.193359 0.314453 0.193359 0.316406 0.195312 0.328125 0.195312 0.330078 0.193359 0.332031 0.193359 0.333984 0.191406 0.333984 0.189453 0.335938 0.187500 0.335938 0.167969 0.333984 0.166016 0.333984 0.164062 0.330078 0.160156 0.330078 0.158203 0.328125 0.158203 0.326172 0.156250
0 0.642578 0.246094 0.640625 0.248047 0.632812 0.248047 0.630859 0.250000 0.630859 0.255859 0.632812 0.257812 0.632812 0.259766 0.634766 0.259766 0.636719 0.261719 0.638672 0.261719 0.640625 0.263672 0.642578 0.263672 0.646484 0.267578 0.654297 0.267578 0.656250 0.265625 0.658203 0.265625 0.658203 0.263672 0.660156 0.261719 0.660156 0.250000 0.658203 0.248047 0.656250 0.248047 0.654297 0.246094
0 0.648438 0.269531 0.648438 0.281250 0.650391 0.283203 0.650391 0.287109 0.656250 0.292969 0.666016 0.292969 0.666016 0.291016 0.667969 0.289062 0.667969 0.287109 0.669922 0.285156 0.669922 0.283203 0.671875 0.281250 0.671875 0.275391 0.667969 0.275391 0.666016 0.273438 0.662109 0.273438 0.660156 0.271484 0.654297 0.271484 0.652344 0.269531
0 0.828125 0.306641 0.826172 0.308594 0.822266 0.308594 0.820312 0.310547 0.808594 0.310547 0.806641 0.312500 0.806641 0.314453 0.808594 0.316406 0.808594 0.318359 0.810547 0.318359 0.814453 0.322266 0.835938 0.322266 0.837891 0.324219 0.839844 0.324219 0.845703 0.330078 0.855469 0.330078 0.855469 0.314453 0.849609 0.308594 0.847656 0.308594 0.845703 0.306641
0 0.371094 0.302734 0.369141 0.304688 0.367188 0.304688 0.363281 0.308594 0.363281 0.310547 0.359375 0.314453 0.359375 0.345703 0.361328 0.347656 0.361328 0.351562 0.363281 0.353516 0.369141 0.353516 0.371094 0.351562 0.375000 0.351562 0.382812 0.343750 0.382812 0.337891 0.384766 0.335938 0.384766 0.328125 0.386719 0.326172 0.386719 0.322266 0.388672 0.320312 0.388672 0.318359 0.386719 0.316406 0.386719 0.310547 0.384766 0.308594 0.384766 0.304688 0.382812 0.304688 0.380859 0.302734
0 0.392578 0.312500 0.392578 0.314453 0.390625 0.316406 0.390625 0.320312 0.388672 0.322266 0.388672 0.326172 0.386719 0.328125 0.386719 0.335938 0.384766 0.337891 0.384766 0.345703 0.386719 0.347656 0.386719 0.355469 0.390625 0.359375 0.390625 0.361328 0.392578 0.363281 0.406250 0.363281 0.408203 0.361328 0.410156 0.361328 0.412109 0.359375 0.414062 0.359375 0.423828 0.349609 0.423828 0.347656 0.425781 0.345703 0.425781 0.339844 0.427734 0.337891 0.427734 0.332031 0.425781 0.330078 0.425781 0.326172 0.423828 0.324219 0.423828 0.322266 0.417969 0.316406 0.416016 0.316406 0.414062 0.314453 0.412109 0.314453 0.410156 0.312500
0 0.832031 0.341797 0.830078 0.343750 0.828125 0.343750 0.826172 0.345703 0.824219 0.345703 0.818359 0.351562 0.818359 0.353516 0.814453 0.357422 0.814453 0.363281 0.812500 0.365234 0.812500 0.375000 0.814453 0.376953 0.814453 0.378906 0.818359 0.382812 0.845703 0.382812 0.849609 0.378906 0.851562 0.378906 0.853516 0.376953 0.853516 0.375000 0.857422 0.371094 0.857422 0.363281 0.855469 0.361328 0.855469 0.355469 0.853516 0.353516 0.853516 0.351562 0.851562 0.349609 0.851562 0.347656 0.845703 0.341797
0 0.925781 0.388672 0.923828 0.390625 0.923828 0.392578 0.921875 0.394531 0.921875 0.423828 0.917969 0.427734 0.917969 0.437500 0.919922 0.439453 0.923828 0.439453 0.927734 0.435547 0.927734 0.431641 0.929688 0.429688 0.929688 0.421875 0.931641 0.419922 0.931641 0.400391 0.929688 0.398438 0.929688 0.388672
0 0.937500 0.437500 0.933594 0.441406 0.933594 0.447266 0.931641 0.449219 0.931641 0.453125 0.929688 0.455078 0.929688 0.457031 0.927734 0.458984 0.927734 0.460938 0.925781 0.462891 0.925781 0.464844 0.919922 0.470703 0.919922 0.472656 0.917969 0.474609 0.917969 0.476562 0.919922 0.478516 0.921875 0.478516 0.931641 0.468750 0.931641 0.466797 0.933594 0.464844 0.933594 0.462891 0.935547 0.460938 0.935547 0.457031 0.937500 0.455078 0.937500 0.449219 0.939453 0.447266 0.939453 0.443359 0.941406 0.441406 0.941406 0.437500
0 0.548828 0.636719 0.546875 0.638672 0.544922 0.638672 0.542969 0.640625 0.537109 0.640625 0.537109 0.642578 0.521484 0.658203 0.521484 0.664062 0.519531 0.666016 0.521484 0.667969 0.523438 0.667969 0.525391 0.669922 0.527344 0.669922 0.529297 0.671875 0.533203 0.671875 0.535156 0.673828 0.548828 0.673828 0.550781 0.671875 0.554688 0.671875 0.556641 0.669922 0.558594 0.669922 0.560547 0.667969 0.562500 0.667969 0.564453 0.666016 0.564453 0.662109 0.566406 0.660156 0.566406 0.654297 0.568359 0.652344 0.568359 0.642578 0.566406 0.640625 0.566406 0.636719
0 0.490234 0.646484 0.488281 0.648438 0.484375 0.648438 0.480469 0.652344 0.478516 0.652344 0.478516 0.658203 0.480469 0.660156 0.482422 0.660156 0.484375 0.662109 0.486328 0.662109 0.488281 0.664062 0.494141 0.664062 0.496094 0.666016 0.500000 0.666016 0.501953 0.667969 0.513672 0.667969 0.515625 0.666016 0.517578 0.666016 0.519531 0.664062 0.519531 0.656250 0.517578 0.654297 0.517578 0.652344 0.513672 0.648438 0.511719 0.648438 0.509766 0.646484
0 0.511719 0.671875 0.509766 0.673828 0.507812 0.673828 0.505859 0.675781 0.503906 0.675781 0.501953 0.677734 0.492188 0.677734 0.490234 0.675781 0.484375 0.675781 0.482422 0.677734 0.482422 0.679688 0.480469 0.681641 0.480469 0.685547 0.478516 0.687500 0.478516 0.689453 0.480469 0.691406 0.484375 0.691406 0.486328 0.693359 0.490234 0.693359 0.492188 0.691406 0.496094 0.691406 0.498047 0.689453 0.500000 0.689453 0.501953 0.687500 0.505859 0.687500 0.507812 0.685547 0.511719 0.685547 0.513672 0.683594 0.515625 0.683594 0.517578 0.681641 0.519531 0.681641 0.519531 0.679688 0.523438 0.675781 0.523438 0.671875
0 0.521484 0.697266 0.517578 0.701172 0.517578 0.720703 0.519531 0.722656 0.519531 0.724609 0.523438 0.728516 0.523438 0.730469 0.529297 0.736328 0.533203 0.736328 0.535156 0.734375 0.539062 0.734375 0.542969 0.730469 0.542969 0.728516 0.544922 0.726562 0.544922 0.707031 0.542969 0.705078 0.542969 0.703125 0.537109 0.697266
0 0.095703 0.712891 0.093750 0.714844 0.089844 0.714844 0.083984 0.720703 0.082031 0.720703 0.074219 0.728516 0.074219 0.730469 0.070312 0.734375 0.070312 0.736328 0.068359 0.738281 0.068359 0.742188 0.072266 0.742188 0.074219 0.744141 0.078125 0.744141 0.080078 0.742188 0.083984 0.742188 0.085938 0.740234 0.091797 0.740234 0.093750 0.738281 0.105469 0.738281 0.107422 0.736328 0.107422 0.734375 0.113281 0.728516 0.113281 0.722656 0.115234 0.720703 0.115234 0.718750 0.113281 0.716797 0.113281 0.714844 0.111328 0.712891
0 0.535156 0.736328 0.533203 0.738281 0.529297 0.738281 0.527344 0.740234 0.525391 0.740234 0.517578 0.748047 0.515625 0.748047 0.515625 0.751953 0.511719 0.755859 0.511719 0.757812 0.509766 0.759766 0.509766 0.767578 0.511719 0.769531 0.515625 0.769531 0.517578 0.771484 0.523438 0.771484 0.525391 0.769531 0.531250 0.769531 0.539062 0.761719 0.539062 0.759766 0.542969 0.755859 0.542969 0.753906 0.548828 0.748047 0.548828 0.746094 0.550781 0.744141 0.550781 0.738281 0.548828 0.736328
0 0.093750 0.740234 0.091797 0.742188 0.085938 0.742188 0.083984 0.744141 0.080078 0.744141 0.074219 0.750000 0.074219 0.755859 0.076172 0.757812 0.078125 0.757812 0.080078 0.759766 0.080078 0.761719 0.085938 0.767578 0.087891 0.767578 0.093750 0.773438 0.107422 0.773438 0.117188 0.763672 0.117188 0.761719 0.119141 0.759766 0.119141 0.755859 0.121094 0.753906 0.121094 0.746094 0.117188 0.742188 0.115234 0.742188 0.113281 0.740234
0 0.775391 0.750000 0.773438 0.751953 0.771484 0.751953 0.769531 0.753906 0.767578 0.753906 0.765625 0.755859 0.763672 0.755859 0.759766 0.759766 0.759766 0.781250 0.761719 0.783203 0.771484 0.783203 0.773438 0.781250 0.775391 0.781250 0.785156 0.771484 0.785156 0.769531 0.787109 0.767578 0.787109 0.753906 0.783203 0.750000
0 0.701172 0.755859 0.699219 0.757812 0.697266 0.757812 0.695312 0.759766 0.693359 0.759766 0.689453 0.763672 0.689453 0.779297 0.695312 0.785156 0.697266 0.785156 0.699219 0.787109 0.701172 0.787109 0.705078 0.791016 0.707031 0.791016 0.708984 0.792969 0.712891 0.792969 0.714844 0.794922 0.736328 0.794922 0.738281 0.792969 0.738281 0.791016 0.740234 0.789062 0.740234 0.783203 0.742188 0.781250 0.742188 0.771484 0.740234 0.769531 0.740234 0.765625 0.736328 0.761719 0.734375 0.761719 0.732422 0.759766 0.730469 0.759766 0.728516 0.757812 0.724609 0.757812 0.722656 0.755859
0 0.269531 0.791016 0.267578 0.792969 0.265625 0.792969 0.265625 0.794922 0.263672 0.796875 0.263672 0.802734 0.265625 0.802734 0.271484 0.808594 0.273438 0.808594 0.275391 0.810547 0.277344 0.810547 0.283203 0.816406 0.285156 0.816406 0.285156 0.814453 0.287109 0.812500 0.287109 0.810547 0.289062 0.808594 0.289062 0.798828 0.287109 0.796875 0.285156 0.796875 0.281250 0.792969 0.279297 0.792969 0.277344 0.791016
0 0.242188 0.796875 0.240234 0.798828 0.240234 0.812500 0.242188 0.814453 0.242188 0.818359 0.244141 0.820312 0.244141 0.824219 0.248047 0.828125 0.248047 0.830078 0.251953 0.833984 0.253906 0.833984 0.255859 0.835938 0.287109 0.835938 0.291016 0.832031 0.291016 0.828125 0.289062 0.826172 0.289062 0.824219 0.277344 0.812500 0.275391 0.812500 0.273438 0.810547 0.271484 0.810547 0.265625 0.804688 0.263672 0.804688 0.261719 0.802734 0.259766 0.802734 0.257812 0.800781 0.251953 0.800781 0.250000 0.798828 0.248047 0.798828 0.246094 0.796875
0 0.373047 0.884766 0.371094 0.886719 0.369141 0.886719 0.367188 0.888672 0.365234 0.888672 0.361328 0.892578 0.361328 0.894531 0.357422 0.898438 0.357422 0.900391 0.353516 0.904297 0.353516 0.914062 0.361328 0.921875 0.365234 0.921875 0.367188 0.919922 0.369141 0.919922 0.371094 0.917969 0.373047 0.917969 0.375000 0.916016 0.376953 0.916016 0.378906 0.914062 0.380859 0.914062 0.382812 0.912109 0.386719 0.912109 0.388672 0.910156 0.390625 0.910156 0.394531 0.906250 0.396484 0.906250 0.398438 0.904297 0.398438 0.902344 0.400391 0.900391 0.400391 0.890625 0.396484 0.886719 0.396484 0.884766
0 0.382812 0.914062 0.380859 0.916016 0.378906 0.916016 0.376953 0.917969 0.375000 0.917969 0.373047 0.919922 0.371094 0.919922 0.369141 0.921875 0.367188 0.921875 0.363281 0.925781 0.361328 0.925781 0.359375 0.927734 0.357422 0.927734 0.353516 0.931641 0.351562 0.931641 0.343750 0.939453 0.343750 0.951172 0.345703 0.953125 0.345703 0.958984 0.347656 0.960938 0.351562 0.960938 0.353516 0.958984 0.355469 0.958984 0.359375 0.955078 0.359375 0.953125 0.371094 0.941406 0.375000 0.941406 0.376953 0.939453 0.378906 0.939453 0.382812 0.935547 0.384766 0.935547 0.386719 0.933594 0.386719 0.931641 0.390625 0.927734 0.390625 0.925781 0.392578 0.923828 0.392578 0.921875 0.394531 0.919922 0.394531 0.914062
