0 0.972656 0.109375 0.972656 0.111328 0.970703 0.113281 0.970703 0.115234 0.968750 0.117188 0.968750 0.128906 0.970703 0.130859 0.970703 0.132812 0.972656 0.134766 0.974609 0.134766 0.976562 0.136719 0.980469 0.136719 0.982422 0.134766 0.990234 0.134766 0.994141 0.138672 0.998047 0.138672 0.998047 0.117188 0.994141 0.113281 0.990234 0.113281 0.988281 0.111328 0.984375 0.111328 0.982422 0.109375
0 0.773438 0.128906 0.771484 0.130859 0.767578 0.130859 0.765625 0.132812 0.759766 0.132812 0.759766 0.134766 0.755859 0.138672 0.753906 0.138672 0.751953 0.140625 0.751953 0.142578 0.750000 0.144531 0.748047 0.144531 0.748047 0.148438 0.742188 0.154297 0.742188 0.156250 0.740234 0.158203 0.740234 0.160156 0.738281 0.162109 0.738281 0.171875 0.740234 0.171875 0.742188 0.173828 0.742188 0.177734 0.748047 0.183594 0.750000 0.183594 0.751953 0.185547 0.751953 0.187500 0.763672 0.187500 0.767578 0.183594 0.769531 0.183594 0.769531 0.181641 0.775391 0.175781 0.783203 0.183594 0.785156 0.183594 0.787109 0.185547 0.789062 0.183594 0.794922 0.183594 0.798828 0.179688 0.804688 0.179688 0.804688 0.177734 0.806641 0.175781 0.810547 0.175781 0.814453 0.171875 0.816406 0.171875 0.816406 0.169922 0.818359 0.167969 0.818359 0.158203 0.816406 0.156250 0.816406 0.154297 0.814453 0.152344 0.814453 0.150391 0.810547 0.146484 0.810547 0.144531 0.808594 0.142578 0.802734 0.142578 0.800781 0.140625 0.796875 0.140625 0.794922 0.138672 0.794922 0.136719 0.791016 0.136719 0.789062 0.134766 0.789062 0.132812 0.787109 0.132812 0.783203 0.128906
0 0.498047 0.167969 0.494141 0.171875 0.492188 0.171875 0.492188 0.185547 0.494141 0.187500 0.494141 0.189453 0.496094 0.191406 0.496094 0.193359 0.501953 0.199219 0.501953 0.201172 0.505859 0.205078 0.505859 0.207031 0.507812 0.207031 0.509766 0.208984 0.513672 0.208984 0.515625 0.210938 0.517578 0.210938 0.519531 0.212891 0.533203 0.212891 0.537109 0.208984 0.537109 0.199219 0.533203 0.195312 0.533203 0.193359 0.529297 0.189453 0.529297 0.187500 0.509766 0.167969
0 0.064453 0.287109 0.062500 0.289062 0.056641 0.289062 0.044922 0.300781 0.044922 0.304688 0.046875 0.306641 0.046875 0.308594 0.062500 0.308594 0.064453 0.306641 0.068359 0.306641 0.070312 0.304688 0.072266 0.304688 0.076172 0.300781 0.076172 0.287109
0 0.169922 0.300781 0.167969 0.302734 0.164062 0.302734 0.162109 0.304688 0.160156 0.304688 0.156250 0.308594 0.156250 0.310547 0.154297 0.312500 0.154297 0.314453 0.152344 0.316406 0.152344 0.318359 0.150391 0.320312 0.150391 0.330078 0.152344 0.332031 0.156250 0.332031 0.158203 0.330078 0.162109 0.330078 0.164062 0.328125 0.166016 0.328125 0.167969 0.326172 0.169922 0.326172 0.173828 0.322266 0.175781 0.322266 0.177734 0.320312 0.179688 0.320312 0.185547 0.314453 0.187500 0.314453 0.189453 0.312500 0.191406 0.312500 0.193359 0.310547 0.195312 0.310547 0.197266 0.308594 0.197266 0.304688 0.195312 0.302734 0.195312 0.300781
0 0.755859 0.314453 0.753906 0.316406 0.753906 0.318359 0.751953 0.320312 0.751953 0.330078 0.750000 0.332031 0.748047 0.332031 0.742188 0.337891 0.742188 0.339844 0.740234 0.341797 0.740234 0.347656 0.742188 0.347656 0.746094 0.351562 0.748047 0.351562 0.750000 0.353516 0.753906 0.353516 0.755859 0.351562 0.763672 0.351562 0.765625 0.349609 0.767578 0.349609 0.769531 0.347656 0.769531 0.324219 0.767578 0.322266 0.767578 0.318359 0.765625 0.316406 0.763672 0.316406 0.761719 0.314453
0 0.585938 0.332031 0.583984 0.333984 0.582031 0.333984 0.582031 0.351562 0.583984 0.353516 0.583984 0.355469 0.585938 0.355469 0.587891 0.357422 0.593750 0.357422 0.595703 0.355469 0.597656 0.355469 0.599609 0.353516 0.601562 0.353516 0.603516 0.351562 0.603516 0.349609 0.605469 0.347656 0.605469 0.343750 0.603516 0.341797 0.603516 0.339844 0.601562 0.337891 0.599609 0.337891 0.597656 0.335938 0.597656 0.333984 0.595703 0.333984 0.593750 0.332031
0 0.671875 0.371094 0.669922 0.373047 0.669922 0.396484 0.671875 0.398438 0.671875 0.400391 0.673828 0.402344 0.673828 0.404297 0.675781 0.406250 0.675781 0.408203 0.681641 0.414062 0.681641 0.416016 0.689453 0.423828 0.691406 0.423828 0.693359 0.421875 0.697266 0.421875 0.701172 0.417969 0.701172 0.400391 0.699219 0.398438 0.699219 0.392578 0.695312 0.388672 0.695312 0.386719 0.693359 0.384766 0.693359 0.382812 0.685547 0.375000 0.685547 0.373047 0.683594 0.371094
0 0.000000 0.384766 0.000000 0.437500 0.001953 0.437500 0.009766 0.429688 0.009766 0.427734 0.011719 0.425781 0.013672 0.425781 0.015625 0.423828 0.017578 0.423828 0.017578 0.419922 0.019531 0.417969 0.019531 0.414062 0.015625 0.410156 0.015625 0.408203 0.013672 0.406250 0.013672 0.404297 0.011719 0.402344 0.011719 0.400391 0.005859 0.394531 0.003906 0.394531 0.001953 0.392578 0.001953 0.388672 0.000000 0.386719
0 0.800781 0.406250 0.800781 0.410156 0.798828 0.412109 0.794922 0.412109 0.789062 0.417969 0.787109 0.417969 0.785156 0.419922 0.783203 0.419922 0.783203 0.421875 0.785156 0.423828 0.785156 0.425781 0.787109 0.425781 0.789062 0.427734 0.792969 0.427734 0.794922 0.429688 0.800781 0.429688 0.806641 0.423828 0.808594 0.423828 0.808594 0.421875 0.810547 0.419922 0.810547 0.417969 0.814453 0.414062 0.814453 0.410156 0.810547 0.406250
0 0.335938 0.585938 0.328125 0.593750 0.324219 0.593750 0.324219 0.621094 0.330078 0.626953 0.330078 0.630859 0.332031 0.632812 0.333984 0.632812 0.335938 0.634766 0.335938 0.636719 0.341797 0.636719 0.345703 0.640625 0.347656 0.640625 0.351562 0.644531 0.353516 0.644531 0.355469 0.646484 0.373047 0.646484 0.376953 0.642578 0.378906 0.642578 0.378906 0.640625 0.384766 0.634766 0.384766 0.625000 0.380859 0.621094 0.380859 0.617188 0.378906 0.615234 0.378906 0.611328 0.375000 0.607422 0.375000 0.605469 0.373047 0.603516 0.373047 0.601562 0.371094 0.599609 0.369141 0.599609 0.357422 0.587891 0.357422 0.585938
0 0.890625 0.656250 0.890625 0.658203 0.886719 0.662109 0.886719 0.664062 0.884766 0.666016 0.884766 0.667969 0.882812 0.669922 0.882812 0.671875 0.886719 0.675781 0.888672 0.675781 0.890625 0.677734 0.898438 0.677734 0.900391 0.675781 0.902344 0.675781 0.902344 0.673828 0.904297 0.671875 0.904297 0.660156 0.902344 0.658203 0.900391 0.658203 0.898438 0.656250
0 0.931641 0.701172 0.925781 0.707031 0.925781 0.724609 0.927734 0.726562 0.927734 0.728516 0.929688 0.730469 0.929688 0.732422 0.931641 0.734375 0.931641 0.736328 0.933594 0.736328 0.937500 0.740234 0.951172 0.740234 0.953125 0.738281 0.958984 0.738281 0.960938 0.736328 0.960938 0.732422 0.958984 0.730469 0.958984 0.716797 0.947266 0.705078 0.945312 0.705078 0.943359 0.703125 0.933594 0.703125
0 0.113281 0.693359 0.111328 0.695312 0.109375 0.695312 0.107422 0.697266 0.105469 0.697266 0.105469 0.699219 0.103516 0.701172 0.099609 0.701172 0.099609 0.705078 0.093750 0.710938 0.093750 0.730469 0.099609 0.736328 0.099609 0.738281 0.101562 0.740234 0.101562 0.742188 0.105469 0.746094 0.105469 0.751953 0.107422 0.751953 0.111328 0.755859 0.111328 0.757812 0.125000 0.771484 0.126953 0.771484 0.128906 0.773438 0.140625 0.773438 0.144531 0.769531 0.146484 0.769531 0.148438 0.767578 0.152344 0.767578 0.152344 0.765625 0.154297 0.763672 0.154297 0.744141 0.152344 0.742188 0.152344 0.734375 0.154297 0.732422 0.154297 0.730469 0.156250 0.728516 0.156250 0.718750 0.154297 0.716797 0.154297 0.714844 0.150391 0.710938 0.150391 0.708984 0.148438 0.707031 0.148438 0.705078 0.144531 0.701172 0.144531 0.699219 0.142578 0.697266 0.142578 0.695312 0.132812 0.695312 0.130859 0.693359
0 0.107422 0.943359 0.105469 0.945312 0.101562 0.945312 0.099609 0.947266 0.097656 0.947266 0.091797 0.953125 0.091797 0.974609 0.093750 0.976562 0.093750 0.978516 0.095703 0.980469 0.095703 0.982422 0.097656 0.984375 0.097656 0.988281 0.099609 0.988281 0.101562 0.990234 0.099609 0.992188 0.099609 0.994141 0.103516 0.994141 0.107422 0.998047 0.154297 0.998047 0.156250 0.996094 0.156250 0.984375 0.154297 0.982422 0.154297 0.974609 0.152344 0.972656 0.152344 0.970703 0.150391 0.968750 0.150391 0.966797 0.148438 0.964844 0.148438 0.962891 0.142578 0.957031 0.142578 0.955078 0.140625 0.953125 0.140625 0.951172 0.138672 0.951172 0.134766 0.947266 0.132812 0.947266 0.128906 0.943359
0 0.875000 0.955078 0.873047 0.957031 0.873047 0.958984 0.869141 0.962891 0.869141 0.972656 0.871094 0.974609 0.871094 0.984375 0.873047 0.986328 0.873047 0.990234 0.878906 0.996094 0.878906 0.998047 0.917969 0.998047 0.917969 0.996094 0.919922 0.994141 0.919922 0.992188 0.921875 0.990234 0.921875 0.988281 0.923828 0.986328 0.923828 0.984375 0.925781 0.982422 0.925781 0.980469 0.929688 0.976562 0.929688 0.974609 0.933594 0.970703 0.933594 0.968750 0.935547 0.966797 0.931641 0.962891 0.929688 0.962891 0.925781 0.958984 0.921875 0.958984 0.919922 0.957031 0.896484 0.957031 0.894531 0.955078
0 0.445312 0.958984 0.441406 0.962891 0.435547 0.962891 0.433594 0.964844 0.433594 0.970703 0.431641 0.972656 0.431641 0.974609 0.429688 0.976562 0.427734 0.976562 0.427734 0.984375 0.425781 0.986328 0.425781 0.988281 0.423828 0.990234 0.423828 0.992188 0.421875 0.994141 0.421875 0.998047 0.472656 0.998047 0.472656 0.986328 0.474609 0.984375 0.474609 0.982422 0.472656 0.980469 0.472656 0.976562 0.466797 0.970703 0.466797 0.966797 0.462891 0.962891 0.462891 0.960938 0.460938 0.958984
