0 0.404297 0.000000 0.404297 0.001953 0.406250 0.003906 0.406250 0.005859 0.408203 0.007812 0.408203 0.009766 0.412109 0.013672 0.417969 0.013672 0.419922 0.015625 0.431641 0.015625 0.433594 0.013672 0.435547 0.013672 0.437500 0.011719 0.439453 0.011719 0.439453 0.009766 0.447266 0.001953 0.447266 0.000000
0 0.570312 0.000000 0.572266 0.001953 0.572266 0.003906 0.574219 0.005859 0.574219 0.007812 0.583984 0.017578 0.589844 0.017578 0.591797 0.019531 0.599609 0.019531 0.601562 0.017578 0.603516 0.017578 0.605469 0.015625 0.607422 0.015625 0.613281 0.009766 0.613281 0.005859 0.615234 0.003906 0.615234 0.000000
0 0.894531 0.000000 0.900391 0.005859 0.902344 0.005859 0.906250 0.009766 0.908203 0.009766 0.910156 0.011719 0.929688 0.011719 0.931641 0.013672 0.939453 0.013672 0.941406 0.015625 0.945312 0.015625 0.947266 0.017578 0.949219 0.017578 0.953125 0.013672 0.955078 0.013672 0.960938 0.007812 0.960938 0.005859 0.962891 0.003906 0.962891 0.001953 0.964844 0.000000
0 0.000000 0.000000 0.000000 0.025391 0.011719 0.025391 0.013672 0.023438 0.015625 0.023438 0.019531 0.019531 0.019531 0.017578 0.021484 0.015625 0.021484 0.003906 0.019531 0.001953 0.019531 0.000000
0 0.546875 0.000000 0.544922 0.001953 0.544922 0.005859 0.542969 0.007812 0.542969 0.009766 0.541016 0.011719 0.541016 0.013672 0.539062 0.015625 0.539062 0.017578 0.541016 0.019531 0.541016 0.021484 0.542969 0.023438 0.554688 0.023438 0.558594 0.019531 0.558594 0.005859 0.556641 0.003906 0.556641 0.001953 0.554688 0.000000
0 0.812500 0.000000 0.822266 0.009766 0.822266 0.011719 0.824219 0.011719 0.830078 0.017578 0.832031 0.017578 0.833984 0.015625 0.833984 0.013672 0.841797 0.005859 0.845703 0.005859 0.847656 0.003906 0.857422 0.003906 0.859375 0.005859 0.865234 0.005859 0.867188 0.007812 0.869141 0.007812 0.876953 0.015625 0.876953 0.019531 0.878906 0.017578 0.878906 0.015625 0.880859 0.013672 0.880859 0.007812 0.878906 0.005859 0.878906 0.003906 0.876953 0.001953 0.876953 0.000000
0 0.048828 0.000000 0.048828 0.001953 0.050781 0.003906 0.050781 0.007812 0.052734 0.009766 0.052734 0.011719 0.054688 0.011719 0.056641 0.013672 0.056641 0.015625 0.058594 0.015625 0.062500 0.019531 0.064453 0.019531 0.068359 0.023438 0.070312 0.023438 0.072266 0.025391 0.072266 0.027344 0.076172 0.027344 0.080078 0.031250 0.082031 0.031250 0.083984 0.033203 0.085938 0.033203 0.087891 0.035156 0.097656 0.035156 0.099609 0.033203 0.101562 0.033203 0.103516 0.031250 0.105469 0.031250 0.111328 0.025391 0.113281 0.025391 0.115234 0.023438 0.119141 0.023438 0.119141 0.021484 0.121094 0.019531 0.123047 0.019531 0.126953 0.015625 0.126953 0.013672 0.128906 0.011719 0.130859 0.011719 0.132812 0.009766 0.132812 0.007812 0.136719 0.003906 0.136719 0.001953 0.134766 0.000000
0 0.496094 0.000000 0.492188 0.003906 0.492188 0.005859 0.490234 0.007812 0.490234 0.017578 0.492188 0.019531 0.492188 0.023438 0.496094 0.027344 0.496094 0.029297 0.501953 0.035156 0.503906 0.035156 0.505859 0.037109 0.507812 0.037109 0.509766 0.039062 0.511719 0.039062 0.513672 0.041016 0.525391 0.041016 0.525391 0.025391 0.523438 0.023438 0.523438 0.017578 0.521484 0.015625 0.521484 0.009766 0.519531 0.007812 0.519531 0.005859 0.517578 0.003906 0.517578 0.000000
0 0.986328 0.000000 0.978516 0.007812 0.978516 0.009766 0.974609 0.013672 0.974609 0.015625 0.972656 0.017578 0.972656 0.029297 0.974609 0.031250 0.974609 0.035156 0.976562 0.037109 0.976562 0.039062 0.988281 0.050781 0.990234 0.050781 0.992188 0.052734 0.994141 0.052734 0.998047 0.056641 0.998047 0.000000
0 0.660156 0.000000 0.660156 0.001953 0.658203 0.003906 0.658203 0.009766 0.656250 0.011719 0.656250 0.025391 0.658203 0.027344 0.658203 0.033203 0.660156 0.035156 0.660156 0.041016 0.664062 0.044922 0.664062 0.046875 0.675781 0.058594 0.677734 0.058594 0.681641 0.062500 0.683594 0.062500 0.687500 0.066406 0.689453 0.066406 0.691406 0.068359 0.705078 0.068359 0.708984 0.064453 0.708984 0.062500 0.712891 0.058594 0.712891 0.054688 0.714844 0.052734 0.714844 0.050781 0.718750 0.046875 0.718750 0.044922 0.720703 0.042969 0.720703 0.039062 0.722656 0.037109 0.722656 0.033203 0.724609 0.031250 0.724609 0.013672 0.720703 0.009766 0.720703 0.007812 0.714844 0.001953 0.714844 0.000000
0 0.847656 0.005859 0.845703 0.007812 0.841797 0.007812 0.835938 0.013672 0.835938 0.015625 0.832031 0.019531 0.832031 0.041016 0.833984 0.039062 0.843750 0.039062 0.845703 0.037109 0.855469 0.037109 0.857422 0.039062 0.861328 0.039062 0.863281 0.041016 0.865234 0.041016 0.867188 0.042969 0.867188 0.044922 0.869141 0.046875 0.869141 0.050781 0.869141 0.046875 0.871094 0.044922 0.871094 0.042969 0.873047 0.041016 0.873047 0.039062 0.875000 0.037109 0.875000 0.033203 0.876953 0.031250 0.876953 0.021484 0.875000 0.019531 0.875000 0.015625 0.869141 0.009766 0.867188 0.009766 0.865234 0.007812 0.859375 0.007812 0.857422 0.005859
0 0.162109 0.013672 0.160156 0.015625 0.156250 0.015625 0.156250 0.023438 0.162109 0.029297 0.167969 0.029297 0.169922 0.031250 0.171875 0.031250 0.173828 0.033203 0.177734 0.033203 0.179688 0.035156 0.181641 0.035156 0.187500 0.041016 0.187500 0.042969 0.189453 0.044922 0.189453 0.046875 0.191406 0.048828 0.191406 0.050781 0.193359 0.052734 0.193359 0.054688 0.195312 0.056641 0.195312 0.058594 0.203125 0.066406 0.212891 0.066406 0.216797 0.062500 0.218750 0.062500 0.220703 0.060547 0.222656 0.060547 0.226562 0.056641 0.228516 0.056641 0.236328 0.048828 0.236328 0.046875 0.238281 0.044922 0.238281 0.041016 0.236328 0.039062 0.236328 0.037109 0.230469 0.031250 0.228516 0.031250 0.226562 0.029297 0.224609 0.029297 0.220703 0.025391 0.218750 0.025391 0.214844 0.021484 0.212891 0.021484 0.210938 0.019531 0.207031 0.019531 0.205078 0.017578 0.197266 0.017578 0.195312 0.015625 0.191406 0.015625 0.189453 0.013672
0 0.912109 0.013672 0.910156 0.015625 0.904297 0.015625 0.902344 0.017578 0.900391 0.017578 0.900391 0.019531 0.898438 0.021484 0.898438 0.041016 0.900391 0.042969 0.900391 0.048828 0.902344 0.050781 0.902344 0.052734 0.904297 0.054688 0.904297 0.056641 0.906250 0.058594 0.908203 0.058594 0.910156 0.060547 0.912109 0.060547 0.914062 0.062500 0.916016 0.062500 0.917969 0.064453 0.927734 0.064453 0.929688 0.062500 0.931641 0.062500 0.933594 0.060547 0.935547 0.060547 0.937500 0.058594 0.939453 0.058594 0.951172 0.046875 0.951172 0.044922 0.955078 0.041016 0.955078 0.031250 0.953125 0.029297 0.953125 0.025391 0.945312 0.017578 0.941406 0.017578 0.939453 0.015625 0.931641 0.015625 0.929688 0.013672
0 0.000000 0.029297 0.000000 0.068359 0.001953 0.066406 0.003906 0.066406 0.003906 0.064453 0.005859 0.062500 0.007812 0.062500 0.007812 0.060547 0.009766 0.058594 0.009766 0.056641 0.011719 0.054688 0.011719 0.044922 0.009766 0.042969 0.009766 0.041016 0.007812 0.039062 0.007812 0.037109 0.005859 0.037109 0.003906 0.035156 0.003906 0.033203 0.001953 0.033203 0.000000 0.031250
0 0.480469 0.037109 0.478516 0.039062 0.476562 0.039062 0.474609 0.041016 0.472656 0.041016 0.464844 0.048828 0.464844 0.052734 0.466797 0.054688 0.466797 0.056641 0.468750 0.058594 0.468750 0.060547 0.470703 0.062500 0.488281 0.062500 0.490234 0.060547 0.494141 0.060547 0.494141 0.052734 0.492188 0.050781 0.492188 0.046875 0.482422 0.037109
0 0.593750 0.035156 0.591797 0.037109 0.587891 0.037109 0.585938 0.039062 0.583984 0.039062 0.582031 0.041016 0.580078 0.041016 0.578125 0.042969 0.576172 0.042969 0.576172 0.046875 0.574219 0.048828 0.574219 0.050781 0.576172 0.052734 0.576172 0.054688 0.578125 0.056641 0.580078 0.056641 0.582031 0.058594 0.585938 0.058594 0.587891 0.060547 0.597656 0.060547 0.599609 0.058594 0.603516 0.058594 0.605469 0.056641 0.611328 0.056641 0.613281 0.054688 0.625000 0.054688 0.626953 0.056641 0.628906 0.056641 0.630859 0.058594 0.632812 0.058594 0.634766 0.060547 0.638672 0.060547 0.638672 0.054688 0.636719 0.052734 0.636719 0.048828 0.634766 0.046875 0.634766 0.044922 0.630859 0.041016 0.628906 0.041016 0.626953 0.039062 0.625000 0.039062 0.623047 0.037109 0.621094 0.037109 0.619141 0.035156
0 0.767578 0.023438 0.765625 0.025391 0.761719 0.025391 0.759766 0.027344 0.757812 0.027344 0.751953 0.033203 0.751953 0.037109 0.750000 0.039062 0.750000 0.074219 0.751953 0.076172 0.751953 0.080078 0.777344 0.080078 0.779297 0.078125 0.783203 0.078125 0.785156 0.076172 0.787109 0.076172 0.789062 0.074219 0.789062 0.072266 0.791016 0.070312 0.792969 0.070312 0.796875 0.066406 0.798828 0.066406 0.800781 0.064453 0.800781 0.062500 0.802734 0.060547 0.802734 0.044922 0.800781 0.042969 0.800781 0.037109 0.798828 0.035156 0.798828 0.033203 0.791016 0.025391 0.787109 0.025391 0.785156 0.023438
0 0.533203 0.050781 0.525391 0.058594 0.525391 0.070312 0.527344 0.072266 0.533203 0.072266 0.539062 0.066406 0.541016 0.066406 0.542969 0.068359 0.544922 0.066406 0.546875 0.066406 0.550781 0.062500 0.550781 0.054688 0.546875 0.050781
0 0.845703 0.039062 0.843750 0.041016 0.833984 0.041016 0.832031 0.042969 0.830078 0.042969 0.828125 0.044922 0.824219 0.044922 0.822266 0.046875 0.820312 0.046875 0.818359 0.048828 0.818359 0.050781 0.810547 0.058594 0.810547 0.066406 0.812500 0.066406 0.814453 0.068359 0.818359 0.068359 0.820312 0.070312 0.820312 0.072266 0.824219 0.076172 0.824219 0.078125 0.828125 0.082031 0.828125 0.085938 0.841797 0.085938 0.845703 0.082031 0.847656 0.082031 0.847656 0.080078 0.855469 0.072266 0.855469 0.070312 0.859375 0.066406 0.859375 0.064453 0.863281 0.060547 0.863281 0.058594 0.865234 0.056641 0.865234 0.054688 0.867188 0.052734 0.867188 0.046875 0.865234 0.044922 0.865234 0.042969 0.863281 0.042969 0.861328 0.041016 0.857422 0.041016 0.855469 0.039062
0 0.251953 0.054688 0.250000 0.056641 0.244141 0.056641 0.244141 0.058594 0.242188 0.060547 0.240234 0.060547 0.228516 0.072266 0.228516 0.076172 0.224609 0.080078 0.222656 0.080078 0.220703 0.082031 0.218750 0.082031 0.218750 0.089844 0.220703 0.091797 0.220703 0.093750 0.232422 0.105469 0.234375 0.105469 0.236328 0.107422 0.242188 0.107422 0.244141 0.105469 0.246094 0.105469 0.250000 0.101562 0.250000 0.097656 0.253906 0.093750 0.253906 0.087891 0.255859 0.085938 0.255859 0.083984 0.257812 0.082031 0.257812 0.080078 0.259766 0.078125 0.259766 0.076172 0.265625 0.070312 0.265625 0.056641 0.263672 0.056641 0.261719 0.054688
0 0.613281 0.056641 0.611328 0.058594 0.605469 0.058594 0.603516 0.060547 0.599609 0.060547 0.597656 0.062500 0.595703 0.062500 0.593750 0.064453 0.591797 0.064453 0.589844 0.066406 0.587891 0.066406 0.585938 0.068359 0.583984 0.068359 0.580078 0.072266 0.580078 0.074219 0.578125 0.076172 0.578125 0.087891 0.582031 0.091797 0.585938 0.091797 0.587891 0.093750 0.597656 0.093750 0.599609 0.095703 0.605469 0.095703 0.607422 0.097656 0.613281 0.097656 0.615234 0.099609 0.619141 0.099609 0.621094 0.101562 0.626953 0.101562 0.628906 0.103516 0.632812 0.103516 0.634766 0.105469 0.636719 0.105469 0.638672 0.107422 0.658203 0.107422 0.660156 0.105469 0.662109 0.105469 0.666016 0.101562 0.666016 0.087891 0.664062 0.085938 0.664062 0.083984 0.660156 0.080078 0.660156 0.078125 0.654297 0.072266 0.652344 0.072266 0.648438 0.068359 0.646484 0.068359 0.644531 0.066406 0.642578 0.066406 0.640625 0.064453 0.638672 0.064453 0.636719 0.062500 0.634766 0.062500 0.632812 0.060547 0.630859 0.060547 0.628906 0.058594 0.626953 0.058594 0.625000 0.056641
0 0.796875 0.068359 0.792969 0.072266 0.791016 0.072266 0.791016 0.074219 0.783203 0.082031 0.783203 0.083984 0.779297 0.087891 0.779297 0.097656 0.777344 0.099609 0.777344 0.111328 0.783203 0.117188 0.785156 0.117188 0.787109 0.119141 0.802734 0.119141 0.804688 0.117188 0.808594 0.117188 0.810547 0.115234 0.814453 0.115234 0.816406 0.113281 0.818359 0.113281 0.822266 0.109375 0.822266 0.107422 0.830078 0.099609 0.830078 0.095703 0.828125 0.093750 0.828125 0.087891 0.826172 0.085938 0.826172 0.082031 0.822266 0.078125 0.822266 0.076172 0.818359 0.072266 0.818359 0.070312 0.814453 0.070312 0.812500 0.068359
0 0.062500 0.052734 0.058594 0.056641 0.044922 0.056641 0.041016 0.060547 0.039062 0.060547 0.035156 0.064453 0.033203 0.064453 0.025391 0.072266 0.025391 0.074219 0.021484 0.078125 0.021484 0.103516 0.023438 0.105469 0.023438 0.113281 0.025391 0.115234 0.025391 0.121094 0.027344 0.123047 0.027344 0.125000 0.031250 0.128906 0.033203 0.128906 0.037109 0.132812 0.039062 0.132812 0.042969 0.136719 0.070312 0.136719 0.072266 0.134766 0.074219 0.134766 0.076172 0.132812 0.082031 0.132812 0.083984 0.130859 0.085938 0.130859 0.087891 0.128906 0.089844 0.128906 0.097656 0.121094 0.099609 0.121094 0.105469 0.115234 0.105469 0.113281 0.107422 0.111328 0.107422 0.109375 0.109375 0.107422 0.109375 0.091797 0.107422 0.089844 0.107422 0.087891 0.105469 0.085938 0.105469 0.076172 0.103516 0.074219 0.103516 0.072266 0.101562 0.070312 0.101562 0.066406 0.097656 0.062500 0.095703 0.062500 0.085938 0.052734
0 0.144531 0.042969 0.142578 0.044922 0.142578 0.048828 0.140625 0.050781 0.138672 0.050781 0.136719 0.052734 0.136719 0.054688 0.132812 0.058594 0.132812 0.082031 0.130859 0.083984 0.130859 0.095703 0.128906 0.097656 0.128906 0.103516 0.126953 0.105469 0.126953 0.117188 0.125000 0.119141 0.125000 0.130859 0.126953 0.132812 0.126953 0.138672 0.128906 0.140625 0.128906 0.142578 0.130859 0.142578 0.132812 0.144531 0.134766 0.144531 0.136719 0.146484 0.144531 0.146484 0.146484 0.144531 0.150391 0.144531 0.152344 0.142578 0.154297 0.142578 0.156250 0.140625 0.158203 0.140625 0.158203 0.138672 0.164062 0.132812 0.164062 0.130859 0.166016 0.128906 0.166016 0.126953 0.167969 0.125000 0.167969 0.123047 0.169922 0.121094 0.169922 0.119141 0.171875 0.117188 0.171875 0.115234 0.181641 0.105469 0.183594 0.105469 0.189453 0.099609 0.191406 0.099609 0.195312 0.095703 0.195312 0.093750 0.199219 0.089844 0.199219 0.083984 0.197266 0.082031 0.197266 0.078125 0.195312 0.076172 0.195312 0.074219 0.193359 0.072266 0.193359 0.070312 0.187500 0.064453 0.187500 0.062500 0.181641 0.056641 0.181641 0.054688 0.179688 0.052734 0.177734 0.052734 0.173828 0.048828 0.171875 0.048828 0.169922 0.046875 0.167969 0.046875 0.166016 0.044922 0.162109 0.044922 0.160156 0.042969
0 0.517578 0.074219 0.507812 0.083984 0.505859 0.083984 0.505859 0.085938 0.503906 0.087891 0.503906 0.091797 0.505859 0.093750 0.505859 0.097656 0.507812 0.099609 0.507812 0.101562 0.513672 0.107422 0.513672 0.109375 0.519531 0.115234 0.521484 0.115234 0.525391 0.111328 0.527344 0.111328 0.531250 0.107422 0.533203 0.107422 0.537109 0.103516 0.539062 0.103516 0.539062 0.101562 0.541016 0.099609 0.541016 0.083984 0.537109 0.080078 0.537109 0.078125 0.533203 0.074219
0 0.419922 0.082031 0.412109 0.089844 0.412109 0.091797 0.406250 0.097656 0.404297 0.097656 0.402344 0.099609 0.402344 0.101562 0.392578 0.111328 0.392578 0.113281 0.390625 0.115234 0.390625 0.125000 0.398438 0.132812 0.400391 0.132812 0.404297 0.136719 0.439453 0.136719 0.441406 0.134766 0.443359 0.134766 0.451172 0.126953 0.453125 0.126953 0.453125 0.125000 0.457031 0.121094 0.457031 0.119141 0.458984 0.117188 0.458984 0.115234 0.460938 0.113281 0.460938 0.109375 0.462891 0.107422 0.462891 0.089844 0.460938 0.087891 0.457031 0.087891 0.455078 0.085938 0.447266 0.085938 0.445312 0.083984 0.437500 0.083984 0.435547 0.082031
0 0.953125 0.089844 0.951172 0.091797 0.949219 0.091797 0.943359 0.097656 0.943359 0.101562 0.941406 0.103516 0.941406 0.115234 0.939453 0.117188 0.939453 0.138672 0.941406 0.140625 0.941406 0.142578 0.943359 0.144531 0.943359 0.146484 0.945312 0.148438 0.945312 0.152344 0.947266 0.152344 0.953125 0.158203 0.960938 0.158203 0.964844 0.154297 0.966797 0.154297 0.970703 0.150391 0.972656 0.150391 0.976562 0.146484 0.978516 0.146484 0.982422 0.142578 0.984375 0.142578 0.986328 0.140625 0.988281 0.140625 0.996094 0.132812 0.996094 0.130859 0.998047 0.128906 0.998047 0.125000 0.996094 0.123047 0.996094 0.117188 0.994141 0.115234 0.994141 0.113281 0.982422 0.101562 0.980469 0.101562 0.976562 0.097656 0.974609 0.097656 0.970703 0.093750 0.968750 0.093750 0.964844 0.089844
0 0.546875 0.105469 0.544922 0.107422 0.541016 0.107422 0.535156 0.113281 0.535156 0.115234 0.529297 0.121094 0.529297 0.123047 0.523438 0.128906 0.523438 0.140625 0.525391 0.142578 0.525391 0.144531 0.527344 0.146484 0.529297 0.146484 0.531250 0.148438 0.556641 0.148438 0.558594 0.146484 0.566406 0.146484 0.568359 0.144531 0.572266 0.144531 0.574219 0.142578 0.576172 0.142578 0.580078 0.138672 0.582031 0.138672 0.587891 0.132812 0.587891 0.119141 0.585938 0.117188 0.583984 0.117188 0.580078 0.113281 0.578125 0.113281 0.574219 0.109375 0.572266 0.109375 0.570312 0.107422 0.568359 0.107422 0.566406 0.105469
0 0.833984 0.097656 0.824219 0.107422 0.824219 0.109375 0.822266 0.111328 0.822266 0.113281 0.820312 0.115234 0.820312 0.117188 0.818359 0.119141 0.818359 0.121094 0.816406 0.123047 0.816406 0.142578 0.818359 0.144531 0.818359 0.148438 0.820312 0.150391 0.820312 0.152344 0.822266 0.154297 0.824219 0.154297 0.826172 0.156250 0.841797 0.156250 0.843750 0.154297 0.847656 0.154297 0.849609 0.152344 0.853516 0.152344 0.855469 0.150391 0.857422 0.150391 0.859375 0.148438 0.861328 0.148438 0.865234 0.144531 0.865234 0.125000 0.863281 0.123047 0.863281 0.115234 0.861328 0.113281 0.861328 0.109375 0.859375 0.107422 0.859375 0.105469 0.855469 0.101562 0.853516 0.101562 0.851562 0.099609 0.849609 0.099609 0.847656 0.097656
0 0.312500 0.107422 0.308594 0.111328 0.308594 0.113281 0.306641 0.115234 0.306641 0.140625 0.308594 0.142578 0.308594 0.144531 0.316406 0.152344 0.328125 0.152344 0.330078 0.150391 0.332031 0.150391 0.333984 0.148438 0.335938 0.148438 0.339844 0.144531 0.341797 0.144531 0.345703 0.140625 0.347656 0.140625 0.347656 0.138672 0.351562 0.134766 0.351562 0.128906 0.349609 0.126953 0.349609 0.123047 0.347656 0.121094 0.347656 0.117188 0.343750 0.113281 0.341797 0.113281 0.339844 0.111328 0.337891 0.111328 0.333984 0.107422
0 0.900391 0.095703 0.898438 0.097656 0.894531 0.097656 0.890625 0.101562 0.888672 0.101562 0.888672 0.103516 0.886719 0.105469 0.886719 0.107422 0.884766 0.109375 0.884766 0.130859 0.886719 0.132812 0.886719 0.134766 0.888672 0.136719 0.888672 0.138672 0.892578 0.142578 0.892578 0.144531 0.900391 0.152344 0.900391 0.154297 0.908203 0.162109 0.912109 0.162109 0.914062 0.164062 0.917969 0.164062 0.919922 0.162109 0.921875 0.162109 0.921875 0.160156 0.923828 0.158203 0.923828 0.156250 0.925781 0.154297 0.925781 0.150391 0.927734 0.148438 0.927734 0.144531 0.929688 0.142578 0.929688 0.136719 0.931641 0.134766 0.931641 0.128906 0.933594 0.126953 0.933594 0.109375 0.931641 0.107422 0.931641 0.105469 0.925781 0.099609 0.923828 0.099609 0.921875 0.097656 0.916016 0.097656 0.914062 0.095703
0 0.705078 0.128906 0.703125 0.130859 0.701172 0.130859 0.699219 0.132812 0.697266 0.132812 0.691406 0.138672 0.691406 0.140625 0.687500 0.144531 0.687500 0.146484 0.685547 0.148438 0.685547 0.150391 0.683594 0.152344 0.683594 0.158203 0.681641 0.160156 0.681641 0.169922 0.683594 0.171875 0.683594 0.179688 0.685547 0.181641 0.685547 0.185547 0.687500 0.187500 0.687500 0.191406 0.691406 0.195312 0.693359 0.195312 0.699219 0.201172 0.701172 0.201172 0.703125 0.203125 0.705078 0.203125 0.708984 0.207031 0.732422 0.207031 0.734375 0.205078 0.738281 0.205078 0.738281 0.203125 0.742188 0.199219 0.742188 0.197266 0.748047 0.191406 0.746094 0.189453 0.746094 0.185547 0.744141 0.183594 0.744141 0.181641 0.738281 0.175781 0.738281 0.173828 0.736328 0.171875 0.736328 0.169922 0.734375 0.167969 0.734375 0.162109 0.732422 0.160156 0.732422 0.156250 0.730469 0.154297 0.730469 0.148438 0.728516 0.146484 0.728516 0.140625 0.726562 0.138672 0.726562 0.136719 0.724609 0.134766 0.724609 0.132812 0.720703 0.128906
0 0.193359 0.138672 0.191406 0.140625 0.185547 0.140625 0.183594 0.142578 0.181641 0.142578 0.181641 0.144531 0.179688 0.146484 0.175781 0.146484 0.171875 0.150391 0.169922 0.150391 0.162109 0.158203 0.162109 0.164062 0.160156 0.166016 0.160156 0.183594 0.162109 0.185547 0.162109 0.191406 0.167969 0.197266 0.167969 0.199219 0.171875 0.203125 0.173828 0.203125 0.181641 0.210938 0.187500 0.210938 0.189453 0.212891 0.191406 0.212891 0.193359 0.214844 0.214844 0.214844 0.222656 0.207031 0.222656 0.158203 0.220703 0.156250 0.220703 0.148438 0.218750 0.146484 0.218750 0.144531 0.214844 0.140625 0.212891 0.140625 0.210938 0.138672
0 0.636719 0.134766 0.634766 0.136719 0.628906 0.136719 0.626953 0.138672 0.625000 0.138672 0.619141 0.144531 0.617188 0.144531 0.615234 0.146484 0.613281 0.146484 0.605469 0.154297 0.605469 0.158203 0.603516 0.160156 0.603516 0.167969 0.601562 0.169922 0.601562 0.177734 0.599609 0.179688 0.599609 0.185547 0.597656 0.187500 0.597656 0.189453 0.595703 0.191406 0.595703 0.210938 0.597656 0.212891 0.597656 0.216797 0.599609 0.218750 0.601562 0.218750 0.603516 0.220703 0.605469 0.220703 0.607422 0.222656 0.611328 0.222656 0.613281 0.224609 0.621094 0.224609 0.623047 0.222656 0.626953 0.222656 0.628906 0.220703 0.632812 0.220703 0.634766 0.218750 0.638672 0.218750 0.640625 0.216797 0.642578 0.216797 0.644531 0.214844 0.646484 0.214844 0.650391 0.210938 0.652344 0.210938 0.662109 0.201172 0.662109 0.199219 0.664062 0.197266 0.664062 0.195312 0.666016 0.193359 0.666016 0.189453 0.667969 0.187500 0.667969 0.167969 0.666016 0.166016 0.666016 0.162109 0.664062 0.160156 0.664062 0.156250 0.662109 0.154297 0.662109 0.150391 0.660156 0.148438 0.660156 0.146484 0.658203 0.144531 0.658203 0.142578 0.654297 0.138672 0.652344 0.138672 0.650391 0.136719 0.646484 0.136719 0.644531 0.134766
0 0.996094 0.144531 0.994141 0.146484 0.992188 0.146484 0.990234 0.148438 0.988281 0.148438 0.978516 0.158203 0.978516 0.160156 0.976562 0.162109 0.976562 0.164062 0.974609 0.166016 0.974609 0.175781 0.972656 0.177734 0.972656 0.189453 0.974609 0.191406 0.974609 0.199219 0.976562 0.201172 0.976562 0.208984 0.978516 0.210938 0.978516 0.212891 0.982422 0.216797 0.984375 0.216797 0.988281 0.220703 0.990234 0.220703 0.992188 0.222656 0.998047 0.222656 0.998047 0.146484
0 0.259766 0.171875 0.255859 0.175781 0.255859 0.177734 0.253906 0.179688 0.253906 0.183594 0.251953 0.185547 0.251953 0.193359 0.253906 0.195312 0.253906 0.199219 0.255859 0.201172 0.255859 0.203125 0.259766 0.203125 0.261719 0.201172 0.281250 0.201172 0.283203 0.203125 0.292969 0.203125 0.292969 0.201172 0.294922 0.199219 0.296875 0.199219 0.296875 0.197266 0.300781 0.193359 0.300781 0.181641 0.298828 0.181641 0.296875 0.179688 0.296875 0.177734 0.289062 0.177734 0.287109 0.179688 0.283203 0.179688 0.281250 0.181641 0.279297 0.181641 0.277344 0.179688 0.271484 0.179688 0.269531 0.177734 0.267578 0.177734 0.261719 0.171875
0 0.365234 0.166016 0.365234 0.167969 0.363281 0.169922 0.359375 0.169922 0.357422 0.171875 0.357422 0.177734 0.361328 0.181641 0.361328 0.189453 0.363281 0.191406 0.363281 0.193359 0.365234 0.195312 0.365234 0.199219 0.367188 0.197266 0.382812 0.197266 0.384766 0.199219 0.386719 0.199219 0.388672 0.201172 0.390625 0.201172 0.392578 0.203125 0.394531 0.203125 0.396484 0.205078 0.396484 0.207031 0.398438 0.207031 0.400391 0.208984 0.400391 0.210938 0.402344 0.210938 0.404297 0.212891 0.404297 0.216797 0.406250 0.218750 0.406250 0.222656 0.408203 0.224609 0.408203 0.238281 0.416016 0.238281 0.417969 0.236328 0.417969 0.232422 0.419922 0.230469 0.419922 0.228516 0.421875 0.226562 0.421875 0.205078 0.419922 0.203125 0.419922 0.201172 0.417969 0.199219 0.417969 0.195312 0.414062 0.191406 0.414062 0.189453 0.410156 0.185547 0.410156 0.183594 0.402344 0.175781 0.400391 0.175781 0.398438 0.173828 0.396484 0.173828 0.392578 0.169922 0.390625 0.169922 0.388672 0.167969 0.386719 0.167969 0.384766 0.166016
0 0.912109 0.169922 0.910156 0.171875 0.908203 0.171875 0.906250 0.173828 0.904297 0.173828 0.902344 0.175781 0.900391 0.175781 0.898438 0.177734 0.898438 0.179688 0.892578 0.185547 0.892578 0.189453 0.890625 0.191406 0.890625 0.193359 0.888672 0.195312 0.888672 0.222656 0.890625 0.224609 0.890625 0.226562 0.892578 0.228516 0.892578 0.230469 0.894531 0.230469 0.896484 0.232422 0.898438 0.232422 0.900391 0.234375 0.906250 0.234375 0.908203 0.236328 0.929688 0.236328 0.931641 0.234375 0.941406 0.234375 0.949219 0.226562 0.949219 0.224609 0.951172 0.222656 0.951172 0.220703 0.953125 0.218750 0.953125 0.214844 0.955078 0.212891 0.955078 0.203125 0.953125 0.201172 0.953125 0.193359 0.949219 0.189453 0.949219 0.187500 0.945312 0.183594 0.945312 0.177734 0.943359 0.177734 0.941406 0.175781 0.937500 0.175781 0.935547 0.173828 0.931641 0.173828 0.929688 0.171875 0.925781 0.171875 0.923828 0.169922
0 0.771484 0.177734 0.769531 0.179688 0.767578 0.179688 0.765625 0.181641 0.763672 0.181641 0.761719 0.183594 0.759766 0.183594 0.757812 0.185547 0.755859 0.185547 0.753906 0.187500 0.751953 0.187500 0.751953 0.189453 0.744141 0.197266 0.744141 0.199219 0.740234 0.203125 0.740234 0.222656 0.742188 0.224609 0.742188 0.226562 0.744141 0.228516 0.744141 0.230469 0.748047 0.230469 0.751953 0.234375 0.757812 0.234375 0.759766 0.236328 0.781250 0.236328 0.783203 0.234375 0.789062 0.234375 0.792969 0.230469 0.796875 0.230469 0.800781 0.226562 0.802734 0.226562 0.806641 0.222656 0.806641 0.220703 0.810547 0.216797 0.810547 0.214844 0.812500 0.212891 0.812500 0.195312 0.810547 0.193359 0.810547 0.191406 0.808594 0.189453 0.808594 0.187500 0.804688 0.183594 0.804688 0.181641 0.802734 0.181641 0.798828 0.177734
0 0.845703 0.199219 0.843750 0.201172 0.837891 0.201172 0.824219 0.214844 0.824219 0.218750 0.822266 0.220703 0.822266 0.234375 0.824219 0.236328 0.824219 0.238281 0.826172 0.240234 0.826172 0.246094 0.828125 0.248047 0.828125 0.250000 0.830078 0.250000 0.835938 0.255859 0.835938 0.257812 0.867188 0.257812 0.869141 0.255859 0.871094 0.255859 0.876953 0.250000 0.876953 0.248047 0.878906 0.246094 0.878906 0.242188 0.880859 0.240234 0.880859 0.236328 0.882812 0.234375 0.882812 0.210938 0.878906 0.207031 0.878906 0.205078 0.876953 0.205078 0.875000 0.203125 0.873047 0.203125 0.871094 0.201172 0.869141 0.201172 0.867188 0.199219
0 0.562500 0.203125 0.560547 0.205078 0.556641 0.205078 0.554688 0.207031 0.552734 0.207031 0.550781 0.208984 0.548828 0.208984 0.546875 0.210938 0.544922 0.210938 0.542969 0.212891 0.541016 0.212891 0.531250 0.222656 0.531250 0.224609 0.527344 0.228516 0.527344 0.230469 0.525391 0.232422 0.525391 0.251953 0.527344 0.253906 0.529297 0.253906 0.531250 0.251953 0.537109 0.251953 0.539062 0.253906 0.542969 0.253906 0.546875 0.257812 0.548828 0.257812 0.550781 0.259766 0.550781 0.261719 0.554688 0.265625 0.556641 0.265625 0.558594 0.263672 0.562500 0.263672 0.574219 0.251953 0.574219 0.250000 0.578125 0.246094 0.578125 0.244141 0.587891 0.234375 0.587891 0.232422 0.589844 0.230469 0.589844 0.228516 0.591797 0.226562 0.591797 0.220703 0.589844 0.218750 0.589844 0.214844 0.587891 0.212891 0.587891 0.210938 0.582031 0.205078 0.580078 0.205078 0.578125 0.203125
0 0.261719 0.203125 0.259766 0.205078 0.253906 0.205078 0.250000 0.208984 0.248047 0.208984 0.248047 0.210938 0.244141 0.214844 0.244141 0.246094 0.246094 0.248047 0.246094 0.251953 0.248047 0.253906 0.248047 0.257812 0.250000 0.257812 0.251953 0.259766 0.251953 0.261719 0.259766 0.269531 0.261719 0.269531 0.263672 0.271484 0.265625 0.271484 0.267578 0.273438 0.269531 0.273438 0.271484 0.275391 0.273438 0.275391 0.275391 0.277344 0.292969 0.277344 0.294922 0.275391 0.296875 0.275391 0.298828 0.273438 0.300781 0.273438 0.304688 0.269531 0.306641 0.269531 0.306641 0.267578 0.308594 0.265625 0.308594 0.263672 0.312500 0.259766 0.312500 0.257812 0.316406 0.253906 0.316406 0.248047 0.318359 0.246094 0.318359 0.230469 0.316406 0.228516 0.316406 0.222656 0.312500 0.218750 0.312500 0.216797 0.310547 0.216797 0.308594 0.214844 0.308594 0.212891 0.306641 0.212891 0.304688 0.210938 0.302734 0.210938 0.300781 0.208984 0.294922 0.208984 0.292969 0.207031 0.289062 0.207031 0.287109 0.205078 0.283203 0.205078 0.281250 0.203125
0 0.367188 0.199219 0.365234 0.201172 0.361328 0.201172 0.359375 0.203125 0.357422 0.203125 0.355469 0.205078 0.351562 0.205078 0.339844 0.216797 0.337891 0.216797 0.337891 0.218750 0.335938 0.220703 0.335938 0.224609 0.333984 0.226562 0.333984 0.234375 0.332031 0.236328 0.332031 0.238281 0.330078 0.240234 0.330078 0.261719 0.332031 0.263672 0.332031 0.267578 0.333984 0.269531 0.333984 0.275391 0.335938 0.277344 0.337891 0.277344 0.339844 0.279297 0.339844 0.281250 0.343750 0.285156 0.355469 0.285156 0.357422 0.283203 0.363281 0.283203 0.365234 0.281250 0.375000 0.281250 0.376953 0.279297 0.378906 0.279297 0.380859 0.277344 0.382812 0.277344 0.384766 0.275391 0.386719 0.275391 0.386719 0.273438 0.388672 0.271484 0.390625 0.271484 0.392578 0.269531 0.392578 0.267578 0.394531 0.265625 0.396484 0.265625 0.402344 0.259766 0.402344 0.257812 0.406250 0.253906 0.406250 0.224609 0.404297 0.222656 0.404297 0.218750 0.402344 0.216797 0.402344 0.212891 0.400391 0.212891 0.398438 0.210938 0.398438 0.208984 0.396484 0.208984 0.394531 0.207031 0.394531 0.205078 0.392578 0.205078 0.390625 0.203125 0.388672 0.203125 0.386719 0.201172 0.384766 0.201172 0.382812 0.199219
0 0.941406 0.242188 0.939453 0.244141 0.935547 0.244141 0.933594 0.246094 0.931641 0.246094 0.929688 0.248047 0.929688 0.251953 0.933594 0.255859 0.933594 0.257812 0.943359 0.267578 0.945312 0.267578 0.949219 0.271484 0.957031 0.271484 0.958984 0.269531 0.958984 0.267578 0.960938 0.265625 0.960938 0.263672 0.964844 0.259766 0.964844 0.255859 0.966797 0.253906 0.966797 0.251953 0.968750 0.250000 0.968750 0.246094 0.966797 0.246094 0.964844 0.244141 0.957031 0.244141 0.955078 0.242188
0 0.898438 0.267578 0.896484 0.269531 0.892578 0.269531 0.890625 0.271484 0.888672 0.271484 0.886719 0.273438 0.884766 0.273438 0.880859 0.277344 0.882812 0.279297 0.884766 0.279297 0.890625 0.285156 0.890625 0.287109 0.892578 0.289062 0.892578 0.291016 0.894531 0.292969 0.900391 0.292969 0.902344 0.291016 0.925781 0.291016 0.929688 0.287109 0.929688 0.277344 0.923828 0.271484 0.921875 0.271484 0.919922 0.269531 0.917969 0.269531 0.916016 0.267578
0 0.689453 0.253906 0.677734 0.265625 0.675781 0.265625 0.666016 0.275391 0.666016 0.277344 0.662109 0.281250 0.662109 0.291016 0.664062 0.292969 0.664062 0.306641 0.666016 0.308594 0.667969 0.308594 0.669922 0.310547 0.675781 0.310547 0.677734 0.312500 0.689453 0.312500 0.693359 0.308594 0.693359 0.306641 0.697266 0.302734 0.697266 0.298828 0.701172 0.294922 0.701172 0.292969 0.703125 0.291016 0.703125 0.289062 0.705078 0.287109 0.705078 0.285156 0.707031 0.283203 0.707031 0.277344 0.708984 0.275391 0.708984 0.263672 0.707031 0.261719 0.707031 0.259766 0.705078 0.257812 0.703125 0.257812 0.701172 0.255859 0.699219 0.255859 0.697266 0.253906
0 0.000000 0.255859 0.000000 0.296875 0.001953 0.298828 0.001953 0.300781 0.007812 0.300781 0.009766 0.302734 0.009766 0.304688 0.013672 0.304688 0.017578 0.308594 0.019531 0.308594 0.021484 0.310547 0.021484 0.312500 0.023438 0.312500 0.025391 0.314453 0.025391 0.316406 0.029297 0.320312 0.031250 0.320312 0.033203 0.322266 0.035156 0.322266 0.037109 0.320312 0.041016 0.320312 0.042969 0.318359 0.042969 0.312500 0.044922 0.310547 0.044922 0.291016 0.042969 0.289062 0.042969 0.281250 0.039062 0.277344 0.039062 0.275391 0.037109 0.275391 0.035156 0.273438 0.035156 0.271484 0.033203 0.271484 0.029297 0.267578 0.025391 0.267578 0.023438 0.265625 0.023438 0.263672 0.021484 0.263672 0.019531 0.261719 0.017578 0.261719 0.015625 0.259766 0.013672 0.259766 0.011719 0.257812 0.011719 0.255859
0 0.531250 0.253906 0.529297 0.255859 0.527344 0.255859 0.527344 0.257812 0.521484 0.263672 0.521484 0.265625 0.519531 0.267578 0.519531 0.269531 0.517578 0.271484 0.517578 0.273438 0.515625 0.275391 0.515625 0.281250 0.513672 0.283203 0.513672 0.289062 0.511719 0.291016 0.511719 0.316406 0.513672 0.318359 0.513672 0.322266 0.515625 0.322266 0.517578 0.324219 0.527344 0.324219 0.531250 0.320312 0.533203 0.320312 0.535156 0.318359 0.537109 0.318359 0.548828 0.306641 0.548828 0.304688 0.552734 0.300781 0.552734 0.296875 0.554688 0.294922 0.554688 0.291016 0.556641 0.289062 0.556641 0.275391 0.554688 0.273438 0.554688 0.269531 0.552734 0.267578 0.552734 0.265625 0.548828 0.261719 0.548828 0.259766 0.546875 0.259766 0.542969 0.255859 0.539062 0.255859 0.537109 0.253906
0 0.751953 0.267578 0.746094 0.273438 0.746094 0.275391 0.744141 0.277344 0.744141 0.281250 0.740234 0.285156 0.740234 0.287109 0.738281 0.289062 0.738281 0.298828 0.742188 0.302734 0.742188 0.304688 0.744141 0.306641 0.746094 0.306641 0.751953 0.312500 0.755859 0.312500 0.759766 0.308594 0.761719 0.308594 0.763672 0.306641 0.765625 0.306641 0.763672 0.304688 0.763672 0.302734 0.761719 0.300781 0.761719 0.298828 0.759766 0.296875 0.759766 0.292969 0.757812 0.291016 0.757812 0.287109 0.761719 0.283203 0.761719 0.281250 0.763672 0.279297 0.763672 0.275391 0.761719 0.273438 0.761719 0.269531 0.759766 0.267578
0 0.613281 0.267578 0.607422 0.273438 0.607422 0.275391 0.603516 0.279297 0.603516 0.281250 0.599609 0.285156 0.599609 0.287109 0.597656 0.289062 0.597656 0.292969 0.595703 0.294922 0.595703 0.312500 0.597656 0.314453 0.597656 0.316406 0.599609 0.318359 0.599609 0.320312 0.601562 0.322266 0.603516 0.322266 0.605469 0.324219 0.623047 0.324219 0.625000 0.322266 0.626953 0.322266 0.626953 0.320312 0.628906 0.318359 0.630859 0.318359 0.632812 0.316406 0.634766 0.316406 0.636719 0.314453 0.640625 0.314453 0.644531 0.310547 0.644531 0.308594 0.646484 0.306641 0.646484 0.291016 0.644531 0.289062 0.644531 0.285156 0.642578 0.283203 0.642578 0.281250 0.636719 0.275391 0.634766 0.275391 0.630859 0.271484 0.628906 0.271484 0.626953 0.269531 0.625000 0.269531 0.623047 0.267578
0 0.416016 0.279297 0.412109 0.283203 0.410156 0.283203 0.406250 0.287109 0.406250 0.292969 0.410156 0.292969 0.412109 0.294922 0.414062 0.294922 0.423828 0.304688 0.425781 0.302734 0.443359 0.302734 0.445312 0.304688 0.445312 0.296875 0.443359 0.294922 0.443359 0.291016 0.441406 0.289062 0.441406 0.287109 0.437500 0.283203 0.435547 0.283203 0.431641 0.279297
0 0.458984 0.269531 0.457031 0.271484 0.457031 0.275391 0.455078 0.277344 0.455078 0.287109 0.453125 0.289062 0.453125 0.308594 0.455078 0.310547 0.455078 0.314453 0.457031 0.316406 0.457031 0.318359 0.464844 0.326172 0.466797 0.326172 0.468750 0.328125 0.470703 0.328125 0.472656 0.330078 0.474609 0.330078 0.476562 0.332031 0.484375 0.332031 0.486328 0.330078 0.490234 0.330078 0.490234 0.326172 0.492188 0.324219 0.492188 0.287109 0.490234 0.285156 0.490234 0.283203 0.482422 0.275391 0.480469 0.275391 0.478516 0.273438 0.476562 0.273438 0.474609 0.271484 0.470703 0.271484 0.468750 0.269531
0 0.767578 0.277344 0.763672 0.281250 0.763672 0.283203 0.759766 0.287109 0.759766 0.291016 0.761719 0.292969 0.761719 0.296875 0.763672 0.298828 0.763672 0.300781 0.765625 0.302734 0.765625 0.304688 0.769531 0.304688 0.771484 0.302734 0.789062 0.302734 0.791016 0.304688 0.792969 0.304688 0.800781 0.312500 0.800781 0.314453 0.802734 0.314453 0.802734 0.300781 0.800781 0.298828 0.800781 0.296875 0.798828 0.294922 0.798828 0.292969 0.785156 0.279297 0.783203 0.279297 0.781250 0.277344
0 0.115234 0.273438 0.113281 0.275391 0.111328 0.275391 0.109375 0.277344 0.107422 0.277344 0.105469 0.279297 0.097656 0.279297 0.095703 0.281250 0.085938 0.281250 0.083984 0.283203 0.078125 0.283203 0.078125 0.285156 0.076172 0.287109 0.076172 0.302734 0.078125 0.304688 0.078125 0.310547 0.076172 0.312500 0.076172 0.318359 0.074219 0.320312 0.074219 0.328125 0.078125 0.332031 0.083984 0.332031 0.085938 0.330078 0.087891 0.330078 0.087891 0.328125 0.093750 0.322266 0.093750 0.320312 0.099609 0.314453 0.099609 0.312500 0.107422 0.304688 0.107422 0.302734 0.119141 0.291016 0.121094 0.291016 0.121094 0.289062 0.123047 0.287109 0.125000 0.287109 0.126953 0.285156 0.126953 0.275391 0.125000 0.273438
0 0.386719 0.291016 0.384766 0.292969 0.380859 0.292969 0.378906 0.294922 0.378906 0.296875 0.376953 0.298828 0.376953 0.306641 0.378906 0.308594 0.378906 0.310547 0.380859 0.310547 0.384766 0.314453 0.386719 0.314453 0.388672 0.316406 0.390625 0.316406 0.392578 0.318359 0.394531 0.318359 0.398438 0.322266 0.400391 0.322266 0.402344 0.324219 0.404297 0.324219 0.406250 0.326172 0.406250 0.324219 0.408203 0.322266 0.408203 0.320312 0.410156 0.318359 0.410156 0.316406 0.414062 0.312500 0.416016 0.312500 0.417969 0.310547 0.417969 0.308594 0.421875 0.304688 0.414062 0.296875 0.412109 0.296875 0.410156 0.294922 0.406250 0.294922 0.404297 0.292969 0.398438 0.292969 0.396484 0.291016
0 0.859375 0.271484 0.855469 0.275391 0.853516 0.275391 0.851562 0.277344 0.851562 0.279297 0.845703 0.285156 0.845703 0.287109 0.843750 0.289062 0.843750 0.292969 0.841797 0.294922 0.841797 0.316406 0.843750 0.318359 0.843750 0.322266 0.845703 0.324219 0.845703 0.326172 0.847656 0.328125 0.847656 0.330078 0.849609 0.332031 0.851562 0.332031 0.857422 0.337891 0.859375 0.337891 0.861328 0.339844 0.863281 0.339844 0.865234 0.341797 0.867188 0.341797 0.869141 0.343750 0.886719 0.343750 0.892578 0.337891 0.892578 0.333984 0.894531 0.332031 0.894531 0.328125 0.896484 0.326172 0.896484 0.302734 0.894531 0.300781 0.894531 0.296875 0.892578 0.294922 0.892578 0.292969 0.890625 0.291016 0.890625 0.289062 0.888672 0.287109 0.888672 0.285156 0.884766 0.281250 0.882812 0.281250 0.878906 0.277344 0.876953 0.277344 0.875000 0.275391 0.873047 0.275391 0.869141 0.271484
0 0.248047 0.279297 0.246094 0.281250 0.236328 0.281250 0.234375 0.283203 0.228516 0.283203 0.228516 0.285156 0.224609 0.289062 0.224609 0.291016 0.220703 0.294922 0.220703 0.300781 0.218750 0.302734 0.218750 0.312500 0.220703 0.314453 0.220703 0.320312 0.222656 0.322266 0.222656 0.324219 0.228516 0.330078 0.228516 0.332031 0.232422 0.335938 0.234375 0.335938 0.236328 0.337891 0.236328 0.339844 0.238281 0.339844 0.240234 0.341797 0.242188 0.341797 0.244141 0.343750 0.248047 0.343750 0.250000 0.341797 0.253906 0.341797 0.261719 0.333984 0.261719 0.332031 0.265625 0.328125 0.265625 0.324219 0.267578 0.322266 0.267578 0.320312 0.269531 0.318359 0.269531 0.294922 0.267578 0.292969 0.267578 0.289062 0.265625 0.287109 0.265625 0.285156 0.263672 0.283203 0.261719 0.283203 0.259766 0.281250 0.255859 0.281250 0.253906 0.279297
0 0.425781 0.304688 0.423828 0.306641 0.421875 0.306641 0.419922 0.308594 0.419922 0.310547 0.416016 0.314453 0.414062 0.314453 0.412109 0.316406 0.412109 0.318359 0.410156 0.320312 0.410156 0.322266 0.408203 0.324219 0.408203 0.333984 0.412109 0.337891 0.412109 0.339844 0.414062 0.341797 0.433594 0.341797 0.435547 0.339844 0.439453 0.339844 0.441406 0.337891 0.445312 0.337891 0.451172 0.332031 0.451172 0.330078 0.453125 0.328125 0.453125 0.326172 0.455078 0.324219 0.455078 0.316406 0.453125 0.314453 0.453125 0.312500 0.449219 0.308594 0.447266 0.308594 0.443359 0.304688
0 0.986328 0.289062 0.984375 0.291016 0.982422 0.291016 0.976562 0.296875 0.974609 0.296875 0.970703 0.300781 0.970703 0.302734 0.966797 0.306641 0.966797 0.308594 0.962891 0.312500 0.962891 0.320312 0.960938 0.322266 0.960938 0.324219 0.958984 0.326172 0.958984 0.335938 0.957031 0.337891 0.957031 0.341797 0.958984 0.343750 0.958984 0.351562 0.962891 0.355469 0.964844 0.355469 0.966797 0.357422 0.968750 0.357422 0.970703 0.359375 0.988281 0.359375 0.994141 0.353516 0.994141 0.351562 0.998047 0.347656 0.998047 0.291016 0.994141 0.291016 0.992188 0.289062
0 0.771484 0.304688 0.769531 0.306641 0.767578 0.306641 0.765625 0.308594 0.763672 0.308594 0.761719 0.310547 0.759766 0.310547 0.755859 0.314453 0.755859 0.316406 0.753906 0.318359 0.753906 0.320312 0.751953 0.322266 0.751953 0.343750 0.753906 0.345703 0.753906 0.349609 0.761719 0.357422 0.763672 0.357422 0.765625 0.359375 0.785156 0.359375 0.787109 0.357422 0.789062 0.357422 0.794922 0.351562 0.794922 0.349609 0.798828 0.345703 0.798828 0.343750 0.800781 0.341797 0.800781 0.337891 0.802734 0.335938 0.802734 0.322266 0.800781 0.320312 0.800781 0.316406 0.798828 0.314453 0.798828 0.312500 0.792969 0.306641 0.791016 0.306641 0.789062 0.304688
0 0.298828 0.296875 0.298828 0.300781 0.308594 0.310547 0.310547 0.310547 0.316406 0.316406 0.316406 0.318359 0.320312 0.322266 0.320312 0.324219 0.322266 0.326172 0.322266 0.328125 0.324219 0.330078 0.324219 0.332031 0.326172 0.333984 0.326172 0.335938 0.328125 0.337891 0.328125 0.339844 0.330078 0.341797 0.330078 0.343750 0.332031 0.345703 0.332031 0.349609 0.333984 0.351562 0.333984 0.353516 0.337891 0.357422 0.339844 0.357422 0.341797 0.359375 0.343750 0.359375 0.345703 0.361328 0.347656 0.361328 0.349609 0.363281 0.355469 0.363281 0.357422 0.365234 0.365234 0.365234 0.367188 0.367188 0.373047 0.367188 0.375000 0.369141 0.376953 0.369141 0.378906 0.371094 0.388672 0.371094 0.390625 0.369141 0.392578 0.369141 0.394531 0.367188 0.394531 0.365234 0.396484 0.363281 0.396484 0.345703 0.394531 0.343750 0.394531 0.339844 0.386719 0.332031 0.384766 0.332031 0.382812 0.330078 0.380859 0.330078 0.375000 0.324219 0.373047 0.324219 0.369141 0.320312 0.367188 0.320312 0.363281 0.316406 0.361328 0.316406 0.355469 0.310547 0.353516 0.310547 0.351562 0.308594 0.349609 0.308594 0.347656 0.306641 0.345703 0.306641 0.343750 0.304688 0.339844 0.304688 0.337891 0.302734 0.332031 0.302734 0.330078 0.300781 0.324219 0.300781 0.322266 0.298828 0.316406 0.298828 0.314453 0.296875
0 0.636719 0.316406 0.634766 0.318359 0.632812 0.318359 0.630859 0.320312 0.628906 0.320312 0.628906 0.322266 0.623047 0.328125 0.623047 0.330078 0.619141 0.333984 0.619141 0.337891 0.617188 0.339844 0.617188 0.351562 0.623047 0.357422 0.625000 0.357422 0.626953 0.359375 0.630859 0.359375 0.632812 0.361328 0.648438 0.361328 0.650391 0.359375 0.652344 0.359375 0.656250 0.355469 0.660156 0.355469 0.664062 0.351562 0.667969 0.351562 0.669922 0.349609 0.673828 0.349609 0.675781 0.347656 0.679688 0.347656 0.683594 0.343750 0.683594 0.339844 0.677734 0.333984 0.675781 0.333984 0.673828 0.332031 0.671875 0.332031 0.669922 0.330078 0.667969 0.330078 0.666016 0.328125 0.664062 0.328125 0.662109 0.326172 0.660156 0.326172 0.658203 0.324219 0.656250 0.324219 0.652344 0.320312 0.650391 0.320312 0.648438 0.318359 0.644531 0.318359 0.642578 0.316406
0 0.841797 0.333984 0.839844 0.335938 0.837891 0.335938 0.824219 0.349609 0.826172 0.351562 0.826172 0.357422 0.828125 0.359375 0.839844 0.359375 0.847656 0.351562 0.849609 0.351562 0.849609 0.349609 0.851562 0.347656 0.851562 0.345703 0.853516 0.343750 0.853516 0.335938 0.851562 0.333984
0 0.447266 0.341797 0.445312 0.343750 0.441406 0.343750 0.439453 0.345703 0.439453 0.349609 0.437500 0.351562 0.437500 0.353516 0.435547 0.355469 0.435547 0.369141 0.437500 0.369141 0.439453 0.371094 0.458984 0.371094 0.460938 0.369141 0.468750 0.369141 0.470703 0.367188 0.472656 0.367188 0.482422 0.357422 0.482422 0.353516 0.480469 0.351562 0.480469 0.349609 0.474609 0.343750 0.470703 0.343750 0.468750 0.341797
0 0.568359 0.335938 0.566406 0.337891 0.564453 0.337891 0.560547 0.341797 0.558594 0.341797 0.558594 0.343750 0.554688 0.347656 0.554688 0.349609 0.550781 0.353516 0.550781 0.357422 0.548828 0.359375 0.548828 0.361328 0.546875 0.363281 0.546875 0.367188 0.542969 0.371094 0.542969 0.378906 0.544922 0.380859 0.566406 0.380859 0.568359 0.378906 0.595703 0.378906 0.597656 0.376953 0.599609 0.376953 0.601562 0.375000 0.601562 0.373047 0.603516 0.371094 0.603516 0.369141 0.605469 0.367188 0.605469 0.361328 0.603516 0.359375 0.603516 0.353516 0.599609 0.349609 0.599609 0.347656 0.591797 0.339844 0.587891 0.339844 0.585938 0.337891 0.582031 0.337891 0.580078 0.335938
0 0.041016 0.332031 0.039062 0.333984 0.025391 0.333984 0.021484 0.337891 0.017578 0.337891 0.013672 0.341797 0.005859 0.341797 0.000000 0.347656 0.000000 0.410156 0.007812 0.410156 0.009766 0.408203 0.011719 0.408203 0.013672 0.406250 0.017578 0.406250 0.019531 0.404297 0.021484 0.404297 0.023438 0.402344 0.027344 0.402344 0.027344 0.400391 0.029297 0.398438 0.031250 0.398438 0.039062 0.390625 0.042969 0.390625 0.042969 0.388672 0.044922 0.386719 0.046875 0.386719 0.046875 0.384766 0.048828 0.382812 0.050781 0.382812 0.050781 0.380859 0.052734 0.378906 0.052734 0.376953 0.054688 0.375000 0.054688 0.373047 0.056641 0.371094 0.058594 0.371094 0.058594 0.367188 0.060547 0.365234 0.060547 0.361328 0.062500 0.359375 0.062500 0.341797 0.060547 0.339844 0.060547 0.337891 0.054688 0.332031
0 0.931641 0.347656 0.921875 0.357422 0.921875 0.359375 0.916016 0.365234 0.916016 0.367188 0.914062 0.369141 0.912109 0.369141 0.906250 0.375000 0.906250 0.376953 0.900391 0.382812 0.900391 0.384766 0.898438 0.386719 0.898438 0.392578 0.904297 0.392578 0.906250 0.390625 0.910156 0.390625 0.912109 0.388672 0.914062 0.388672 0.916016 0.386719 0.917969 0.386719 0.919922 0.384766 0.921875 0.384766 0.923828 0.382812 0.925781 0.382812 0.927734 0.380859 0.925781 0.378906 0.925781 0.373047 0.931641 0.367188 0.935547 0.367188 0.937500 0.365234 0.941406 0.365234 0.943359 0.367188 0.947266 0.367188 0.949219 0.365234 0.949219 0.357422 0.941406 0.349609 0.939453 0.349609 0.937500 0.347656
0 0.937500 0.367188 0.935547 0.369141 0.931641 0.369141 0.927734 0.373047 0.927734 0.378906 0.929688 0.380859 0.929688 0.382812 0.931641 0.384766 0.931641 0.386719 0.935547 0.390625 0.935547 0.392578 0.937500 0.394531 0.937500 0.396484 0.939453 0.398438 0.939453 0.400391 0.949219 0.400391 0.951172 0.398438 0.955078 0.398438 0.958984 0.394531 0.960938 0.394531 0.962891 0.392578 0.964844 0.392578 0.966797 0.390625 0.970703 0.390625 0.974609 0.386719 0.974609 0.382812 0.972656 0.382812 0.970703 0.380859 0.966797 0.380859 0.964844 0.378906 0.960938 0.378906 0.958984 0.376953 0.957031 0.376953 0.955078 0.375000 0.953125 0.375000 0.947266 0.369141 0.943359 0.369141 0.941406 0.367188
0 0.263672 0.355469 0.261719 0.357422 0.251953 0.357422 0.250000 0.359375 0.248047 0.359375 0.248047 0.361328 0.242188 0.367188 0.242188 0.371094 0.240234 0.373047 0.240234 0.376953 0.238281 0.378906 0.238281 0.400391 0.242188 0.404297 0.242188 0.406250 0.244141 0.408203 0.244141 0.410156 0.246094 0.410156 0.248047 0.412109 0.248047 0.414062 0.250000 0.414062 0.251953 0.416016 0.265625 0.416016 0.267578 0.414062 0.273438 0.414062 0.275391 0.412109 0.277344 0.412109 0.279297 0.410156 0.281250 0.410156 0.283203 0.408203 0.285156 0.408203 0.287109 0.406250 0.289062 0.406250 0.289062 0.404297 0.298828 0.394531 0.298828 0.392578 0.302734 0.388672 0.302734 0.378906 0.300781 0.376953 0.300781 0.369141 0.298828 0.369141 0.296875 0.367188 0.296875 0.365234 0.294922 0.365234 0.292969 0.363281 0.292969 0.361328 0.291016 0.361328 0.289062 0.359375 0.287109 0.359375 0.285156 0.357422 0.283203 0.357422 0.281250 0.355469
0 0.996094 0.376953 0.996094 0.378906 0.990234 0.384766 0.990234 0.386719 0.988281 0.388672 0.986328 0.388672 0.984375 0.390625 0.984375 0.400391 0.994141 0.410156 0.996094 0.410156 0.998047 0.412109 0.998047 0.376953
0 0.796875 0.384766 0.794922 0.386719 0.792969 0.386719 0.791016 0.388672 0.791016 0.390625 0.789062 0.392578 0.789062 0.400391 0.791016 0.402344 0.791016 0.404297 0.796875 0.410156 0.798828 0.410156 0.800781 0.412109 0.808594 0.412109 0.816406 0.404297 0.816406 0.396484 0.814453 0.394531 0.814453 0.392578 0.808594 0.386719 0.804688 0.386719 0.802734 0.384766
0 0.128906 0.380859 0.125000 0.384766 0.123047 0.384766 0.119141 0.388672 0.119141 0.390625 0.117188 0.392578 0.117188 0.394531 0.115234 0.396484 0.115234 0.425781 0.119141 0.429688 0.119141 0.431641 0.125000 0.437500 0.144531 0.437500 0.144531 0.435547 0.146484 0.433594 0.148438 0.433594 0.150391 0.431641 0.152344 0.431641 0.156250 0.427734 0.156250 0.425781 0.164062 0.417969 0.164062 0.406250 0.162109 0.404297 0.162109 0.402344 0.160156 0.400391 0.160156 0.398438 0.156250 0.394531 0.156250 0.392578 0.148438 0.384766 0.146484 0.384766 0.142578 0.380859
0 0.792969 0.425781 0.791016 0.427734 0.789062 0.427734 0.787109 0.429688 0.785156 0.429688 0.783203 0.431641 0.783203 0.439453 0.785156 0.441406 0.785156 0.445312 0.787109 0.447266 0.798828 0.447266 0.800781 0.445312 0.802734 0.445312 0.806641 0.441406 0.806641 0.439453 0.810547 0.435547 0.810547 0.429688 0.808594 0.429688 0.804688 0.425781
0 0.222656 0.417969 0.218750 0.421875 0.216797 0.421875 0.207031 0.431641 0.207031 0.433594 0.205078 0.435547 0.205078 0.437500 0.203125 0.439453 0.203125 0.449219 0.212891 0.458984 0.220703 0.458984 0.222656 0.457031 0.224609 0.457031 0.230469 0.451172 0.230469 0.449219 0.232422 0.447266 0.236328 0.447266 0.238281 0.445312 0.255859 0.445312 0.257812 0.443359 0.259766 0.443359 0.259766 0.433594 0.250000 0.423828 0.248047 0.423828 0.246094 0.421875 0.244141 0.421875 0.242188 0.419922 0.238281 0.419922 0.236328 0.417969
0 0.257812 0.462891 0.251953 0.468750 0.250000 0.468750 0.250000 0.470703 0.248047 0.472656 0.248047 0.474609 0.246094 0.476562 0.246094 0.480469 0.244141 0.482422 0.244141 0.488281 0.242188 0.490234 0.242188 0.494141 0.240234 0.496094 0.240234 0.501953 0.244141 0.501953 0.248047 0.505859 0.248047 0.507812 0.250000 0.509766 0.250000 0.515625 0.255859 0.515625 0.257812 0.513672 0.269531 0.513672 0.273438 0.509766 0.275391 0.509766 0.279297 0.505859 0.287109 0.505859 0.294922 0.498047 0.294922 0.480469 0.291016 0.476562 0.291016 0.474609 0.289062 0.472656 0.289062 0.470703 0.287109 0.468750 0.285156 0.468750 0.281250 0.464844 0.277344 0.464844 0.275391 0.462891
0 0.931641 0.466797 0.931641 0.468750 0.929688 0.470703 0.929688 0.472656 0.927734 0.474609 0.927734 0.476562 0.925781 0.478516 0.925781 0.480469 0.923828 0.482422 0.923828 0.509766 0.925781 0.511719 0.925781 0.513672 0.927734 0.515625 0.927734 0.517578 0.931641 0.521484 0.931641 0.523438 0.935547 0.527344 0.935547 0.529297 0.937500 0.531250 0.939453 0.531250 0.947266 0.539062 0.949219 0.539062 0.953125 0.542969 0.955078 0.542969 0.957031 0.544922 0.964844 0.544922 0.966797 0.542969 0.972656 0.542969 0.976562 0.539062 0.976562 0.537109 0.978516 0.535156 0.978516 0.533203 0.980469 0.531250 0.980469 0.529297 0.982422 0.527344 0.982422 0.517578 0.980469 0.515625 0.980469 0.505859 0.978516 0.503906 0.978516 0.500000 0.976562 0.498047 0.976562 0.494141 0.970703 0.488281 0.970703 0.486328 0.968750 0.484375 0.968750 0.482422 0.964844 0.478516 0.962891 0.478516 0.958984 0.474609 0.955078 0.474609 0.947266 0.466797
0 0.232422 0.503906 0.230469 0.505859 0.228516 0.505859 0.226562 0.507812 0.226562 0.509766 0.224609 0.511719 0.224609 0.513672 0.220703 0.517578 0.220703 0.527344 0.222656 0.529297 0.232422 0.529297 0.236328 0.525391 0.238281 0.525391 0.242188 0.521484 0.244141 0.521484 0.246094 0.519531 0.246094 0.517578 0.248047 0.515625 0.248047 0.509766 0.246094 0.507812 0.246094 0.505859 0.244141 0.503906
0 0.279297 0.507812 0.275391 0.511719 0.273438 0.511719 0.271484 0.513672 0.271484 0.517578 0.273438 0.519531 0.273438 0.523438 0.277344 0.527344 0.279297 0.527344 0.281250 0.529297 0.287109 0.529297 0.291016 0.525391 0.292969 0.525391 0.294922 0.523438 0.294922 0.517578 0.292969 0.515625 0.292969 0.513672 0.287109 0.507812
0 0.607422 0.511719 0.605469 0.513672 0.601562 0.513672 0.601562 0.515625 0.597656 0.519531 0.597656 0.521484 0.595703 0.523438 0.595703 0.527344 0.597656 0.529297 0.597656 0.533203 0.603516 0.539062 0.605469 0.539062 0.607422 0.541016 0.611328 0.541016 0.613281 0.542969 0.615234 0.542969 0.617188 0.544922 0.619141 0.544922 0.621094 0.546875 0.634766 0.546875 0.636719 0.544922 0.638672 0.544922 0.642578 0.541016 0.642578 0.539062 0.644531 0.537109 0.644531 0.529297 0.642578 0.527344 0.642578 0.525391 0.636719 0.519531 0.634766 0.519531 0.630859 0.515625 0.628906 0.515625 0.626953 0.513672 0.621094 0.513672 0.619141 0.511719
0 0.089844 0.468750 0.087891 0.470703 0.076172 0.470703 0.074219 0.472656 0.068359 0.472656 0.064453 0.476562 0.062500 0.476562 0.058594 0.480469 0.056641 0.480469 0.054688 0.482422 0.052734 0.482422 0.050781 0.484375 0.048828 0.484375 0.044922 0.488281 0.042969 0.488281 0.041016 0.490234 0.039062 0.490234 0.035156 0.494141 0.033203 0.494141 0.031250 0.496094 0.029297 0.496094 0.025391 0.500000 0.023438 0.500000 0.021484 0.501953 0.019531 0.501953 0.015625 0.505859 0.013672 0.505859 0.009766 0.509766 0.007812 0.509766 0.001953 0.515625 0.001953 0.517578 0.000000 0.519531 0.000000 0.578125 0.001953 0.576172 0.001953 0.574219 0.003906 0.572266 0.003906 0.570312 0.005859 0.568359 0.005859 0.564453 0.007812 0.562500 0.007812 0.560547 0.011719 0.556641 0.011719 0.554688 0.013672 0.552734 0.015625 0.552734 0.017578 0.550781 0.021484 0.550781 0.023438 0.548828 0.027344 0.548828 0.029297 0.550781 0.031250 0.550781 0.037109 0.556641 0.037109 0.564453 0.039062 0.566406 0.039062 0.574219 0.037109 0.576172 0.037109 0.580078 0.033203 0.583984 0.033203 0.585938 0.029297 0.589844 0.029297 0.591797 0.031250 0.591797 0.033203 0.593750 0.054688 0.593750 0.056641 0.591797 0.058594 0.591797 0.062500 0.587891 0.064453 0.587891 0.066406 0.585938 0.068359 0.585938 0.072266 0.582031 0.074219 0.582031 0.083984 0.572266 0.083984 0.570312 0.089844 0.564453 0.089844 0.562500 0.093750 0.558594 0.093750 0.556641 0.097656 0.552734 0.097656 0.550781 0.099609 0.548828 0.099609 0.546875 0.103516 0.542969 0.103516 0.541016 0.105469 0.539062 0.105469 0.537109 0.107422 0.535156 0.107422 0.531250 0.109375 0.529297 0.109375 0.525391 0.111328 0.523438 0.111328 0.519531 0.113281 0.517578 0.113281 0.511719 0.115234 0.509766 0.115234 0.505859 0.117188 0.503906 0.117188 0.486328 0.115234 0.484375 0.115234 0.482422 0.113281 0.480469 0.113281 0.478516 0.109375 0.474609 0.107422 0.474609 0.105469 0.472656 0.103516 0.472656 0.101562 0.470703 0.097656 0.470703 0.095703 0.468750
0 0.761719 0.509766 0.759766 0.511719 0.744141 0.511719 0.742188 0.513672 0.732422 0.513672 0.730469 0.515625 0.722656 0.515625 0.720703 0.517578 0.714844 0.517578 0.712891 0.519531 0.710938 0.519531 0.705078 0.525391 0.705078 0.533203 0.707031 0.535156 0.707031 0.539062 0.708984 0.541016 0.708984 0.542969 0.710938 0.544922 0.710938 0.546875 0.716797 0.552734 0.718750 0.552734 0.724609 0.558594 0.726562 0.558594 0.730469 0.562500 0.732422 0.562500 0.736328 0.566406 0.738281 0.566406 0.740234 0.568359 0.750000 0.568359 0.751953 0.566406 0.753906 0.566406 0.753906 0.564453 0.755859 0.562500 0.755859 0.560547 0.761719 0.554688 0.761719 0.552734 0.765625 0.548828 0.765625 0.546875 0.769531 0.542969 0.769531 0.541016 0.771484 0.539062 0.771484 0.537109 0.773438 0.535156 0.773438 0.533203 0.775391 0.531250 0.775391 0.527344 0.777344 0.525391 0.777344 0.521484 0.779297 0.519531 0.779297 0.515625 0.777344 0.513672 0.777344 0.511719 0.775391 0.509766
0 0.212891 0.531250 0.210938 0.533203 0.208984 0.533203 0.205078 0.537109 0.203125 0.537109 0.199219 0.541016 0.199219 0.548828 0.203125 0.552734 0.205078 0.552734 0.208984 0.548828 0.210938 0.548828 0.210938 0.546875 0.212891 0.544922 0.212891 0.542969 0.220703 0.535156 0.220703 0.533203 0.218750 0.531250
0 0.533203 0.525391 0.531250 0.527344 0.529297 0.527344 0.527344 0.529297 0.521484 0.529297 0.519531 0.531250 0.517578 0.531250 0.515625 0.533203 0.513672 0.533203 0.507812 0.539062 0.507812 0.556641 0.509766 0.558594 0.511719 0.558594 0.513672 0.560547 0.513672 0.562500 0.517578 0.566406 0.523438 0.566406 0.525391 0.568359 0.544922 0.568359 0.546875 0.566406 0.552734 0.566406 0.556641 0.562500 0.558594 0.562500 0.558594 0.560547 0.560547 0.558594 0.562500 0.558594 0.562500 0.533203 0.558594 0.529297 0.558594 0.527344 0.556641 0.525391
0 0.876953 0.505859 0.875000 0.507812 0.873047 0.507812 0.865234 0.515625 0.865234 0.517578 0.863281 0.519531 0.863281 0.521484 0.859375 0.525391 0.859375 0.527344 0.857422 0.529297 0.857422 0.539062 0.859375 0.541016 0.859375 0.546875 0.863281 0.550781 0.865234 0.550781 0.867188 0.552734 0.869141 0.552734 0.884766 0.568359 0.886719 0.568359 0.892578 0.574219 0.892578 0.576172 0.896484 0.580078 0.898438 0.580078 0.902344 0.583984 0.906250 0.583984 0.908203 0.585938 0.914062 0.585938 0.916016 0.587891 0.941406 0.587891 0.945312 0.583984 0.947266 0.583984 0.947266 0.582031 0.951172 0.578125 0.951172 0.576172 0.955078 0.572266 0.955078 0.570312 0.957031 0.568359 0.957031 0.564453 0.958984 0.562500 0.958984 0.560547 0.947266 0.548828 0.945312 0.548828 0.941406 0.544922 0.939453 0.544922 0.908203 0.513672 0.906250 0.513672 0.904297 0.511719 0.902344 0.511719 0.900391 0.509766 0.898438 0.509766 0.896484 0.507812 0.892578 0.507812 0.890625 0.505859
0 0.810547 0.511719 0.808594 0.513672 0.808594 0.523438 0.806641 0.525391 0.804688 0.525391 0.802734 0.527344 0.802734 0.529297 0.798828 0.533203 0.798828 0.535156 0.794922 0.539062 0.794922 0.541016 0.791016 0.544922 0.791016 0.574219 0.792969 0.576172 0.792969 0.578125 0.794922 0.580078 0.794922 0.583984 0.798828 0.587891 0.798828 0.589844 0.800781 0.589844 0.804688 0.593750 0.816406 0.593750 0.818359 0.591797 0.820312 0.591797 0.822266 0.589844 0.828125 0.589844 0.832031 0.585938 0.833984 0.585938 0.837891 0.582031 0.839844 0.582031 0.839844 0.580078 0.841797 0.578125 0.843750 0.578125 0.843750 0.576172 0.847656 0.572266 0.847656 0.570312 0.851562 0.566406 0.851562 0.564453 0.855469 0.560547 0.855469 0.558594 0.857422 0.556641 0.857422 0.541016 0.855469 0.539062 0.855469 0.535156 0.851562 0.531250 0.851562 0.529297 0.849609 0.529297 0.845703 0.525391 0.843750 0.525391 0.839844 0.521484 0.837891 0.521484 0.832031 0.515625 0.830078 0.515625 0.828125 0.513672 0.826172 0.513672 0.824219 0.511719
0 0.375000 0.552734 0.373047 0.554688 0.371094 0.554688 0.369141 0.556641 0.367188 0.556641 0.367188 0.564453 0.369141 0.566406 0.369141 0.568359 0.373047 0.572266 0.376953 0.572266 0.378906 0.574219 0.382812 0.574219 0.384766 0.576172 0.388672 0.576172 0.390625 0.578125 0.392578 0.578125 0.394531 0.580078 0.396484 0.580078 0.398438 0.582031 0.410156 0.582031 0.412109 0.580078 0.417969 0.580078 0.419922 0.578125 0.421875 0.578125 0.421875 0.574219 0.417969 0.570312 0.417969 0.568359 0.416016 0.568359 0.414062 0.566406 0.410156 0.566406 0.408203 0.564453 0.400391 0.564453 0.398438 0.562500 0.394531 0.562500 0.392578 0.560547 0.390625 0.560547 0.388672 0.558594 0.386719 0.558594 0.382812 0.554688 0.378906 0.554688 0.376953 0.552734
0 0.023438 0.550781 0.021484 0.552734 0.017578 0.552734 0.015625 0.554688 0.013672 0.554688 0.013672 0.556641 0.009766 0.560547 0.009766 0.562500 0.007812 0.564453 0.007812 0.568359 0.005859 0.570312 0.005859 0.572266 0.003906 0.574219 0.003906 0.576172 0.000000 0.580078 0.000000 0.605469 0.009766 0.605469 0.011719 0.603516 0.013672 0.603516 0.017578 0.599609 0.019531 0.599609 0.023438 0.595703 0.023438 0.593750 0.025391 0.591797 0.027344 0.591797 0.027344 0.589844 0.031250 0.585938 0.031250 0.583984 0.035156 0.580078 0.035156 0.576172 0.037109 0.574219 0.037109 0.566406 0.035156 0.564453 0.035156 0.556641 0.031250 0.552734 0.029297 0.552734 0.027344 0.550781
0 0.966797 0.558594 0.964844 0.560547 0.962891 0.560547 0.958984 0.564453 0.958984 0.568359 0.957031 0.570312 0.957031 0.578125 0.958984 0.580078 0.958984 0.583984 0.960938 0.585938 0.960938 0.587891 0.964844 0.591797 0.964844 0.593750 0.968750 0.597656 0.968750 0.599609 0.978516 0.609375 0.980469 0.609375 0.982422 0.611328 0.984375 0.611328 0.986328 0.613281 0.988281 0.613281 0.990234 0.615234 0.998047 0.615234 0.998047 0.562500 0.996094 0.560547 0.984375 0.560547 0.982422 0.558594
0 0.248047 0.562500 0.246094 0.564453 0.242188 0.564453 0.240234 0.566406 0.238281 0.566406 0.236328 0.568359 0.232422 0.568359 0.230469 0.570312 0.228516 0.570312 0.226562 0.572266 0.224609 0.572266 0.222656 0.574219 0.220703 0.574219 0.214844 0.580078 0.212891 0.580078 0.212891 0.582031 0.208984 0.585938 0.208984 0.599609 0.210938 0.601562 0.210938 0.603516 0.212891 0.605469 0.212891 0.607422 0.216797 0.611328 0.218750 0.611328 0.224609 0.617188 0.230469 0.617188 0.230469 0.607422 0.238281 0.599609 0.240234 0.599609 0.242188 0.597656 0.255859 0.597656 0.259766 0.593750 0.259766 0.591797 0.265625 0.585938 0.265625 0.583984 0.267578 0.582031 0.267578 0.574219 0.265625 0.572266 0.265625 0.570312 0.261719 0.566406 0.259766 0.566406 0.257812 0.564453 0.255859 0.564453 0.253906 0.562500
0 0.640625 0.560547 0.638672 0.562500 0.632812 0.562500 0.630859 0.564453 0.625000 0.564453 0.623047 0.566406 0.617188 0.566406 0.615234 0.568359 0.611328 0.568359 0.609375 0.570312 0.609375 0.578125 0.611328 0.580078 0.611328 0.582031 0.613281 0.583984 0.613281 0.585938 0.615234 0.587891 0.615234 0.593750 0.617188 0.595703 0.617188 0.597656 0.621094 0.601562 0.621094 0.603516 0.625000 0.607422 0.625000 0.609375 0.626953 0.609375 0.628906 0.611328 0.628906 0.613281 0.634766 0.619141 0.634766 0.617188 0.632812 0.615234 0.632812 0.613281 0.636719 0.609375 0.638672 0.609375 0.640625 0.607422 0.642578 0.607422 0.644531 0.605469 0.646484 0.605469 0.646484 0.599609 0.648438 0.597656 0.648438 0.593750 0.650391 0.591797 0.650391 0.589844 0.654297 0.585938 0.654297 0.583984 0.656250 0.582031 0.658203 0.582031 0.662109 0.578125 0.666016 0.578125 0.667969 0.576172 0.675781 0.576172 0.677734 0.574219 0.677734 0.568359 0.675781 0.566406 0.673828 0.566406 0.671875 0.564453 0.666016 0.564453 0.664062 0.562500 0.658203 0.562500 0.656250 0.560547
0 0.326172 0.558594 0.324219 0.560547 0.322266 0.560547 0.320312 0.562500 0.318359 0.562500 0.316406 0.564453 0.316406 0.566406 0.314453 0.568359 0.314453 0.580078 0.316406 0.582031 0.316406 0.591797 0.318359 0.593750 0.318359 0.597656 0.320312 0.599609 0.320312 0.603516 0.322266 0.605469 0.322266 0.609375 0.324219 0.611328 0.324219 0.613281 0.326172 0.615234 0.326172 0.617188 0.328125 0.619141 0.328125 0.621094 0.332031 0.625000 0.339844 0.625000 0.341797 0.623047 0.343750 0.623047 0.349609 0.617188 0.349609 0.613281 0.351562 0.611328 0.351562 0.607422 0.353516 0.605469 0.353516 0.601562 0.355469 0.599609 0.355469 0.591797 0.357422 0.589844 0.357422 0.576172 0.355469 0.574219 0.355469 0.572266 0.343750 0.560547 0.339844 0.560547 0.337891 0.558594
0 0.572266 0.568359 0.570312 0.570312 0.566406 0.570312 0.564453 0.572266 0.562500 0.572266 0.560547 0.574219 0.556641 0.574219 0.556641 0.576172 0.552734 0.580078 0.552734 0.582031 0.550781 0.583984 0.550781 0.597656 0.552734 0.599609 0.552734 0.605469 0.554688 0.607422 0.554688 0.609375 0.556641 0.611328 0.556641 0.613281 0.558594 0.613281 0.564453 0.619141 0.566406 0.619141 0.568359 0.621094 0.576172 0.621094 0.578125 0.623047 0.593750 0.623047 0.595703 0.621094 0.601562 0.621094 0.601562 0.619141 0.603516 0.617188 0.605469 0.617188 0.609375 0.613281 0.609375 0.611328 0.613281 0.607422 0.613281 0.587891 0.611328 0.585938 0.611328 0.583984 0.609375 0.582031 0.609375 0.580078 0.607422 0.578125 0.607422 0.576172 0.605469 0.574219 0.605469 0.572266 0.601562 0.572266 0.599609 0.570312 0.597656 0.570312 0.595703 0.568359
0 0.142578 0.576172 0.140625 0.578125 0.130859 0.578125 0.128906 0.580078 0.125000 0.580078 0.123047 0.582031 0.121094 0.582031 0.119141 0.583984 0.117188 0.583984 0.117188 0.585938 0.115234 0.587891 0.115234 0.591797 0.113281 0.593750 0.113281 0.597656 0.111328 0.599609 0.111328 0.603516 0.109375 0.605469 0.109375 0.611328 0.123047 0.611328 0.125000 0.613281 0.126953 0.613281 0.128906 0.615234 0.130859 0.615234 0.132812 0.613281 0.134766 0.613281 0.138672 0.609375 0.140625 0.609375 0.140625 0.607422 0.156250 0.591797 0.158203 0.591797 0.160156 0.589844 0.162109 0.589844 0.166016 0.585938 0.166016 0.580078 0.162109 0.580078 0.160156 0.578125 0.154297 0.578125 0.152344 0.576172
0 0.429688 0.576172 0.427734 0.578125 0.427734 0.587891 0.433594 0.593750 0.433594 0.597656 0.435547 0.599609 0.435547 0.636719 0.437500 0.638672 0.437500 0.642578 0.439453 0.644531 0.439453 0.646484 0.445312 0.652344 0.451172 0.652344 0.453125 0.650391 0.455078 0.650391 0.458984 0.646484 0.458984 0.628906 0.457031 0.626953 0.457031 0.615234 0.455078 0.613281 0.455078 0.611328 0.453125 0.609375 0.453125 0.587891 0.451172 0.585938 0.451172 0.583984 0.443359 0.576172
0 0.083984 0.605469 0.082031 0.607422 0.082031 0.619141 0.085938 0.623047 0.085938 0.625000 0.089844 0.628906 0.089844 0.630859 0.095703 0.636719 0.097656 0.636719 0.099609 0.638672 0.115234 0.638672 0.119141 0.634766 0.121094 0.634766 0.126953 0.628906 0.126953 0.626953 0.130859 0.623047 0.130859 0.617188 0.128906 0.617188 0.126953 0.615234 0.125000 0.615234 0.123047 0.613281 0.097656 0.613281 0.095703 0.611328 0.093750 0.611328 0.089844 0.607422 0.089844 0.605469
0 0.257812 0.597656 0.255859 0.599609 0.242188 0.599609 0.240234 0.601562 0.238281 0.601562 0.232422 0.607422 0.232422 0.625000 0.234375 0.626953 0.234375 0.630859 0.236328 0.632812 0.238281 0.632812 0.242188 0.636719 0.248047 0.636719 0.250000 0.638672 0.251953 0.638672 0.253906 0.640625 0.255859 0.640625 0.257812 0.642578 0.261719 0.638672 0.263672 0.638672 0.267578 0.634766 0.273438 0.634766 0.273438 0.625000 0.271484 0.623047 0.271484 0.601562 0.269531 0.599609 0.265625 0.599609 0.263672 0.597656
0 0.390625 0.605469 0.388672 0.607422 0.386719 0.607422 0.376953 0.617188 0.375000 0.617188 0.365234 0.626953 0.365234 0.628906 0.361328 0.632812 0.361328 0.634766 0.357422 0.638672 0.357422 0.640625 0.355469 0.642578 0.355469 0.644531 0.351562 0.648438 0.351562 0.662109 0.353516 0.664062 0.353516 0.666016 0.357422 0.669922 0.357422 0.671875 0.365234 0.679688 0.367188 0.679688 0.369141 0.681641 0.371094 0.681641 0.373047 0.683594 0.375000 0.683594 0.376953 0.685547 0.386719 0.685547 0.392578 0.679688 0.392578 0.677734 0.394531 0.675781 0.394531 0.673828 0.396484 0.671875 0.396484 0.669922 0.398438 0.667969 0.398438 0.666016 0.400391 0.664062 0.400391 0.662109 0.402344 0.660156 0.402344 0.658203 0.404297 0.656250 0.404297 0.654297 0.406250 0.652344 0.406250 0.650391 0.408203 0.648438 0.408203 0.644531 0.410156 0.642578 0.410156 0.636719 0.412109 0.634766 0.412109 0.625000 0.410156 0.623047 0.410156 0.617188 0.408203 0.615234 0.408203 0.611328 0.404297 0.607422 0.402344 0.607422 0.400391 0.605469
0 0.644531 0.607422 0.642578 0.609375 0.640625 0.609375 0.638672 0.611328 0.636719 0.611328 0.634766 0.613281 0.634766 0.615234 0.636719 0.617188 0.636719 0.621094 0.638672 0.623047 0.638672 0.625000 0.642578 0.628906 0.642578 0.630859 0.646484 0.634766 0.646484 0.636719 0.654297 0.644531 0.654297 0.646484 0.656250 0.646484 0.658203 0.648438 0.658203 0.650391 0.664062 0.656250 0.664062 0.658203 0.667969 0.662109 0.667969 0.664062 0.671875 0.667969 0.671875 0.669922 0.673828 0.671875 0.673828 0.673828 0.677734 0.677734 0.677734 0.679688 0.679688 0.681641 0.679688 0.683594 0.681641 0.685547 0.683594 0.685547 0.685547 0.687500 0.699219 0.687500 0.705078 0.681641 0.705078 0.679688 0.707031 0.677734 0.707031 0.666016 0.705078 0.664062 0.705078 0.658203 0.703125 0.656250 0.703125 0.652344 0.701172 0.650391 0.701172 0.646484 0.699219 0.644531 0.699219 0.642578 0.697266 0.640625 0.697266 0.638672 0.693359 0.634766 0.693359 0.632812 0.687500 0.626953 0.687500 0.625000 0.685547 0.623047 0.683594 0.623047 0.679688 0.619141 0.677734 0.619141 0.673828 0.615234 0.671875 0.615234 0.669922 0.613281 0.667969 0.613281 0.666016 0.611328 0.662109 0.611328 0.660156 0.609375 0.654297 0.609375 0.652344 0.607422
0 0.275391 0.634766 0.273438 0.636719 0.267578 0.636719 0.263672 0.640625 0.261719 0.640625 0.257812 0.644531 0.255859 0.644531 0.250000 0.650391 0.248047 0.650391 0.248047 0.652344 0.244141 0.656250 0.244141 0.658203 0.242188 0.660156 0.242188 0.662109 0.240234 0.664062 0.240234 0.677734 0.246094 0.683594 0.248047 0.683594 0.251953 0.687500 0.255859 0.687500 0.257812 0.689453 0.281250 0.689453 0.283203 0.687500 0.289062 0.687500 0.291016 0.685547 0.294922 0.685547 0.296875 0.683594 0.296875 0.652344 0.294922 0.650391 0.294922 0.644531 0.292969 0.642578 0.292969 0.640625 0.287109 0.634766
0 0.820312 0.611328 0.818359 0.613281 0.812500 0.613281 0.806641 0.619141 0.806641 0.623047 0.802734 0.626953 0.802734 0.632812 0.798828 0.636719 0.798828 0.640625 0.796875 0.642578 0.796875 0.687500 0.798828 0.689453 0.798828 0.695312 0.800781 0.697266 0.800781 0.699219 0.802734 0.701172 0.802734 0.703125 0.806641 0.707031 0.806641 0.708984 0.810547 0.712891 0.810547 0.714844 0.812500 0.714844 0.814453 0.712891 0.824219 0.712891 0.826172 0.710938 0.828125 0.710938 0.828125 0.708984 0.830078 0.707031 0.832031 0.707031 0.835938 0.703125 0.835938 0.701172 0.837891 0.699219 0.839844 0.699219 0.839844 0.697266 0.843750 0.693359 0.843750 0.687500 0.845703 0.685547 0.845703 0.681641 0.847656 0.679688 0.847656 0.638672 0.845703 0.636719 0.845703 0.632812 0.843750 0.630859 0.843750 0.626953 0.841797 0.625000 0.841797 0.623047 0.839844 0.621094 0.839844 0.619141 0.837891 0.619141 0.833984 0.615234 0.832031 0.615234 0.830078 0.613281 0.828125 0.613281 0.826172 0.611328
0 0.519531 0.630859 0.517578 0.632812 0.515625 0.632812 0.513672 0.634766 0.511719 0.634766 0.501953 0.644531 0.501953 0.662109 0.503906 0.664062 0.503906 0.667969 0.505859 0.669922 0.505859 0.673828 0.509766 0.677734 0.509766 0.679688 0.515625 0.685547 0.515625 0.687500 0.525391 0.697266 0.527344 0.697266 0.529297 0.699219 0.531250 0.699219 0.533203 0.701172 0.535156 0.701172 0.537109 0.703125 0.552734 0.703125 0.550781 0.701172 0.550781 0.689453 0.548828 0.687500 0.548828 0.677734 0.550781 0.675781 0.550781 0.673828 0.552734 0.671875 0.552734 0.669922 0.558594 0.664062 0.560547 0.664062 0.560547 0.662109 0.562500 0.660156 0.564453 0.660156 0.564453 0.658203 0.562500 0.656250 0.562500 0.654297 0.560547 0.652344 0.560547 0.650391 0.556641 0.646484 0.554688 0.646484 0.552734 0.644531 0.552734 0.642578 0.550781 0.642578 0.546875 0.638672 0.544922 0.638672 0.542969 0.636719 0.541016 0.636719 0.539062 0.634766 0.537109 0.634766 0.533203 0.630859
0 0.890625 0.644531 0.888672 0.646484 0.888672 0.652344 0.886719 0.654297 0.884766 0.654297 0.884766 0.660156 0.882812 0.662109 0.882812 0.671875 0.880859 0.673828 0.880859 0.683594 0.878906 0.685547 0.878906 0.687500 0.876953 0.689453 0.876953 0.695312 0.873047 0.699219 0.873047 0.718750 0.875000 0.720703 0.906250 0.720703 0.908203 0.718750 0.914062 0.718750 0.916016 0.716797 0.917969 0.716797 0.917969 0.714844 0.921875 0.710938 0.921875 0.708984 0.923828 0.707031 0.923828 0.705078 0.925781 0.703125 0.925781 0.689453 0.923828 0.687500 0.923828 0.681641 0.921875 0.679688 0.921875 0.673828 0.919922 0.671875 0.919922 0.669922 0.917969 0.667969 0.917969 0.662109 0.916016 0.662109 0.914062 0.660156 0.914062 0.658203 0.906250 0.650391 0.904297 0.650391 0.902344 0.648438 0.902344 0.646484 0.900391 0.646484 0.898438 0.644531
0 0.587891 0.654297 0.585938 0.656250 0.583984 0.656250 0.582031 0.658203 0.574219 0.658203 0.572266 0.660156 0.566406 0.660156 0.564453 0.662109 0.562500 0.662109 0.562500 0.664062 0.560547 0.666016 0.558594 0.666016 0.554688 0.669922 0.554688 0.671875 0.552734 0.673828 0.552734 0.675781 0.550781 0.677734 0.550781 0.687500 0.552734 0.689453 0.552734 0.701172 0.554688 0.703125 0.554688 0.707031 0.556641 0.708984 0.556641 0.712891 0.564453 0.720703 0.564453 0.722656 0.566406 0.722656 0.570312 0.726562 0.597656 0.726562 0.599609 0.724609 0.601562 0.724609 0.603516 0.722656 0.605469 0.722656 0.605469 0.720703 0.607422 0.718750 0.611328 0.718750 0.611328 0.716797 0.613281 0.714844 0.615234 0.714844 0.621094 0.708984 0.621094 0.707031 0.625000 0.703125 0.625000 0.679688 0.623047 0.677734 0.623047 0.675781 0.621094 0.673828 0.621094 0.671875 0.617188 0.667969 0.617188 0.666016 0.609375 0.658203 0.605469 0.658203 0.603516 0.656250 0.599609 0.656250 0.597656 0.654297
0 0.046875 0.667969 0.044922 0.669922 0.042969 0.669922 0.041016 0.671875 0.039062 0.671875 0.037109 0.673828 0.037109 0.675781 0.035156 0.677734 0.035156 0.703125 0.037109 0.705078 0.037109 0.707031 0.039062 0.708984 0.039062 0.710938 0.044922 0.716797 0.058594 0.716797 0.060547 0.714844 0.072266 0.714844 0.074219 0.712891 0.082031 0.712891 0.083984 0.710938 0.085938 0.710938 0.087891 0.708984 0.089844 0.708984 0.091797 0.707031 0.093750 0.707031 0.099609 0.701172 0.099609 0.699219 0.101562 0.697266 0.101562 0.689453 0.099609 0.687500 0.099609 0.685547 0.097656 0.683594 0.095703 0.683594 0.091797 0.679688 0.089844 0.679688 0.087891 0.677734 0.085938 0.677734 0.082031 0.673828 0.080078 0.673828 0.078125 0.671875 0.076172 0.671875 0.074219 0.669922 0.072266 0.669922 0.070312 0.667969
0 0.490234 0.703125 0.488281 0.705078 0.482422 0.705078 0.480469 0.707031 0.476562 0.707031 0.474609 0.708984 0.472656 0.708984 0.470703 0.710938 0.468750 0.710938 0.455078 0.724609 0.455078 0.740234 0.460938 0.746094 0.486328 0.746094 0.488281 0.748047 0.490234 0.748047 0.492188 0.750000 0.494141 0.750000 0.498047 0.753906 0.500000 0.753906 0.501953 0.755859 0.503906 0.755859 0.507812 0.759766 0.509766 0.759766 0.511719 0.761719 0.517578 0.761719 0.519531 0.763672 0.523438 0.763672 0.525391 0.765625 0.531250 0.765625 0.533203 0.767578 0.546875 0.767578 0.548828 0.765625 0.552734 0.765625 0.554688 0.763672 0.556641 0.763672 0.560547 0.759766 0.560547 0.750000 0.556641 0.746094 0.556641 0.744141 0.548828 0.736328 0.548828 0.734375 0.541016 0.726562 0.541016 0.724609 0.531250 0.714844 0.529297 0.714844 0.519531 0.705078 0.515625 0.705078 0.513672 0.703125
0 0.753906 0.697266 0.751953 0.699219 0.750000 0.699219 0.744141 0.705078 0.740234 0.705078 0.740234 0.707031 0.738281 0.708984 0.736328 0.708984 0.736328 0.710938 0.734375 0.712891 0.732422 0.712891 0.732422 0.714844 0.728516 0.718750 0.728516 0.722656 0.724609 0.726562 0.724609 0.730469 0.722656 0.732422 0.722656 0.734375 0.720703 0.736328 0.718750 0.736328 0.714844 0.740234 0.712891 0.740234 0.710938 0.742188 0.708984 0.742188 0.705078 0.746094 0.705078 0.761719 0.707031 0.763672 0.707031 0.765625 0.708984 0.767578 0.708984 0.769531 0.712891 0.773438 0.746094 0.773438 0.748047 0.771484 0.750000 0.771484 0.751953 0.769531 0.761719 0.769531 0.763672 0.767578 0.765625 0.767578 0.767578 0.765625 0.769531 0.765625 0.777344 0.757812 0.777344 0.755859 0.781250 0.751953 0.781250 0.748047 0.783203 0.746094 0.783203 0.744141 0.785156 0.742188 0.785156 0.740234 0.787109 0.738281 0.787109 0.736328 0.789062 0.734375 0.789062 0.720703 0.787109 0.718750 0.787109 0.714844 0.785156 0.712891 0.785156 0.708984 0.783203 0.707031 0.783203 0.705078 0.781250 0.703125 0.781250 0.701172 0.779297 0.701172 0.777344 0.699219 0.775391 0.699219 0.773438 0.697266
0 0.962891 0.726562 0.960938 0.728516 0.951172 0.728516 0.949219 0.730469 0.949219 0.736328 0.951172 0.738281 0.951172 0.742188 0.949219 0.744141 0.949219 0.753906 0.953125 0.753906 0.957031 0.757812 0.958984 0.757812 0.962891 0.761719 0.964844 0.761719 0.978516 0.775391 0.978516 0.777344 0.980469 0.779297 0.982422 0.777344 0.984375 0.777344 0.988281 0.773438 0.990234 0.773438 0.994141 0.769531 0.996094 0.769531 0.998047 0.767578 0.998047 0.755859 0.996094 0.753906 0.996094 0.751953 0.994141 0.750000 0.994141 0.748047 0.988281 0.742188 0.988281 0.740234 0.986328 0.740234 0.982422 0.736328 0.980469 0.736328 0.976562 0.732422 0.974609 0.732422 0.972656 0.730469 0.970703 0.730469 0.968750 0.728516 0.966797 0.728516 0.964844 0.726562
0 0.425781 0.726562 0.423828 0.728516 0.419922 0.728516 0.419922 0.730469 0.417969 0.732422 0.416016 0.732422 0.414062 0.734375 0.412109 0.734375 0.412109 0.736328 0.406250 0.742188 0.406250 0.744141 0.402344 0.748047 0.402344 0.750000 0.400391 0.751953 0.398438 0.751953 0.394531 0.755859 0.392578 0.755859 0.386719 0.761719 0.384766 0.761719 0.380859 0.765625 0.380859 0.767578 0.378906 0.769531 0.378906 0.773438 0.382812 0.773438 0.384766 0.775391 0.390625 0.775391 0.392578 0.777344 0.400391 0.777344 0.402344 0.779297 0.408203 0.779297 0.410156 0.781250 0.414062 0.781250 0.419922 0.787109 0.427734 0.787109 0.431641 0.783203 0.433594 0.783203 0.437500 0.779297 0.439453 0.779297 0.443359 0.775391 0.443359 0.773438 0.445312 0.771484 0.445312 0.769531 0.449219 0.765625 0.449219 0.755859 0.447266 0.753906 0.447266 0.748047 0.445312 0.746094 0.445312 0.744141 0.443359 0.742188 0.443359 0.740234 0.439453 0.736328 0.439453 0.734375 0.437500 0.732422 0.437500 0.730469 0.435547 0.730469 0.431641 0.726562
0 0.156250 0.732422 0.154297 0.734375 0.150391 0.734375 0.148438 0.736328 0.146484 0.736328 0.144531 0.738281 0.142578 0.738281 0.136719 0.744141 0.136719 0.746094 0.134766 0.748047 0.134766 0.750000 0.132812 0.751953 0.132812 0.753906 0.130859 0.755859 0.130859 0.761719 0.132812 0.763672 0.132812 0.769531 0.134766 0.771484 0.134766 0.777344 0.140625 0.783203 0.140625 0.785156 0.144531 0.789062 0.152344 0.789062 0.154297 0.791016 0.160156 0.791016 0.162109 0.792969 0.177734 0.792969 0.179688 0.794922 0.183594 0.794922 0.185547 0.796875 0.197266 0.796875 0.199219 0.798828 0.201172 0.798828 0.203125 0.796875 0.208984 0.796875 0.210938 0.794922 0.210938 0.791016 0.212891 0.789062 0.212891 0.775391 0.210938 0.773438 0.210938 0.763672 0.208984 0.761719 0.208984 0.759766 0.207031 0.757812 0.207031 0.755859 0.203125 0.751953 0.203125 0.750000 0.199219 0.746094 0.199219 0.744141 0.193359 0.738281 0.191406 0.738281 0.189453 0.736328 0.185547 0.736328 0.183594 0.734375 0.177734 0.734375 0.175781 0.732422
0 0.927734 0.750000 0.925781 0.751953 0.923828 0.751953 0.917969 0.757812 0.917969 0.759766 0.916016 0.761719 0.916016 0.763672 0.914062 0.765625 0.914062 0.769531 0.912109 0.771484 0.912109 0.783203 0.914062 0.785156 0.914062 0.792969 0.919922 0.798828 0.921875 0.798828 0.925781 0.802734 0.927734 0.802734 0.929688 0.804688 0.931641 0.804688 0.935547 0.808594 0.937500 0.808594 0.941406 0.812500 0.943359 0.812500 0.945312 0.814453 0.947266 0.814453 0.949219 0.816406 0.960938 0.816406 0.962891 0.814453 0.966797 0.814453 0.968750 0.812500 0.972656 0.812500 0.974609 0.810547 0.976562 0.810547 0.978516 0.808594 0.978516 0.806641 0.980469 0.804688 0.980469 0.783203 0.978516 0.781250 0.978516 0.779297 0.976562 0.777344 0.976562 0.775391 0.964844 0.763672 0.962891 0.763672 0.958984 0.759766 0.957031 0.759766 0.953125 0.755859 0.949219 0.755859 0.947266 0.753906 0.945312 0.753906 0.943359 0.751953 0.939453 0.751953 0.937500 0.750000
0 0.839844 0.763672 0.835938 0.767578 0.832031 0.767578 0.824219 0.775391 0.822266 0.775391 0.822266 0.777344 0.820312 0.779297 0.818359 0.779297 0.810547 0.787109 0.808594 0.787109 0.804688 0.791016 0.804688 0.798828 0.806641 0.800781 0.806641 0.808594 0.808594 0.808594 0.810547 0.810547 0.810547 0.812500 0.814453 0.816406 0.816406 0.816406 0.818359 0.818359 0.820312 0.818359 0.822266 0.820312 0.824219 0.820312 0.826172 0.822266 0.828125 0.822266 0.830078 0.824219 0.867188 0.824219 0.869141 0.822266 0.871094 0.822266 0.873047 0.820312 0.880859 0.820312 0.882812 0.818359 0.884766 0.818359 0.888672 0.814453 0.888672 0.781250 0.886719 0.779297 0.886719 0.777344 0.882812 0.773438 0.882812 0.771484 0.880859 0.771484 0.878906 0.769531 0.878906 0.767578 0.876953 0.767578 0.875000 0.765625 0.871094 0.765625 0.869141 0.763672
0 0.605469 0.779297 0.603516 0.781250 0.599609 0.781250 0.597656 0.783203 0.595703 0.783203 0.595703 0.791016 0.597656 0.792969 0.597656 0.794922 0.599609 0.796875 0.599609 0.798828 0.601562 0.800781 0.601562 0.804688 0.603516 0.806641 0.617188 0.806641 0.619141 0.808594 0.621094 0.808594 0.623047 0.810547 0.625000 0.810547 0.632812 0.818359 0.634766 0.818359 0.634766 0.791016 0.632812 0.789062 0.632812 0.785156 0.630859 0.783203 0.630859 0.781250 0.628906 0.779297
0 0.064453 0.765625 0.056641 0.773438 0.054688 0.773438 0.054688 0.775391 0.052734 0.777344 0.052734 0.783203 0.050781 0.785156 0.050781 0.822266 0.052734 0.824219 0.052734 0.830078 0.054688 0.832031 0.054688 0.837891 0.056641 0.839844 0.056641 0.843750 0.058594 0.845703 0.058594 0.847656 0.060547 0.847656 0.062500 0.849609 0.064453 0.847656 0.068359 0.847656 0.076172 0.839844 0.076172 0.837891 0.078125 0.835938 0.078125 0.833984 0.080078 0.832031 0.080078 0.828125 0.082031 0.826172 0.082031 0.820312 0.083984 0.818359 0.083984 0.812500 0.085938 0.810547 0.085938 0.800781 0.083984 0.798828 0.083984 0.789062 0.082031 0.787109 0.082031 0.781250 0.080078 0.779297 0.080078 0.777344 0.078125 0.775391 0.078125 0.773438 0.070312 0.765625
0 0.736328 0.796875 0.734375 0.798828 0.722656 0.798828 0.720703 0.800781 0.718750 0.800781 0.714844 0.804688 0.712891 0.804688 0.708984 0.808594 0.708984 0.814453 0.707031 0.816406 0.707031 0.828125 0.708984 0.830078 0.708984 0.835938 0.710938 0.835938 0.712891 0.837891 0.712891 0.839844 0.714844 0.841797 0.714844 0.843750 0.726562 0.855469 0.755859 0.855469 0.759766 0.851562 0.767578 0.851562 0.771484 0.847656 0.773438 0.847656 0.773438 0.845703 0.777344 0.841797 0.777344 0.837891 0.779297 0.835938 0.779297 0.833984 0.781250 0.832031 0.781250 0.824219 0.779297 0.822266 0.779297 0.818359 0.777344 0.816406 0.777344 0.814453 0.769531 0.806641 0.767578 0.806641 0.763672 0.802734 0.761719 0.802734 0.757812 0.798828 0.751953 0.798828 0.750000 0.796875
0 0.601562 0.808594 0.597656 0.812500 0.595703 0.812500 0.589844 0.818359 0.589844 0.841797 0.591797 0.843750 0.591797 0.845703 0.593750 0.845703 0.593750 0.843750 0.597656 0.839844 0.601562 0.839844 0.603516 0.837891 0.628906 0.837891 0.630859 0.839844 0.634766 0.839844 0.634766 0.826172 0.632812 0.824219 0.632812 0.820312 0.625000 0.812500 0.623047 0.812500 0.621094 0.810547 0.619141 0.810547 0.617188 0.808594
0 0.136719 0.810547 0.132812 0.814453 0.130859 0.814453 0.128906 0.816406 0.126953 0.816406 0.125000 0.818359 0.123047 0.818359 0.123047 0.820312 0.121094 0.822266 0.119141 0.822266 0.119141 0.824219 0.117188 0.826172 0.117188 0.828125 0.115234 0.830078 0.115234 0.832031 0.113281 0.833984 0.113281 0.859375 0.115234 0.861328 0.115234 0.865234 0.119141 0.869141 0.119141 0.871094 0.123047 0.875000 0.123047 0.876953 0.126953 0.880859 0.126953 0.882812 0.130859 0.886719 0.134766 0.886719 0.138672 0.890625 0.140625 0.890625 0.142578 0.892578 0.144531 0.892578 0.146484 0.894531 0.179688 0.894531 0.179688 0.892578 0.181641 0.890625 0.183594 0.890625 0.183594 0.888672 0.187500 0.884766 0.187500 0.876953 0.189453 0.875000 0.189453 0.873047 0.191406 0.871094 0.191406 0.845703 0.189453 0.843750 0.189453 0.837891 0.187500 0.835938 0.187500 0.830078 0.185547 0.830078 0.183594 0.828125 0.183594 0.826172 0.179688 0.822266 0.177734 0.822266 0.175781 0.820312 0.173828 0.820312 0.171875 0.818359 0.166016 0.818359 0.162109 0.814453 0.158203 0.814453 0.156250 0.812500 0.154297 0.812500 0.152344 0.810547
0 0.603516 0.839844 0.601562 0.841797 0.597656 0.841797 0.595703 0.843750 0.595703 0.845703 0.593750 0.847656 0.591797 0.847656 0.591797 0.849609 0.589844 0.851562 0.589844 0.857422 0.591797 0.857422 0.595703 0.861328 0.597656 0.861328 0.601562 0.865234 0.605469 0.865234 0.607422 0.867188 0.626953 0.867188 0.628906 0.869141 0.636719 0.869141 0.638672 0.871094 0.640625 0.871094 0.642578 0.873047 0.644531 0.873047 0.658203 0.886719 0.662109 0.886719 0.666016 0.882812 0.666016 0.865234 0.664062 0.863281 0.664062 0.859375 0.662109 0.857422 0.662109 0.855469 0.658203 0.851562 0.656250 0.851562 0.654297 0.849609 0.650391 0.849609 0.646484 0.845703 0.644531 0.845703 0.642578 0.843750 0.638672 0.843750 0.636719 0.841797 0.630859 0.841797 0.628906 0.839844
0 0.535156 0.843750 0.533203 0.845703 0.531250 0.845703 0.527344 0.849609 0.525391 0.849609 0.519531 0.855469 0.519531 0.857422 0.517578 0.859375 0.517578 0.861328 0.515625 0.863281 0.515625 0.865234 0.513672 0.867188 0.513672 0.871094 0.511719 0.873047 0.511719 0.894531 0.517578 0.900391 0.519531 0.900391 0.521484 0.902344 0.529297 0.902344 0.531250 0.904297 0.544922 0.904297 0.550781 0.898438 0.550781 0.896484 0.554688 0.892578 0.554688 0.890625 0.556641 0.888672 0.556641 0.886719 0.558594 0.884766 0.558594 0.882812 0.560547 0.880859 0.560547 0.878906 0.562500 0.876953 0.562500 0.855469 0.560547 0.853516 0.560547 0.851562 0.558594 0.851562 0.554688 0.847656 0.550781 0.847656 0.548828 0.845703 0.542969 0.845703 0.541016 0.843750
0 0.367188 0.839844 0.367188 0.841797 0.363281 0.845703 0.363281 0.847656 0.361328 0.849609 0.361328 0.851562 0.359375 0.853516 0.359375 0.861328 0.357422 0.863281 0.357422 0.865234 0.355469 0.867188 0.355469 0.869141 0.353516 0.871094 0.353516 0.875000 0.355469 0.876953 0.355469 0.878906 0.357422 0.880859 0.357422 0.882812 0.361328 0.886719 0.361328 0.888672 0.363281 0.890625 0.363281 0.892578 0.365234 0.894531 0.365234 0.898438 0.367188 0.900391 0.367188 0.904297 0.369141 0.906250 0.369141 0.912109 0.371094 0.914062 0.371094 0.917969 0.373047 0.919922 0.380859 0.919922 0.384766 0.916016 0.384766 0.914062 0.386719 0.912109 0.386719 0.908203 0.388672 0.906250 0.388672 0.900391 0.390625 0.898438 0.390625 0.873047 0.388672 0.871094 0.388672 0.865234 0.386719 0.863281 0.386719 0.857422 0.384766 0.855469 0.384766 0.849609 0.382812 0.847656 0.382812 0.845703 0.378906 0.841797 0.376953 0.841797 0.375000 0.839844
0 0.431641 0.861328 0.429688 0.863281 0.429688 0.871094 0.433594 0.875000 0.433594 0.876953 0.435547 0.878906 0.437500 0.878906 0.443359 0.884766 0.443359 0.886719 0.449219 0.892578 0.451172 0.892578 0.453125 0.894531 0.455078 0.894531 0.457031 0.896484 0.458984 0.896484 0.460938 0.898438 0.462891 0.898438 0.464844 0.900391 0.466797 0.900391 0.468750 0.902344 0.468750 0.906250 0.472656 0.906250 0.474609 0.904297 0.474609 0.896484 0.472656 0.894531 0.472656 0.892578 0.468750 0.888672 0.468750 0.886719 0.464844 0.882812 0.462891 0.882812 0.457031 0.876953 0.455078 0.876953 0.451172 0.873047 0.449219 0.873047 0.443359 0.867188 0.441406 0.867188 0.437500 0.863281 0.435547 0.863281 0.433594 0.861328
0 0.255859 0.861328 0.251953 0.865234 0.251953 0.867188 0.246094 0.873047 0.246094 0.878906 0.244141 0.880859 0.244141 0.888672 0.246094 0.890625 0.246094 0.894531 0.248047 0.896484 0.248047 0.898438 0.250000 0.898438 0.251953 0.900391 0.255859 0.900391 0.257812 0.902344 0.259766 0.902344 0.261719 0.904297 0.263672 0.904297 0.265625 0.906250 0.267578 0.906250 0.269531 0.908203 0.271484 0.908203 0.275391 0.912109 0.277344 0.912109 0.279297 0.914062 0.291016 0.914062 0.291016 0.912109 0.292969 0.910156 0.292969 0.906250 0.294922 0.904297 0.294922 0.894531 0.292969 0.892578 0.292969 0.884766 0.291016 0.882812 0.291016 0.880859 0.289062 0.878906 0.289062 0.876953 0.281250 0.869141 0.279297 0.869141 0.275391 0.865234 0.273438 0.865234 0.271484 0.863281 0.267578 0.863281 0.265625 0.861328
0 0.433594 0.892578 0.431641 0.894531 0.427734 0.894531 0.423828 0.898438 0.421875 0.898438 0.421875 0.902344 0.423828 0.902344 0.425781 0.904297 0.441406 0.904297 0.443359 0.906250 0.464844 0.906250 0.466797 0.904297 0.466797 0.902344 0.464844 0.902344 0.462891 0.900391 0.460938 0.900391 0.458984 0.898438 0.457031 0.898438 0.455078 0.896484 0.453125 0.896484 0.451172 0.894531 0.445312 0.894531 0.443359 0.892578
0 0.320312 0.916016 0.316406 0.919922 0.314453 0.919922 0.308594 0.925781 0.306641 0.925781 0.302734 0.929688 0.300781 0.929688 0.296875 0.933594 0.294922 0.933594 0.292969 0.935547 0.291016 0.935547 0.287109 0.939453 0.287109 0.943359 0.289062 0.945312 0.289062 0.947266 0.291016 0.949219 0.291016 0.951172 0.292969 0.953125 0.294922 0.953125 0.296875 0.955078 0.298828 0.955078 0.300781 0.957031 0.322266 0.957031 0.324219 0.955078 0.332031 0.955078 0.335938 0.951172 0.337891 0.951172 0.339844 0.949219 0.339844 0.947266 0.343750 0.943359 0.343750 0.921875 0.337891 0.916016
0 0.169922 0.941406 0.167969 0.943359 0.166016 0.943359 0.162109 0.947266 0.158203 0.947266 0.154297 0.951172 0.154297 0.953125 0.150391 0.957031 0.150391 0.964844 0.152344 0.966797 0.152344 0.970703 0.154297 0.972656 0.154297 0.980469 0.156250 0.982422 0.156250 0.986328 0.158203 0.988281 0.158203 0.992188 0.160156 0.992188 0.162109 0.994141 0.162109 0.996094 0.164062 0.998047 0.207031 0.998047 0.208984 0.996094 0.210938 0.996094 0.210938 0.990234 0.212891 0.988281 0.212891 0.972656 0.210938 0.970703 0.210938 0.962891 0.207031 0.958984 0.207031 0.955078 0.205078 0.955078 0.199219 0.949219 0.197266 0.949219 0.195312 0.947266 0.193359 0.947266 0.189453 0.943359 0.185547 0.943359 0.183594 0.941406
0 0.382812 0.953125 0.380859 0.955078 0.376953 0.955078 0.375000 0.957031 0.373047 0.957031 0.371094 0.958984 0.369141 0.958984 0.367188 0.960938 0.365234 0.960938 0.363281 0.962891 0.361328 0.962891 0.361328 0.964844 0.349609 0.976562 0.349609 0.982422 0.347656 0.984375 0.347656 0.996094 0.349609 0.998047 0.417969 0.998047 0.419922 0.996094 0.419922 0.994141 0.421875 0.992188 0.421875 0.980469 0.419922 0.978516 0.419922 0.972656 0.416016 0.968750 0.416016 0.966797 0.406250 0.957031 0.404297 0.957031 0.402344 0.955078 0.396484 0.955078 0.394531 0.953125
0 0.087891 0.962891 0.087891 0.966797 0.085938 0.968750 0.085938 0.974609 0.083984 0.976562 0.083984 0.984375 0.082031 0.986328 0.082031 0.996094 0.083984 0.998047 0.150391 0.998047 0.148438 0.996094 0.148438 0.994141 0.140625 0.986328 0.140625 0.984375 0.132812 0.976562 0.130859 0.976562 0.128906 0.974609 0.126953 0.974609 0.125000 0.972656 0.125000 0.970703 0.121094 0.970703 0.117188 0.966797 0.113281 0.966797 0.111328 0.964844 0.109375 0.964844 0.107422 0.962891
