0 0.482422 0.000000 0.482422 0.001953 0.480469 0.003906 0.480469 0.005859 0.478516 0.007812 0.478516 0.009766 0.476562 0.011719 0.476562 0.019531 0.478516 0.021484 0.484375 0.021484 0.486328 0.023438 0.498047 0.023438 0.500000 0.021484 0.507812 0.021484 0.509766 0.019531 0.515625 0.019531 0.517578 0.017578 0.523438 0.017578 0.525391 0.015625 0.531250 0.015625 0.535156 0.011719 0.537109 0.011719 0.537109 0.009766 0.541016 0.005859 0.541016 0.000000
0 0.992188 0.031250 0.990234 0.033203 0.984375 0.033203 0.982422 0.035156 0.976562 0.035156 0.974609 0.033203 0.949219 0.033203 0.945312 0.037109 0.943359 0.037109 0.939453 0.041016 0.937500 0.041016 0.935547 0.042969 0.935547 0.050781 0.939453 0.054688 0.951172 0.054688 0.953125 0.052734 0.970703 0.052734 0.972656 0.054688 0.982422 0.054688 0.984375 0.056641 0.988281 0.056641 0.990234 0.058594 0.992188 0.058594 0.994141 0.060547 0.996094 0.058594 0.998047 0.058594 0.998047 0.031250
0 0.042969 0.000000 0.041016 0.001953 0.041016 0.003906 0.039062 0.005859 0.039062 0.007812 0.037109 0.009766 0.037109 0.011719 0.033203 0.015625 0.033203 0.017578 0.031250 0.019531 0.031250 0.021484 0.029297 0.023438 0.029297 0.027344 0.027344 0.029297 0.027344 0.035156 0.025391 0.037109 0.025391 0.042969 0.023438 0.044922 0.023438 0.064453 0.025391 0.066406 0.025391 0.076172 0.027344 0.078125 0.027344 0.082031 0.029297 0.083984 0.029297 0.087891 0.031250 0.089844 0.031250 0.091797 0.037109 0.097656 0.039062 0.097656 0.042969 0.101562 0.044922 0.101562 0.046875 0.103516 0.054688 0.103516 0.056641 0.101562 0.058594 0.101562 0.060547 0.099609 0.062500 0.099609 0.066406 0.095703 0.068359 0.095703 0.068359 0.093750 0.070312 0.091797 0.072266 0.091797 0.076172 0.087891 0.076172 0.085938 0.089844 0.072266 0.089844 0.070312 0.091797 0.068359 0.091797 0.066406 0.093750 0.064453 0.093750 0.056641 0.091797 0.054688 0.091797 0.048828 0.087891 0.044922 0.087891 0.042969 0.085938 0.041016 0.085938 0.039062 0.083984 0.037109 0.083984 0.035156 0.082031 0.033203 0.082031 0.031250 0.080078 0.029297 0.080078 0.027344 0.078125 0.025391 0.078125 0.023438 0.074219 0.019531 0.074219 0.017578 0.072266 0.015625 0.070312 0.015625 0.068359 0.013672 0.068359 0.011719 0.064453 0.007812 0.064453 0.005859 0.062500 0.003906 0.062500 0.001953 0.060547 0.000000
0 0.609375 0.041016 0.607422 0.042969 0.603516 0.042969 0.601562 0.044922 0.595703 0.044922 0.593750 0.046875 0.585938 0.046875 0.582031 0.050781 0.583984 0.052734 0.583984 0.054688 0.591797 0.062500 0.591797 0.064453 0.593750 0.066406 0.595703 0.066406 0.597656 0.068359 0.617188 0.068359 0.619141 0.066406 0.621094 0.066406 0.623047 0.064453 0.625000 0.064453 0.630859 0.058594 0.630859 0.044922 0.626953 0.041016
0 0.703125 0.050781 0.701172 0.052734 0.699219 0.052734 0.697266 0.054688 0.699219 0.056641 0.699219 0.058594 0.701172 0.060547 0.701172 0.062500 0.703125 0.064453 0.705078 0.064453 0.707031 0.066406 0.708984 0.066406 0.710938 0.068359 0.712891 0.068359 0.714844 0.070312 0.718750 0.070312 0.718750 0.068359 0.720703 0.066406 0.720703 0.064453 0.724609 0.060547 0.724609 0.058594 0.726562 0.056641 0.722656 0.052734 0.718750 0.052734 0.716797 0.050781
0 0.126953 0.041016 0.123047 0.044922 0.123047 0.046875 0.121094 0.048828 0.121094 0.052734 0.119141 0.054688 0.119141 0.062500 0.117188 0.064453 0.117188 0.083984 0.119141 0.085938 0.119141 0.087891 0.123047 0.087891 0.125000 0.085938 0.126953 0.085938 0.128906 0.083984 0.128906 0.082031 0.132812 0.078125 0.132812 0.076172 0.136719 0.072266 0.136719 0.064453 0.140625 0.060547 0.140625 0.044922 0.136719 0.041016
0 0.736328 0.048828 0.726562 0.058594 0.726562 0.060547 0.722656 0.064453 0.722656 0.066406 0.720703 0.068359 0.720703 0.070312 0.718750 0.072266 0.718750 0.078125 0.716797 0.080078 0.716797 0.095703 0.718750 0.097656 0.718750 0.101562 0.724609 0.107422 0.726562 0.107422 0.728516 0.109375 0.734375 0.109375 0.736328 0.111328 0.742188 0.111328 0.744141 0.113281 0.750000 0.113281 0.751953 0.115234 0.783203 0.115234 0.785156 0.117188 0.806641 0.117188 0.808594 0.115234 0.810547 0.115234 0.810547 0.113281 0.808594 0.113281 0.806641 0.111328 0.804688 0.111328 0.802734 0.109375 0.802734 0.107422 0.800781 0.105469 0.800781 0.089844 0.796875 0.085938 0.796875 0.083984 0.787109 0.074219 0.785156 0.074219 0.775391 0.064453 0.773438 0.064453 0.769531 0.060547 0.767578 0.060547 0.761719 0.054688 0.759766 0.054688 0.757812 0.052734 0.755859 0.052734 0.753906 0.050781 0.751953 0.050781 0.750000 0.048828
0 0.652344 0.085938 0.650391 0.087891 0.648438 0.087891 0.638672 0.097656 0.638672 0.103516 0.642578 0.107422 0.646484 0.107422 0.648438 0.105469 0.654297 0.105469 0.656250 0.107422 0.660156 0.107422 0.662109 0.109375 0.664062 0.109375 0.666016 0.111328 0.673828 0.111328 0.675781 0.109375 0.675781 0.099609 0.673828 0.097656 0.673828 0.095703 0.666016 0.087891 0.664062 0.087891 0.662109 0.085938
0 0.808594 0.083984 0.806641 0.085938 0.804688 0.085938 0.802734 0.087891 0.802734 0.105469 0.804688 0.107422 0.804688 0.109375 0.806641 0.109375 0.808594 0.111328 0.822266 0.111328 0.824219 0.109375 0.824219 0.095703 0.820312 0.091797 0.820312 0.089844 0.814453 0.083984
0 0.648438 0.107422 0.646484 0.109375 0.642578 0.109375 0.642578 0.111328 0.638672 0.115234 0.638672 0.119141 0.650391 0.119141 0.652344 0.117188 0.654297 0.117188 0.656250 0.115234 0.656250 0.113281 0.658203 0.111328 0.658203 0.109375 0.656250 0.109375 0.654297 0.107422
0 0.990234 0.091797 0.988281 0.093750 0.982422 0.093750 0.980469 0.095703 0.978516 0.095703 0.968750 0.105469 0.968750 0.107422 0.966797 0.109375 0.966797 0.115234 0.964844 0.117188 0.964844 0.138672 0.966797 0.140625 0.966797 0.148438 0.968750 0.150391 0.968750 0.152344 0.970703 0.154297 0.970703 0.156250 0.976562 0.162109 0.980469 0.162109 0.982422 0.164062 0.984375 0.164062 0.986328 0.166016 0.988281 0.166016 0.990234 0.167969 0.992188 0.167969 0.994141 0.169922 0.996094 0.169922 0.996094 0.167969 0.998047 0.166016 0.998047 0.091797
0 0.650391 0.148438 0.648438 0.150391 0.648438 0.169922 0.646484 0.171875 0.646484 0.177734 0.644531 0.179688 0.644531 0.191406 0.646484 0.193359 0.650391 0.193359 0.652344 0.191406 0.654297 0.191406 0.654297 0.189453 0.660156 0.183594 0.660156 0.181641 0.664062 0.177734 0.664062 0.175781 0.666016 0.173828 0.666016 0.169922 0.667969 0.167969 0.667969 0.162109 0.666016 0.160156 0.666016 0.156250 0.664062 0.154297 0.664062 0.152344 0.662109 0.150391 0.662109 0.148438
0 0.726562 0.136719 0.722656 0.140625 0.722656 0.162109 0.724609 0.164062 0.724609 0.173828 0.726562 0.175781 0.726562 0.181641 0.728516 0.183594 0.728516 0.185547 0.730469 0.187500 0.730469 0.193359 0.732422 0.195312 0.732422 0.199219 0.734375 0.201172 0.734375 0.203125 0.744141 0.212891 0.751953 0.212891 0.753906 0.214844 0.757812 0.214844 0.759766 0.216797 0.761719 0.216797 0.765625 0.220703 0.765625 0.224609 0.767578 0.224609 0.769531 0.226562 0.789062 0.226562 0.794922 0.220703 0.794922 0.218750 0.796875 0.216797 0.796875 0.214844 0.798828 0.212891 0.798828 0.205078 0.800781 0.203125 0.800781 0.199219 0.798828 0.197266 0.798828 0.191406 0.794922 0.187500 0.794922 0.185547 0.789062 0.179688 0.789062 0.177734 0.783203 0.171875 0.783203 0.169922 0.779297 0.166016 0.777344 0.166016 0.763672 0.152344 0.761719 0.152344 0.748047 0.138672 0.746094 0.138672 0.744141 0.136719
0 0.744141 0.214844 0.742188 0.216797 0.742188 0.224609 0.746094 0.228516 0.761719 0.228516 0.761719 0.226562 0.763672 0.224609 0.763672 0.220703 0.761719 0.218750 0.759766 0.218750 0.757812 0.216797 0.753906 0.216797 0.751953 0.214844
0 0.000000 0.236328 0.000000 0.267578 0.005859 0.267578 0.009766 0.263672 0.011719 0.263672 0.015625 0.259766 0.015625 0.257812 0.017578 0.255859 0.017578 0.248047 0.013672 0.244141 0.013672 0.242188 0.011719 0.242188 0.007812 0.238281 0.005859 0.238281 0.003906 0.236328
0 0.341797 0.302734 0.339844 0.304688 0.335938 0.304688 0.333984 0.306641 0.332031 0.306641 0.328125 0.310547 0.326172 0.310547 0.324219 0.312500 0.322266 0.312500 0.314453 0.320312 0.314453 0.322266 0.312500 0.324219 0.312500 0.328125 0.314453 0.330078 0.316406 0.330078 0.320312 0.333984 0.322266 0.333984 0.324219 0.335938 0.326172 0.335938 0.328125 0.337891 0.330078 0.337891 0.332031 0.339844 0.333984 0.339844 0.335938 0.341797 0.337891 0.341797 0.339844 0.343750 0.341797 0.343750 0.343750 0.345703 0.345703 0.345703 0.347656 0.343750 0.369141 0.343750 0.371094 0.341797 0.376953 0.341797 0.378906 0.339844 0.382812 0.339844 0.384766 0.337891 0.388672 0.337891 0.394531 0.332031 0.394531 0.322266 0.392578 0.320312 0.392578 0.318359 0.388672 0.314453 0.386719 0.314453 0.382812 0.310547 0.380859 0.310547 0.376953 0.306641 0.373047 0.306641 0.371094 0.304688 0.365234 0.304688 0.363281 0.302734
0 0.685547 0.312500 0.683594 0.314453 0.677734 0.314453 0.675781 0.316406 0.671875 0.316406 0.669922 0.318359 0.667969 0.318359 0.656250 0.330078 0.656250 0.332031 0.650391 0.337891 0.650391 0.341797 0.648438 0.343750 0.648438 0.347656 0.646484 0.349609 0.646484 0.375000 0.648438 0.376953 0.648438 0.380859 0.650391 0.382812 0.650391 0.384766 0.652344 0.386719 0.654297 0.386719 0.658203 0.390625 0.660156 0.390625 0.662109 0.392578 0.666016 0.392578 0.667969 0.394531 0.671875 0.394531 0.673828 0.396484 0.681641 0.396484 0.683594 0.398438 0.697266 0.398438 0.707031 0.388672 0.708984 0.388672 0.712891 0.384766 0.714844 0.384766 0.710938 0.384766 0.708984 0.382812 0.707031 0.382812 0.705078 0.380859 0.703125 0.380859 0.695312 0.373047 0.695312 0.369141 0.693359 0.367188 0.693359 0.361328 0.695312 0.359375 0.695312 0.355469 0.699219 0.351562 0.699219 0.349609 0.701172 0.347656 0.703125 0.347656 0.707031 0.343750 0.710938 0.343750 0.712891 0.341797 0.730469 0.341797 0.732422 0.343750 0.734375 0.343750 0.732422 0.341797 0.732422 0.337891 0.730469 0.335938 0.730469 0.333984 0.724609 0.328125 0.724609 0.326172 0.722656 0.326172 0.720703 0.324219 0.718750 0.324219 0.716797 0.322266 0.714844 0.322266 0.712891 0.320312 0.707031 0.320312 0.705078 0.318359 0.701172 0.318359 0.699219 0.316406 0.695312 0.316406 0.693359 0.314453 0.691406 0.314453 0.689453 0.312500
0 0.712891 0.343750 0.710938 0.345703 0.707031 0.345703 0.703125 0.349609 0.701172 0.349609 0.701172 0.351562 0.697266 0.355469 0.697266 0.359375 0.695312 0.361328 0.695312 0.367188 0.697266 0.369141 0.697266 0.373047 0.703125 0.378906 0.705078 0.378906 0.707031 0.380859 0.708984 0.380859 0.710938 0.382812 0.726562 0.382812 0.728516 0.384766 0.736328 0.384766 0.738281 0.382812 0.740234 0.382812 0.748047 0.375000 0.748047 0.373047 0.751953 0.369141 0.751953 0.367188 0.753906 0.365234 0.753906 0.357422 0.751953 0.355469 0.751953 0.353516 0.750000 0.353516 0.746094 0.349609 0.742188 0.349609 0.738281 0.345703 0.732422 0.345703 0.730469 0.343750
0 0.716797 0.384766 0.714844 0.386719 0.712891 0.386719 0.708984 0.390625 0.707031 0.390625 0.697266 0.400391 0.697266 0.402344 0.695312 0.404297 0.695312 0.410156 0.697266 0.412109 0.697266 0.414062 0.699219 0.416016 0.701172 0.416016 0.705078 0.419922 0.707031 0.419922 0.708984 0.421875 0.710938 0.421875 0.714844 0.425781 0.724609 0.425781 0.726562 0.423828 0.726562 0.421875 0.728516 0.419922 0.728516 0.417969 0.730469 0.416016 0.730469 0.412109 0.732422 0.410156 0.732422 0.404297 0.734375 0.402344 0.734375 0.388672 0.732422 0.386719 0.728516 0.386719 0.726562 0.384766
0 0.996094 0.402344 0.994141 0.404297 0.990234 0.404297 0.986328 0.408203 0.984375 0.408203 0.980469 0.412109 0.978516 0.412109 0.970703 0.419922 0.970703 0.421875 0.966797 0.425781 0.966797 0.435547 0.970703 0.439453 0.970703 0.443359 0.980469 0.443359 0.982422 0.441406 0.984375 0.441406 0.992188 0.433594 0.994141 0.433594 0.992188 0.431641 0.994141 0.429688 0.996094 0.429688 0.998047 0.427734 0.998047 0.402344
0 0.500000 0.423828 0.498047 0.425781 0.492188 0.425781 0.488281 0.429688 0.488281 0.435547 0.492188 0.439453 0.539062 0.439453 0.541016 0.441406 0.544922 0.441406 0.546875 0.443359 0.558594 0.443359 0.560547 0.445312 0.568359 0.445312 0.570312 0.447266 0.576172 0.447266 0.578125 0.449219 0.583984 0.449219 0.585938 0.451172 0.589844 0.451172 0.591797 0.453125 0.595703 0.453125 0.597656 0.455078 0.609375 0.455078 0.611328 0.453125 0.613281 0.453125 0.613281 0.451172 0.611328 0.449219 0.611328 0.445312 0.609375 0.443359 0.609375 0.441406 0.607422 0.439453 0.605469 0.439453 0.601562 0.435547 0.599609 0.435547 0.597656 0.433594 0.595703 0.433594 0.593750 0.431641 0.587891 0.431641 0.585938 0.429688 0.576172 0.429688 0.574219 0.427734 0.548828 0.427734 0.546875 0.425781 0.523438 0.425781 0.521484 0.423828
0 0.259766 0.423828 0.251953 0.431641 0.251953 0.433594 0.250000 0.435547 0.250000 0.437500 0.240234 0.447266 0.240234 0.449219 0.236328 0.453125 0.236328 0.455078 0.232422 0.458984 0.232422 0.464844 0.230469 0.466797 0.230469 0.478516 0.232422 0.480469 0.232422 0.484375 0.236328 0.488281 0.238281 0.488281 0.244141 0.494141 0.248047 0.494141 0.250000 0.496094 0.257812 0.496094 0.265625 0.488281 0.265625 0.484375 0.267578 0.482422 0.267578 0.478516 0.269531 0.476562 0.269531 0.470703 0.271484 0.468750 0.271484 0.464844 0.273438 0.462891 0.273438 0.457031 0.275391 0.455078 0.275391 0.451172 0.277344 0.449219 0.277344 0.443359 0.279297 0.441406 0.279297 0.435547 0.277344 0.433594 0.277344 0.429688 0.273438 0.425781 0.271484 0.425781 0.269531 0.423828
0 0.552734 0.460938 0.552734 0.464844 0.554688 0.464844 0.556641 0.466797 0.558594 0.466797 0.562500 0.470703 0.566406 0.470703 0.568359 0.472656 0.578125 0.472656 0.580078 0.474609 0.601562 0.474609 0.601562 0.470703 0.599609 0.468750 0.597656 0.468750 0.595703 0.466797 0.587891 0.466797 0.585938 0.464844 0.580078 0.464844 0.578125 0.462891 0.564453 0.462891 0.562500 0.460938
0 0.000000 0.445312 0.000000 0.542969 0.001953 0.542969 0.003906 0.541016 0.007812 0.541016 0.013672 0.535156 0.013672 0.533203 0.015625 0.531250 0.015625 0.529297 0.017578 0.527344 0.017578 0.523438 0.019531 0.521484 0.019531 0.503906 0.021484 0.501953 0.021484 0.472656 0.019531 0.470703 0.019531 0.466797 0.015625 0.462891 0.015625 0.460938
0 0.335938 0.460938 0.332031 0.464844 0.332031 0.466797 0.328125 0.470703 0.328125 0.472656 0.326172 0.474609 0.326172 0.476562 0.324219 0.478516 0.324219 0.482422 0.322266 0.484375 0.322266 0.490234 0.320312 0.492188 0.320312 0.517578 0.322266 0.519531 0.322266 0.523438 0.324219 0.523438 0.326172 0.525391 0.328125 0.525391 0.330078 0.527344 0.333984 0.527344 0.335938 0.529297 0.353516 0.529297 0.355469 0.531250 0.359375 0.531250 0.361328 0.533203 0.375000 0.533203 0.376953 0.531250 0.378906 0.531250 0.382812 0.527344 0.382812 0.505859 0.380859 0.503906 0.380859 0.498047 0.378906 0.496094 0.378906 0.494141 0.375000 0.490234 0.375000 0.488281 0.373047 0.486328 0.373047 0.484375 0.369141 0.480469 0.369141 0.478516 0.367188 0.476562 0.367188 0.474609 0.365234 0.472656 0.365234 0.470703 0.357422 0.462891 0.355469 0.462891 0.353516 0.460938
0 0.529297 0.488281 0.527344 0.490234 0.521484 0.490234 0.519531 0.492188 0.517578 0.492188 0.513672 0.496094 0.511719 0.496094 0.509766 0.498047 0.509766 0.500000 0.505859 0.503906 0.505859 0.505859 0.501953 0.509766 0.501953 0.511719 0.500000 0.513672 0.500000 0.517578 0.498047 0.519531 0.498047 0.525391 0.500000 0.527344 0.500000 0.531250 0.501953 0.533203 0.501953 0.535156 0.505859 0.539062 0.507812 0.539062 0.509766 0.541016 0.515625 0.541016 0.517578 0.539062 0.519531 0.539062 0.529297 0.529297 0.531250 0.529297 0.533203 0.527344 0.539062 0.527344 0.541016 0.525391 0.550781 0.525391 0.552734 0.523438 0.562500 0.523438 0.564453 0.525391 0.566406 0.525391 0.568359 0.527344 0.582031 0.527344 0.583984 0.525391 0.585938 0.525391 0.591797 0.519531 0.591797 0.511719 0.589844 0.509766 0.589844 0.507812 0.582031 0.500000 0.582031 0.498047 0.580078 0.498047 0.578125 0.496094 0.576172 0.496094 0.574219 0.494141 0.570312 0.494141 0.568359 0.492188 0.562500 0.492188 0.560547 0.490234 0.554688 0.490234 0.552734 0.488281
0 0.552734 0.525391 0.550781 0.527344 0.548828 0.527344 0.548828 0.533203 0.544922 0.537109 0.544922 0.541016 0.541016 0.544922 0.541016 0.546875 0.542969 0.548828 0.542969 0.550781 0.546875 0.554688 0.556641 0.554688 0.558594 0.552734 0.558594 0.550781 0.560547 0.548828 0.560547 0.546875 0.562500 0.544922 0.562500 0.539062 0.564453 0.537109 0.564453 0.531250 0.562500 0.529297 0.562500 0.525391
0 0.162109 0.537109 0.160156 0.539062 0.160156 0.541016 0.156250 0.544922 0.156250 0.546875 0.154297 0.548828 0.154297 0.554688 0.152344 0.556641 0.152344 0.562500 0.150391 0.564453 0.150391 0.576172 0.148438 0.578125 0.148438 0.585938 0.146484 0.587891 0.146484 0.597656 0.148438 0.599609 0.148438 0.603516 0.150391 0.603516 0.152344 0.605469 0.154297 0.605469 0.156250 0.607422 0.164062 0.607422 0.175781 0.595703 0.175781 0.593750 0.193359 0.576172 0.193359 0.574219 0.195312 0.572266 0.195312 0.564453 0.193359 0.562500 0.193359 0.558594 0.189453 0.554688 0.189453 0.552734 0.183594 0.546875 0.183594 0.544922 0.181641 0.544922 0.177734 0.541016 0.175781 0.541016 0.173828 0.539062 0.171875 0.539062 0.169922 0.537109
0 0.267578 0.683594 0.265625 0.685547 0.261719 0.685547 0.259766 0.687500 0.250000 0.687500 0.248047 0.689453 0.246094 0.689453 0.244141 0.691406 0.242188 0.691406 0.238281 0.695312 0.238281 0.697266 0.234375 0.701172 0.234375 0.707031 0.232422 0.708984 0.232422 0.712891 0.230469 0.714844 0.230469 0.740234 0.232422 0.742188 0.232422 0.746094 0.234375 0.748047 0.234375 0.750000 0.236328 0.751953 0.236328 0.753906 0.238281 0.755859 0.238281 0.757812 0.242188 0.761719 0.244141 0.761719 0.248047 0.765625 0.250000 0.765625 0.251953 0.767578 0.253906 0.767578 0.257812 0.771484 0.261719 0.771484 0.263672 0.773438 0.267578 0.773438 0.269531 0.775391 0.285156 0.775391 0.291016 0.769531 0.292969 0.769531 0.296875 0.765625 0.296875 0.763672 0.300781 0.759766 0.300781 0.757812 0.304688 0.753906 0.304688 0.748047 0.306641 0.746094 0.306641 0.734375 0.304688 0.732422 0.304688 0.724609 0.302734 0.722656 0.302734 0.716797 0.300781 0.714844 0.300781 0.712891 0.298828 0.710938 0.298828 0.707031 0.296875 0.705078 0.296875 0.703125 0.294922 0.701172 0.294922 0.699219 0.289062 0.693359 0.289062 0.691406 0.287109 0.689453 0.285156 0.689453 0.283203 0.687500 0.281250 0.687500 0.279297 0.685547 0.273438 0.685547 0.271484 0.683594
0 0.498047 0.726562 0.492188 0.732422 0.492188 0.734375 0.480469 0.746094 0.480469 0.750000 0.482422 0.751953 0.482422 0.753906 0.484375 0.753906 0.486328 0.755859 0.488281 0.755859 0.490234 0.757812 0.500000 0.757812 0.501953 0.759766 0.515625 0.759766 0.517578 0.757812 0.519531 0.757812 0.521484 0.755859 0.521484 0.753906 0.525391 0.750000 0.525391 0.748047 0.531250 0.742188 0.529297 0.740234 0.529297 0.738281 0.527344 0.738281 0.523438 0.734375 0.521484 0.734375 0.519531 0.732422 0.517578 0.732422 0.515625 0.730469 0.513672 0.730469 0.511719 0.728516 0.503906 0.728516 0.501953 0.726562
0 0.535156 0.744141 0.533203 0.746094 0.533203 0.748047 0.523438 0.757812 0.523438 0.765625 0.529297 0.765625 0.531250 0.767578 0.537109 0.767578 0.539062 0.769531 0.564453 0.769531 0.566406 0.767578 0.568359 0.767578 0.568359 0.765625 0.570312 0.763672 0.570312 0.759766 0.572266 0.757812 0.572266 0.751953 0.568359 0.748047 0.566406 0.748047 0.564453 0.746094 0.562500 0.746094 0.560547 0.744141
0 0.332031 0.705078 0.324219 0.712891 0.324219 0.716797 0.322266 0.718750 0.322266 0.722656 0.320312 0.724609 0.320312 0.734375 0.318359 0.736328 0.318359 0.746094 0.316406 0.748047 0.316406 0.759766 0.314453 0.761719 0.314453 0.771484 0.312500 0.773438 0.312500 0.783203 0.314453 0.785156 0.314453 0.789062 0.316406 0.791016 0.316406 0.796875 0.318359 0.798828 0.318359 0.804688 0.316406 0.806641 0.316406 0.810547 0.314453 0.812500 0.314453 0.814453 0.326172 0.814453 0.328125 0.812500 0.337891 0.812500 0.351562 0.798828 0.351562 0.796875 0.353516 0.794922 0.353516 0.792969 0.355469 0.791016 0.355469 0.789062 0.359375 0.785156 0.359375 0.783203 0.361328 0.781250 0.361328 0.779297 0.363281 0.777344 0.363281 0.771484 0.365234 0.769531 0.365234 0.761719 0.367188 0.759766 0.367188 0.734375 0.365234 0.732422 0.365234 0.728516 0.361328 0.724609 0.361328 0.722656 0.359375 0.720703 0.359375 0.718750 0.355469 0.714844 0.355469 0.712891 0.353516 0.712891 0.349609 0.708984 0.347656 0.708984 0.343750 0.705078
0 0.585938 0.744141 0.583984 0.746094 0.582031 0.746094 0.582031 0.755859 0.580078 0.757812 0.580078 0.765625 0.582031 0.767578 0.582031 0.773438 0.583984 0.775391 0.583984 0.779297 0.587891 0.783203 0.593750 0.783203 0.595703 0.785156 0.613281 0.785156 0.615234 0.783203 0.619141 0.783203 0.621094 0.781250 0.623047 0.781250 0.628906 0.775391 0.628906 0.771484 0.626953 0.769531 0.626953 0.767578 0.623047 0.763672 0.623047 0.761719 0.619141 0.757812 0.619141 0.755859 0.613281 0.750000 0.611328 0.750000 0.607422 0.746094 0.605469 0.746094 0.603516 0.744141
0 0.716797 0.841797 0.712891 0.845703 0.710938 0.845703 0.710938 0.849609 0.708984 0.851562 0.708984 0.871094 0.710938 0.873047 0.710938 0.876953 0.714844 0.880859 0.714844 0.882812 0.716797 0.882812 0.720703 0.886719 0.722656 0.886719 0.724609 0.888672 0.726562 0.888672 0.730469 0.892578 0.734375 0.892578 0.736328 0.894531 0.750000 0.894531 0.751953 0.892578 0.751953 0.890625 0.750000 0.888672 0.750000 0.884766 0.748047 0.882812 0.748047 0.876953 0.750000 0.875000 0.750000 0.871094 0.746094 0.867188 0.746094 0.865234 0.742188 0.861328 0.742188 0.859375 0.740234 0.857422 0.740234 0.855469 0.728516 0.843750 0.724609 0.843750 0.722656 0.841797
0 0.763672 0.865234 0.761719 0.867188 0.759766 0.867188 0.757812 0.869141 0.755859 0.869141 0.753906 0.871094 0.753906 0.873047 0.750000 0.876953 0.750000 0.882812 0.751953 0.884766 0.751953 0.888672 0.753906 0.890625 0.753906 0.892578 0.757812 0.896484 0.759766 0.896484 0.761719 0.898438 0.763672 0.898438 0.765625 0.900391 0.767578 0.900391 0.769531 0.902344 0.775391 0.902344 0.777344 0.904297 0.794922 0.904297 0.796875 0.902344 0.802734 0.902344 0.806641 0.898438 0.808594 0.898438 0.810547 0.896484 0.810547 0.894531 0.812500 0.892578 0.812500 0.880859 0.810547 0.878906 0.810547 0.876953 0.804688 0.871094 0.802734 0.871094 0.800781 0.869141 0.796875 0.869141 0.794922 0.867188 0.789062 0.867188 0.787109 0.865234
0 0.759766 0.910156 0.755859 0.914062 0.755859 0.916016 0.757812 0.917969 0.757812 0.929688 0.769531 0.929688 0.771484 0.927734 0.773438 0.927734 0.773438 0.921875 0.771484 0.919922 0.771484 0.916016 0.769531 0.914062 0.769531 0.912109 0.767578 0.912109 0.765625 0.910156
0 0.988281 0.935547 0.986328 0.937500 0.972656 0.937500 0.970703 0.939453 0.945312 0.939453 0.943359 0.941406 0.933594 0.941406 0.931641 0.943359 0.927734 0.943359 0.925781 0.945312 0.923828 0.945312 0.921875 0.947266 0.919922 0.947266 0.919922 0.949219 0.914062 0.955078 0.914062 0.957031 0.912109 0.958984 0.912109 0.964844 0.914062 0.966797 0.914062 0.970703 0.916016 0.972656 0.917969 0.972656 0.919922 0.974609 0.923828 0.974609 0.925781 0.976562 0.957031 0.976562 0.958984 0.974609 0.976562 0.974609 0.978516 0.976562 0.986328 0.976562 0.988281 0.978516 0.998047 0.978516 0.998047 0.935547
0 0.232422 0.943359 0.224609 0.951172 0.224609 0.960938 0.226562 0.962891 0.226562 0.972656 0.224609 0.974609 0.224609 0.982422 0.222656 0.984375 0.222656 0.998047 0.263672 0.998047 0.263672 0.986328 0.261719 0.984375 0.261719 0.972656 0.259766 0.970703 0.259766 0.966797 0.257812 0.964844 0.257812 0.962891 0.255859 0.960938 0.255859 0.958984 0.251953 0.955078 0.251953 0.953125 0.246094 0.947266 0.244141 0.947266 0.242188 0.945312 0.240234 0.945312 0.238281 0.943359
0 0.867188 0.968750 0.865234 0.970703 0.861328 0.970703 0.857422 0.974609 0.857422 0.976562 0.859375 0.978516 0.859375 0.982422 0.861328 0.984375 0.863281 0.984375 0.869141 0.990234 0.871094 0.990234 0.875000 0.994141 0.876953 0.994141 0.878906 0.996094 0.880859 0.996094 0.882812 0.998047 0.933594 0.998047 0.931641 0.996094 0.931641 0.994141 0.929688 0.992188 0.929688 0.990234 0.927734 0.988281 0.927734 0.986328 0.917969 0.976562 0.914062 0.976562 0.912109 0.974609 0.910156 0.974609 0.908203 0.972656 0.904297 0.972656 0.902344 0.970703 0.896484 0.970703 0.894531 0.968750
0 0.666016 0.972656 0.664062 0.974609 0.660156 0.974609 0.658203 0.976562 0.654297 0.976562 0.652344 0.978516 0.650391 0.978516 0.646484 0.982422 0.646484 0.988281 0.648438 0.990234 0.648438 0.992188 0.654297 0.998047 0.662109 0.998047 0.666016 0.994141 0.666016 0.992188 0.667969 0.990234 0.667969 0.988281 0.669922 0.986328 0.671875 0.986328 0.673828 0.984375 0.673828 0.982422 0.675781 0.980469 0.675781 0.976562 0.671875 0.972656
0 0.699219 0.974609 0.697266 0.976562 0.695312 0.976562 0.693359 0.978516 0.691406 0.978516 0.685547 0.984375 0.685547 0.986328 0.681641 0.990234 0.681641 0.992188 0.675781 0.998047 0.728516 0.998047 0.728516 0.992188 0.726562 0.990234 0.726562 0.986328 0.724609 0.984375 0.724609 0.982422 0.722656 0.980469 0.722656 0.978516 0.720703 0.978516 0.716797 0.974609
