0 0.896484 0.000000 0.896484 0.001953 0.898438 0.003906 0.898438 0.005859 0.904297 0.011719 0.906250 0.011719 0.910156 0.015625 0.923828 0.015625 0.925781 0.013672 0.929688 0.013672 0.933594 0.009766 0.935547 0.009766 0.937500 0.007812 0.937500 0.005859 0.943359 0.000000
0 0.652344 0.009766 0.650391 0.011719 0.650391 0.013672 0.648438 0.015625 0.648438 0.019531 0.656250 0.027344 0.667969 0.027344 0.669922 0.025391 0.669922 0.015625 0.667969 0.013672 0.667969 0.011719 0.666016 0.009766
0 0.490234 0.000000 0.490234 0.015625 0.492188 0.017578 0.492188 0.021484 0.494141 0.023438 0.494141 0.025391 0.496094 0.027344 0.498047 0.027344 0.500000 0.029297 0.501953 0.029297 0.505859 0.033203 0.515625 0.033203 0.519531 0.037109 0.523438 0.037109 0.525391 0.039062 0.537109 0.039062 0.539062 0.037109 0.542969 0.037109 0.544922 0.035156 0.546875 0.035156 0.548828 0.033203 0.550781 0.033203 0.552734 0.031250 0.554688 0.031250 0.556641 0.029297 0.558594 0.029297 0.562500 0.025391 0.564453 0.025391 0.570312 0.019531 0.570312 0.017578 0.574219 0.013672 0.574219 0.011719 0.576172 0.009766 0.576172 0.007812 0.578125 0.005859 0.578125 0.001953 0.580078 0.000000
0 0.800781 0.046875 0.798828 0.048828 0.796875 0.048828 0.781250 0.064453 0.781250 0.066406 0.779297 0.068359 0.779297 0.070312 0.775391 0.074219 0.775391 0.083984 0.777344 0.085938 0.777344 0.087891 0.779297 0.089844 0.779297 0.091797 0.783203 0.095703 0.783203 0.097656 0.814453 0.097656 0.816406 0.095703 0.832031 0.095703 0.833984 0.093750 0.839844 0.093750 0.839844 0.091797 0.837891 0.089844 0.837891 0.076172 0.839844 0.074219 0.839844 0.072266 0.843750 0.068359 0.843750 0.064453 0.841797 0.062500 0.841797 0.060547 0.839844 0.058594 0.839844 0.056641 0.837891 0.054688 0.837891 0.052734 0.833984 0.048828 0.832031 0.048828 0.830078 0.046875
0 0.863281 0.054688 0.861328 0.056641 0.855469 0.056641 0.845703 0.066406 0.845703 0.068359 0.841797 0.072266 0.841797 0.074219 0.839844 0.076172 0.839844 0.089844 0.841797 0.091797 0.841797 0.093750 0.843750 0.093750 0.849609 0.099609 0.853516 0.099609 0.855469 0.101562 0.869141 0.101562 0.871094 0.099609 0.873047 0.099609 0.875000 0.097656 0.876953 0.097656 0.880859 0.093750 0.882812 0.093750 0.890625 0.085938 0.890625 0.083984 0.894531 0.080078 0.894531 0.070312 0.892578 0.068359 0.892578 0.064453 0.890625 0.062500 0.890625 0.060547 0.886719 0.056641 0.884766 0.056641 0.882812 0.054688
0 0.570312 0.052734 0.568359 0.054688 0.566406 0.054688 0.562500 0.058594 0.560547 0.058594 0.554688 0.064453 0.552734 0.064453 0.550781 0.066406 0.550781 0.068359 0.535156 0.083984 0.535156 0.095703 0.537109 0.097656 0.537109 0.099609 0.539062 0.099609 0.544922 0.105469 0.546875 0.105469 0.550781 0.109375 0.552734 0.109375 0.554688 0.111328 0.560547 0.111328 0.562500 0.109375 0.566406 0.109375 0.566406 0.107422 0.572266 0.101562 0.572266 0.099609 0.574219 0.097656 0.574219 0.093750 0.578125 0.089844 0.578125 0.087891 0.582031 0.083984 0.582031 0.082031 0.587891 0.076172 0.587891 0.074219 0.589844 0.072266 0.589844 0.070312 0.591797 0.068359 0.591797 0.058594 0.585938 0.052734
0 0.708984 0.068359 0.707031 0.070312 0.707031 0.076172 0.708984 0.078125 0.708984 0.082031 0.710938 0.083984 0.710938 0.085938 0.712891 0.087891 0.712891 0.089844 0.716797 0.093750 0.716797 0.095703 0.718750 0.095703 0.722656 0.099609 0.728516 0.099609 0.732422 0.095703 0.732422 0.089844 0.730469 0.087891 0.730469 0.082031 0.728516 0.080078 0.728516 0.078125 0.726562 0.076172 0.726562 0.074219 0.724609 0.072266 0.724609 0.070312 0.722656 0.070312 0.720703 0.068359
0 0.972656 0.056641 0.968750 0.060547 0.966797 0.060547 0.962891 0.064453 0.960938 0.064453 0.960938 0.066406 0.958984 0.068359 0.957031 0.068359 0.947266 0.078125 0.945312 0.078125 0.935547 0.087891 0.935547 0.099609 0.939453 0.103516 0.941406 0.103516 0.943359 0.105469 0.945312 0.105469 0.949219 0.109375 0.951172 0.109375 0.953125 0.111328 0.955078 0.111328 0.957031 0.113281 0.990234 0.113281 0.992188 0.111328 0.994141 0.111328 0.994141 0.109375 0.996094 0.107422 0.998047 0.107422 0.998047 0.058594 0.994141 0.058594 0.992188 0.056641
0 0.679688 0.072266 0.677734 0.074219 0.673828 0.074219 0.671875 0.076172 0.669922 0.076172 0.666016 0.080078 0.664062 0.080078 0.664062 0.083984 0.662109 0.085938 0.662109 0.087891 0.660156 0.089844 0.660156 0.093750 0.658203 0.095703 0.658203 0.097656 0.656250 0.099609 0.656250 0.105469 0.660156 0.109375 0.660156 0.111328 0.662109 0.113281 0.662109 0.117188 0.664062 0.119141 0.664062 0.121094 0.667969 0.125000 0.669922 0.125000 0.671875 0.126953 0.675781 0.126953 0.677734 0.128906 0.697266 0.128906 0.699219 0.126953 0.701172 0.126953 0.703125 0.125000 0.705078 0.125000 0.708984 0.121094 0.710938 0.121094 0.714844 0.117188 0.714844 0.115234 0.716797 0.113281 0.716797 0.097656 0.714844 0.095703 0.714844 0.093750 0.710938 0.089844 0.710938 0.087891 0.701172 0.078125 0.699219 0.078125 0.695312 0.074219 0.689453 0.074219 0.687500 0.072266
0 0.214844 0.080078 0.214844 0.082031 0.207031 0.089844 0.207031 0.109375 0.208984 0.111328 0.208984 0.115234 0.212891 0.119141 0.212891 0.121094 0.214844 0.123047 0.214844 0.125000 0.218750 0.128906 0.220703 0.128906 0.222656 0.130859 0.236328 0.130859 0.238281 0.132812 0.244141 0.132812 0.246094 0.130859 0.253906 0.130859 0.255859 0.128906 0.257812 0.128906 0.259766 0.126953 0.261719 0.126953 0.263672 0.125000 0.265625 0.125000 0.267578 0.123047 0.269531 0.123047 0.271484 0.121094 0.275391 0.121094 0.277344 0.119141 0.283203 0.119141 0.283203 0.117188 0.281250 0.115234 0.281250 0.113281 0.269531 0.101562 0.267578 0.101562 0.263672 0.097656 0.261719 0.097656 0.257812 0.093750 0.255859 0.093750 0.251953 0.089844 0.250000 0.089844 0.248047 0.087891 0.246094 0.087891 0.244141 0.085938 0.242188 0.085938 0.240234 0.083984 0.238281 0.083984 0.236328 0.082031 0.232422 0.082031 0.230469 0.080078
0 0.136719 0.093750 0.134766 0.095703 0.132812 0.095703 0.128906 0.099609 0.126953 0.099609 0.119141 0.107422 0.119141 0.109375 0.117188 0.111328 0.117188 0.126953 0.119141 0.128906 0.119141 0.130859 0.130859 0.142578 0.136719 0.142578 0.138672 0.144531 0.179688 0.144531 0.181641 0.142578 0.185547 0.142578 0.185547 0.140625 0.187500 0.138672 0.187500 0.128906 0.185547 0.126953 0.185547 0.121094 0.183594 0.119141 0.183594 0.115234 0.179688 0.111328 0.179688 0.109375 0.171875 0.101562 0.169922 0.101562 0.167969 0.099609 0.166016 0.099609 0.164062 0.097656 0.162109 0.097656 0.160156 0.095703 0.154297 0.095703 0.152344 0.093750
0 0.628906 0.099609 0.626953 0.101562 0.625000 0.101562 0.621094 0.105469 0.621094 0.107422 0.615234 0.113281 0.615234 0.115234 0.603516 0.126953 0.603516 0.128906 0.601562 0.130859 0.601562 0.132812 0.599609 0.134766 0.599609 0.136719 0.597656 0.138672 0.597656 0.144531 0.599609 0.146484 0.599609 0.154297 0.601562 0.156250 0.601562 0.158203 0.607422 0.164062 0.609375 0.164062 0.611328 0.166016 0.636719 0.166016 0.638672 0.164062 0.640625 0.164062 0.646484 0.158203 0.648438 0.158203 0.650391 0.156250 0.650391 0.154297 0.652344 0.152344 0.652344 0.150391 0.654297 0.148438 0.654297 0.146484 0.658203 0.142578 0.658203 0.136719 0.660156 0.134766 0.660156 0.113281 0.658203 0.111328 0.658203 0.109375 0.654297 0.105469 0.652344 0.105469 0.648438 0.101562 0.646484 0.101562 0.644531 0.099609
0 0.742188 0.109375 0.738281 0.113281 0.736328 0.113281 0.734375 0.115234 0.732422 0.115234 0.728516 0.119141 0.726562 0.119141 0.724609 0.121094 0.724609 0.123047 0.718750 0.128906 0.718750 0.130859 0.714844 0.134766 0.714844 0.136719 0.710938 0.140625 0.710938 0.154297 0.712891 0.154297 0.714844 0.156250 0.716797 0.156250 0.720703 0.160156 0.722656 0.160156 0.726562 0.164062 0.728516 0.164062 0.742188 0.177734 0.742188 0.179688 0.744141 0.181641 0.744141 0.183594 0.750000 0.183594 0.751953 0.181641 0.753906 0.181641 0.759766 0.175781 0.759766 0.173828 0.761719 0.171875 0.761719 0.167969 0.763672 0.166016 0.763672 0.164062 0.765625 0.162109 0.765625 0.160156 0.767578 0.158203 0.767578 0.156250 0.769531 0.154297 0.769531 0.148438 0.771484 0.146484 0.771484 0.132812 0.769531 0.130859 0.769531 0.125000 0.759766 0.115234 0.757812 0.115234 0.753906 0.111328 0.750000 0.111328 0.748047 0.109375
0 0.277344 0.121094 0.275391 0.123047 0.271484 0.123047 0.269531 0.125000 0.267578 0.125000 0.265625 0.126953 0.263672 0.126953 0.261719 0.128906 0.259766 0.128906 0.257812 0.130859 0.255859 0.130859 0.253906 0.132812 0.246094 0.132812 0.242188 0.136719 0.238281 0.136719 0.234375 0.140625 0.234375 0.142578 0.230469 0.146484 0.230469 0.148438 0.228516 0.150391 0.228516 0.158203 0.230469 0.160156 0.230469 0.162109 0.232422 0.164062 0.232422 0.166016 0.236328 0.169922 0.236328 0.171875 0.242188 0.177734 0.244141 0.177734 0.246094 0.179688 0.250000 0.179688 0.251953 0.181641 0.253906 0.181641 0.255859 0.183594 0.259766 0.183594 0.261719 0.185547 0.296875 0.185547 0.298828 0.183594 0.300781 0.183594 0.312500 0.171875 0.312500 0.169922 0.316406 0.166016 0.316406 0.164062 0.318359 0.162109 0.318359 0.142578 0.316406 0.140625 0.316406 0.138672 0.312500 0.134766 0.312500 0.132812 0.310547 0.132812 0.306641 0.128906 0.304688 0.128906 0.302734 0.126953 0.300781 0.126953 0.298828 0.125000 0.296875 0.125000 0.294922 0.123047 0.289062 0.123047 0.287109 0.121094
0 0.035156 0.128906 0.033203 0.130859 0.031250 0.130859 0.029297 0.132812 0.027344 0.132812 0.021484 0.138672 0.021484 0.140625 0.017578 0.144531 0.000000 0.144531 0.000000 0.185547 0.001953 0.185547 0.003906 0.187500 0.007812 0.187500 0.009766 0.189453 0.017578 0.189453 0.021484 0.185547 0.023438 0.185547 0.035156 0.173828 0.037109 0.173828 0.039062 0.171875 0.042969 0.171875 0.044922 0.169922 0.050781 0.169922 0.054688 0.166016 0.056641 0.166016 0.060547 0.162109 0.060547 0.160156 0.062500 0.158203 0.062500 0.148438 0.060547 0.146484 0.060547 0.140625 0.058594 0.138672 0.058594 0.136719 0.056641 0.134766 0.056641 0.132812 0.052734 0.128906
0 0.810547 0.132812 0.808594 0.134766 0.806641 0.134766 0.800781 0.140625 0.798828 0.140625 0.792969 0.146484 0.792969 0.148438 0.789062 0.152344 0.789062 0.154297 0.787109 0.156250 0.787109 0.160156 0.785156 0.162109 0.785156 0.171875 0.787109 0.173828 0.787109 0.177734 0.792969 0.183594 0.794922 0.183594 0.796875 0.185547 0.810547 0.185547 0.812500 0.183594 0.820312 0.183594 0.822266 0.181641 0.828125 0.181641 0.830078 0.179688 0.832031 0.179688 0.835938 0.175781 0.837891 0.175781 0.837891 0.173828 0.839844 0.171875 0.839844 0.169922 0.841797 0.167969 0.841797 0.166016 0.843750 0.164062 0.843750 0.160156 0.845703 0.158203 0.845703 0.140625 0.843750 0.138672 0.843750 0.136719 0.841797 0.134766 0.839844 0.134766 0.837891 0.132812
0 0.691406 0.152344 0.689453 0.154297 0.685547 0.154297 0.683594 0.156250 0.681641 0.156250 0.677734 0.160156 0.677734 0.162109 0.675781 0.164062 0.675781 0.189453 0.677734 0.191406 0.677734 0.193359 0.679688 0.195312 0.679688 0.197266 0.683594 0.201172 0.685547 0.201172 0.693359 0.208984 0.695312 0.208984 0.697266 0.210938 0.701172 0.210938 0.703125 0.212891 0.708984 0.212891 0.710938 0.214844 0.734375 0.214844 0.740234 0.208984 0.740234 0.207031 0.744141 0.203125 0.744141 0.187500 0.742188 0.185547 0.742188 0.181641 0.740234 0.179688 0.740234 0.177734 0.728516 0.166016 0.726562 0.166016 0.722656 0.162109 0.720703 0.162109 0.716797 0.158203 0.714844 0.158203 0.712891 0.156250 0.708984 0.156250 0.707031 0.154297 0.703125 0.154297 0.701172 0.152344
0 0.548828 0.156250 0.539062 0.166016 0.539062 0.167969 0.533203 0.173828 0.533203 0.175781 0.531250 0.177734 0.531250 0.181641 0.529297 0.183594 0.529297 0.195312 0.535156 0.201172 0.535156 0.203125 0.539062 0.207031 0.539062 0.208984 0.542969 0.212891 0.544922 0.212891 0.548828 0.216797 0.550781 0.216797 0.552734 0.218750 0.554688 0.218750 0.556641 0.220703 0.578125 0.220703 0.585938 0.212891 0.585938 0.210938 0.587891 0.208984 0.587891 0.207031 0.589844 0.205078 0.589844 0.189453 0.587891 0.187500 0.587891 0.181641 0.585938 0.179688 0.585938 0.177734 0.583984 0.177734 0.576172 0.169922 0.574219 0.169922 0.568359 0.164062 0.566406 0.164062 0.560547 0.158203 0.558594 0.158203 0.556641 0.156250
0 0.318359 0.177734 0.316406 0.179688 0.310547 0.179688 0.308594 0.181641 0.306641 0.181641 0.302734 0.185547 0.302734 0.191406 0.300781 0.193359 0.300781 0.220703 0.304688 0.224609 0.304688 0.226562 0.314453 0.236328 0.316406 0.236328 0.318359 0.238281 0.320312 0.238281 0.322266 0.240234 0.324219 0.240234 0.326172 0.242188 0.337891 0.242188 0.339844 0.240234 0.343750 0.240234 0.347656 0.236328 0.347656 0.234375 0.351562 0.230469 0.351562 0.222656 0.353516 0.220703 0.353516 0.201172 0.351562 0.199219 0.351562 0.197266 0.349609 0.195312 0.349609 0.193359 0.347656 0.191406 0.345703 0.191406 0.341797 0.187500 0.341797 0.185547 0.339844 0.185547 0.335938 0.181641 0.332031 0.181641 0.330078 0.179688 0.326172 0.179688 0.324219 0.177734
0 0.392578 0.205078 0.390625 0.207031 0.388672 0.207031 0.384766 0.210938 0.382812 0.210938 0.376953 0.216797 0.375000 0.216797 0.367188 0.224609 0.367188 0.236328 0.369141 0.236328 0.371094 0.238281 0.376953 0.238281 0.378906 0.240234 0.380859 0.240234 0.380859 0.234375 0.386719 0.228516 0.392578 0.228516 0.394531 0.226562 0.414062 0.226562 0.416016 0.228516 0.416016 0.220703 0.414062 0.218750 0.414062 0.216797 0.412109 0.214844 0.412109 0.212891 0.406250 0.207031 0.404297 0.207031 0.402344 0.205078
0 0.244141 0.207031 0.242188 0.208984 0.238281 0.208984 0.236328 0.210938 0.236328 0.212891 0.228516 0.220703 0.228516 0.222656 0.226562 0.224609 0.226562 0.228516 0.224609 0.230469 0.224609 0.255859 0.226562 0.257812 0.226562 0.259766 0.228516 0.261719 0.228516 0.263672 0.230469 0.265625 0.230469 0.267578 0.234375 0.271484 0.238281 0.271484 0.240234 0.273438 0.242188 0.273438 0.246094 0.277344 0.267578 0.277344 0.269531 0.275391 0.275391 0.275391 0.277344 0.273438 0.281250 0.273438 0.283203 0.271484 0.285156 0.271484 0.285156 0.269531 0.287109 0.267578 0.287109 0.265625 0.289062 0.263672 0.289062 0.255859 0.287109 0.253906 0.287109 0.244141 0.285156 0.242188 0.285156 0.238281 0.283203 0.236328 0.283203 0.230469 0.281250 0.228516 0.281250 0.224609 0.269531 0.212891 0.267578 0.212891 0.263672 0.208984 0.261719 0.208984 0.259766 0.207031
0 0.488281 0.210938 0.486328 0.212891 0.474609 0.212891 0.472656 0.214844 0.472656 0.216797 0.470703 0.218750 0.470703 0.220703 0.468750 0.222656 0.468750 0.224609 0.466797 0.226562 0.466797 0.240234 0.464844 0.242188 0.464844 0.253906 0.466797 0.255859 0.466797 0.261719 0.468750 0.263672 0.468750 0.265625 0.472656 0.269531 0.474609 0.269531 0.478516 0.273438 0.496094 0.273438 0.498047 0.271484 0.501953 0.271484 0.503906 0.269531 0.505859 0.269531 0.509766 0.265625 0.511719 0.265625 0.511719 0.263672 0.515625 0.259766 0.515625 0.257812 0.517578 0.255859 0.517578 0.251953 0.519531 0.250000 0.519531 0.246094 0.521484 0.244141 0.521484 0.224609 0.519531 0.222656 0.519531 0.214844 0.515625 0.210938
0 0.755859 0.230469 0.753906 0.232422 0.746094 0.232422 0.744141 0.234375 0.744141 0.236328 0.742188 0.238281 0.740234 0.238281 0.738281 0.240234 0.736328 0.240234 0.736328 0.242188 0.734375 0.244141 0.732422 0.244141 0.734375 0.246094 0.738281 0.246094 0.740234 0.248047 0.740234 0.250000 0.742188 0.250000 0.748047 0.255859 0.748047 0.257812 0.750000 0.259766 0.750000 0.261719 0.751953 0.263672 0.751953 0.265625 0.753906 0.265625 0.755859 0.267578 0.755859 0.271484 0.759766 0.275391 0.759766 0.277344 0.761719 0.279297 0.761719 0.285156 0.781250 0.285156 0.785156 0.281250 0.787109 0.281250 0.791016 0.277344 0.791016 0.275391 0.792969 0.273438 0.792969 0.248047 0.791016 0.246094 0.791016 0.244141 0.789062 0.242188 0.789062 0.238281 0.787109 0.236328 0.785156 0.236328 0.781250 0.232422 0.779297 0.232422 0.777344 0.230469
0 0.394531 0.228516 0.392578 0.230469 0.386719 0.230469 0.382812 0.234375 0.382812 0.251953 0.384766 0.253906 0.384766 0.259766 0.386719 0.261719 0.386719 0.263672 0.390625 0.267578 0.390625 0.269531 0.394531 0.273438 0.394531 0.275391 0.398438 0.279297 0.400391 0.279297 0.410156 0.289062 0.412109 0.289062 0.414062 0.291016 0.417969 0.291016 0.419922 0.292969 0.431641 0.292969 0.433594 0.291016 0.437500 0.291016 0.441406 0.287109 0.443359 0.287109 0.445312 0.285156 0.445312 0.283203 0.447266 0.281250 0.447266 0.250000 0.445312 0.248047 0.445312 0.242188 0.441406 0.238281 0.439453 0.238281 0.435547 0.234375 0.431641 0.234375 0.429688 0.232422 0.419922 0.232422 0.417969 0.230469 0.416016 0.230469 0.414062 0.228516
0 0.542969 0.244141 0.539062 0.248047 0.539062 0.251953 0.537109 0.253906 0.537109 0.265625 0.535156 0.267578 0.535156 0.273438 0.531250 0.277344 0.531250 0.279297 0.529297 0.281250 0.529297 0.291016 0.531250 0.292969 0.531250 0.294922 0.541016 0.304688 0.542969 0.304688 0.544922 0.306641 0.558594 0.306641 0.560547 0.304688 0.568359 0.304688 0.570312 0.302734 0.572266 0.302734 0.576172 0.298828 0.576172 0.296875 0.580078 0.292969 0.580078 0.267578 0.578125 0.265625 0.578125 0.263672 0.574219 0.259766 0.574219 0.257812 0.570312 0.253906 0.568359 0.253906 0.564453 0.250000 0.562500 0.250000 0.558594 0.246094 0.556641 0.246094 0.554688 0.244141
0 0.638672 0.244141 0.636719 0.246094 0.634766 0.246094 0.632812 0.248047 0.630859 0.248047 0.625000 0.253906 0.623047 0.253906 0.621094 0.255859 0.621094 0.257812 0.617188 0.261719 0.617188 0.283203 0.619141 0.285156 0.619141 0.291016 0.621094 0.292969 0.621094 0.294922 0.623047 0.296875 0.623047 0.298828 0.626953 0.302734 0.626953 0.304688 0.628906 0.306641 0.630859 0.306641 0.632812 0.308594 0.638672 0.308594 0.640625 0.310547 0.644531 0.310547 0.646484 0.312500 0.654297 0.312500 0.656250 0.310547 0.660156 0.310547 0.662109 0.308594 0.664062 0.308594 0.666016 0.306641 0.666016 0.304688 0.671875 0.298828 0.671875 0.294922 0.673828 0.292969 0.673828 0.289062 0.675781 0.287109 0.675781 0.267578 0.673828 0.265625 0.673828 0.261719 0.671875 0.259766 0.671875 0.257812 0.667969 0.253906 0.666016 0.253906 0.662109 0.250000 0.660156 0.250000 0.656250 0.246094 0.654297 0.246094 0.652344 0.244141
0 0.720703 0.246094 0.718750 0.248047 0.710938 0.248047 0.708984 0.250000 0.705078 0.250000 0.701172 0.253906 0.701172 0.257812 0.699219 0.259766 0.697266 0.259766 0.697266 0.265625 0.695312 0.267578 0.695312 0.269531 0.693359 0.271484 0.693359 0.294922 0.697266 0.298828 0.697266 0.300781 0.699219 0.300781 0.703125 0.304688 0.705078 0.304688 0.708984 0.308594 0.714844 0.308594 0.716797 0.310547 0.726562 0.310547 0.728516 0.308594 0.736328 0.308594 0.740234 0.304688 0.742188 0.304688 0.746094 0.300781 0.748047 0.300781 0.755859 0.292969 0.757812 0.292969 0.757812 0.289062 0.759766 0.287109 0.759766 0.279297 0.757812 0.277344 0.757812 0.275391 0.753906 0.271484 0.753906 0.267578 0.751953 0.267578 0.750000 0.265625 0.750000 0.263672 0.748047 0.261719 0.748047 0.259766 0.746094 0.257812 0.746094 0.255859 0.742188 0.251953 0.740234 0.251953 0.738281 0.250000 0.738281 0.248047 0.734375 0.248047 0.732422 0.246094
0 0.175781 0.248047 0.173828 0.250000 0.171875 0.250000 0.169922 0.251953 0.162109 0.251953 0.160156 0.253906 0.158203 0.253906 0.156250 0.255859 0.154297 0.255859 0.150391 0.259766 0.148438 0.259766 0.136719 0.271484 0.136719 0.285156 0.138672 0.287109 0.138672 0.292969 0.140625 0.292969 0.142578 0.294922 0.142578 0.298828 0.146484 0.302734 0.148438 0.302734 0.154297 0.308594 0.156250 0.308594 0.158203 0.310547 0.160156 0.310547 0.162109 0.312500 0.164062 0.312500 0.166016 0.314453 0.167969 0.314453 0.169922 0.316406 0.173828 0.316406 0.177734 0.320312 0.181641 0.320312 0.183594 0.318359 0.183594 0.316406 0.189453 0.310547 0.191406 0.310547 0.193359 0.308594 0.195312 0.308594 0.197266 0.306641 0.199219 0.306641 0.201172 0.304688 0.203125 0.304688 0.207031 0.300781 0.224609 0.300781 0.224609 0.285156 0.222656 0.283203 0.222656 0.275391 0.220703 0.273438 0.220703 0.269531 0.218750 0.267578 0.218750 0.265625 0.214844 0.261719 0.214844 0.259766 0.207031 0.251953 0.197266 0.251953 0.195312 0.250000 0.193359 0.250000 0.191406 0.248047
0 0.316406 0.273438 0.300781 0.289062 0.300781 0.291016 0.302734 0.292969 0.302734 0.296875 0.306641 0.300781 0.306641 0.302734 0.312500 0.308594 0.312500 0.310547 0.314453 0.312500 0.314453 0.314453 0.318359 0.318359 0.332031 0.318359 0.333984 0.316406 0.335938 0.316406 0.335938 0.308594 0.337891 0.306641 0.337891 0.304688 0.339844 0.302734 0.339844 0.300781 0.343750 0.296875 0.343750 0.294922 0.345703 0.292969 0.347656 0.292969 0.351562 0.289062 0.351562 0.287109 0.349609 0.285156 0.349609 0.283203 0.347656 0.283203 0.345703 0.281250 0.345703 0.279297 0.343750 0.277344 0.341797 0.277344 0.337891 0.273438
0 0.351562 0.291016 0.347656 0.294922 0.345703 0.294922 0.345703 0.296875 0.341797 0.300781 0.341797 0.302734 0.339844 0.304688 0.339844 0.306641 0.337891 0.308594 0.337891 0.328125 0.339844 0.330078 0.339844 0.332031 0.341797 0.333984 0.341797 0.335938 0.343750 0.337891 0.343750 0.339844 0.347656 0.343750 0.349609 0.343750 0.351562 0.345703 0.353516 0.345703 0.355469 0.347656 0.365234 0.347656 0.390625 0.322266 0.390625 0.308594 0.388672 0.306641 0.388672 0.304688 0.386719 0.304688 0.382812 0.300781 0.380859 0.300781 0.378906 0.298828 0.375000 0.298828 0.373047 0.296875 0.371094 0.296875 0.369141 0.294922 0.367188 0.294922 0.365234 0.292969 0.363281 0.292969 0.361328 0.291016
0 0.865234 0.292969 0.863281 0.294922 0.861328 0.294922 0.859375 0.296875 0.857422 0.296875 0.855469 0.298828 0.849609 0.298828 0.845703 0.302734 0.837891 0.302734 0.841797 0.306641 0.841797 0.308594 0.843750 0.310547 0.843750 0.312500 0.845703 0.314453 0.845703 0.320312 0.847656 0.322266 0.847656 0.343750 0.845703 0.345703 0.845703 0.347656 0.843750 0.349609 0.843750 0.351562 0.841797 0.353516 0.843750 0.353516 0.849609 0.359375 0.851562 0.359375 0.853516 0.361328 0.871094 0.361328 0.873047 0.359375 0.875000 0.359375 0.880859 0.353516 0.878906 0.351562 0.878906 0.332031 0.882812 0.328125 0.884766 0.328125 0.888672 0.324219 0.892578 0.324219 0.894531 0.322266 0.896484 0.322266 0.896484 0.296875 0.892578 0.292969
0 0.496094 0.298828 0.494141 0.300781 0.488281 0.300781 0.486328 0.302734 0.482422 0.302734 0.474609 0.310547 0.474609 0.312500 0.472656 0.314453 0.472656 0.339844 0.470703 0.341797 0.470703 0.343750 0.468750 0.345703 0.468750 0.347656 0.466797 0.349609 0.466797 0.351562 0.464844 0.353516 0.464844 0.355469 0.468750 0.359375 0.470703 0.359375 0.472656 0.361328 0.486328 0.361328 0.488281 0.359375 0.496094 0.359375 0.498047 0.357422 0.507812 0.357422 0.509766 0.355469 0.519531 0.355469 0.521484 0.353516 0.523438 0.353516 0.527344 0.349609 0.529297 0.349609 0.535156 0.343750 0.535156 0.320312 0.531250 0.316406 0.531250 0.314453 0.529297 0.312500 0.529297 0.310547 0.523438 0.304688 0.521484 0.304688 0.519531 0.302734 0.515625 0.302734 0.513672 0.300781 0.509766 0.300781 0.507812 0.298828
0 0.207031 0.302734 0.203125 0.306641 0.201172 0.306641 0.199219 0.308594 0.197266 0.308594 0.195312 0.310547 0.193359 0.310547 0.191406 0.312500 0.189453 0.312500 0.185547 0.316406 0.185547 0.318359 0.183594 0.320312 0.183594 0.322266 0.181641 0.324219 0.181641 0.343750 0.185547 0.347656 0.185547 0.349609 0.193359 0.357422 0.195312 0.357422 0.197266 0.359375 0.199219 0.359375 0.201172 0.361328 0.201172 0.363281 0.207031 0.363281 0.210938 0.367188 0.230469 0.367188 0.234375 0.363281 0.238281 0.363281 0.242188 0.359375 0.244141 0.359375 0.248047 0.355469 0.248047 0.353516 0.250000 0.351562 0.250000 0.349609 0.251953 0.347656 0.253906 0.347656 0.253906 0.326172 0.251953 0.324219 0.251953 0.318359 0.246094 0.312500 0.246094 0.310547 0.244141 0.310547 0.240234 0.306641 0.236328 0.306641 0.234375 0.304688 0.232422 0.304688 0.230469 0.302734
0 0.824219 0.302734 0.822266 0.304688 0.816406 0.304688 0.814453 0.306641 0.808594 0.306641 0.806641 0.308594 0.802734 0.308594 0.789062 0.322266 0.789062 0.324219 0.791016 0.324219 0.792969 0.326172 0.794922 0.326172 0.798828 0.330078 0.798828 0.337891 0.796875 0.339844 0.796875 0.341797 0.787109 0.351562 0.792969 0.357422 0.792969 0.359375 0.794922 0.359375 0.798828 0.363281 0.802734 0.363281 0.804688 0.365234 0.820312 0.365234 0.822266 0.363281 0.826172 0.363281 0.828125 0.361328 0.830078 0.361328 0.833984 0.357422 0.835938 0.357422 0.841797 0.351562 0.841797 0.349609 0.843750 0.347656 0.843750 0.345703 0.845703 0.343750 0.845703 0.322266 0.843750 0.320312 0.843750 0.314453 0.841797 0.312500 0.841797 0.310547 0.839844 0.308594 0.839844 0.306641 0.835938 0.302734
0 0.429688 0.306641 0.427734 0.308594 0.425781 0.308594 0.421875 0.312500 0.419922 0.312500 0.417969 0.314453 0.417969 0.318359 0.416016 0.320312 0.416016 0.328125 0.414062 0.330078 0.414062 0.347656 0.416016 0.349609 0.416016 0.351562 0.419922 0.355469 0.419922 0.357422 0.423828 0.361328 0.425781 0.361328 0.429688 0.365234 0.431641 0.365234 0.433594 0.367188 0.437500 0.367188 0.439453 0.369141 0.445312 0.369141 0.447266 0.367188 0.449219 0.367188 0.455078 0.361328 0.457031 0.361328 0.458984 0.359375 0.458984 0.357422 0.464844 0.351562 0.464844 0.349609 0.466797 0.347656 0.466797 0.345703 0.468750 0.343750 0.468750 0.341797 0.470703 0.339844 0.470703 0.314453 0.468750 0.312500 0.468750 0.310547 0.466797 0.310547 0.462891 0.306641
0 0.992188 0.308594 0.990234 0.310547 0.988281 0.310547 0.986328 0.312500 0.984375 0.312500 0.982422 0.314453 0.980469 0.314453 0.976562 0.318359 0.976562 0.320312 0.972656 0.324219 0.972656 0.343750 0.974609 0.345703 0.974609 0.347656 0.976562 0.349609 0.976562 0.351562 0.982422 0.357422 0.982422 0.359375 0.996094 0.359375 0.998047 0.361328 0.998047 0.310547 0.996094 0.308594
0 0.744141 0.318359 0.732422 0.330078 0.732422 0.349609 0.740234 0.357422 0.740234 0.359375 0.750000 0.369141 0.751953 0.369141 0.753906 0.371094 0.763672 0.371094 0.765625 0.369141 0.767578 0.369141 0.771484 0.365234 0.771484 0.363281 0.785156 0.349609 0.787109 0.349609 0.794922 0.341797 0.794922 0.339844 0.796875 0.337891 0.796875 0.330078 0.794922 0.328125 0.792969 0.328125 0.791016 0.326172 0.789062 0.326172 0.787109 0.324219 0.781250 0.324219 0.779297 0.322266 0.771484 0.322266 0.769531 0.320312 0.763672 0.320312 0.761719 0.318359
0 0.916016 0.322266 0.914062 0.324219 0.894531 0.324219 0.892578 0.326172 0.888672 0.326172 0.884766 0.330078 0.882812 0.330078 0.880859 0.332031 0.880859 0.351562 0.882812 0.353516 0.882812 0.355469 0.884766 0.357422 0.884766 0.359375 0.888672 0.363281 0.888672 0.365234 0.894531 0.371094 0.894531 0.373047 0.900391 0.378906 0.900391 0.380859 0.908203 0.388672 0.910156 0.388672 0.912109 0.390625 0.914062 0.390625 0.917969 0.394531 0.919922 0.394531 0.923828 0.398438 0.935547 0.398438 0.939453 0.394531 0.941406 0.394531 0.941406 0.392578 0.947266 0.386719 0.947266 0.384766 0.951172 0.380859 0.951172 0.378906 0.953125 0.376953 0.953125 0.375000 0.955078 0.373047 0.955078 0.369141 0.957031 0.367188 0.957031 0.365234 0.958984 0.363281 0.958984 0.359375 0.960938 0.357422 0.960938 0.345703 0.958984 0.343750 0.958984 0.337891 0.957031 0.335938 0.957031 0.333984 0.949219 0.326172 0.947266 0.326172 0.945312 0.324219 0.941406 0.324219 0.939453 0.322266
0 0.583984 0.332031 0.582031 0.333984 0.574219 0.333984 0.572266 0.335938 0.568359 0.335938 0.566406 0.337891 0.564453 0.337891 0.562500 0.339844 0.560547 0.339844 0.558594 0.341797 0.556641 0.341797 0.554688 0.343750 0.554688 0.345703 0.550781 0.349609 0.550781 0.351562 0.548828 0.353516 0.548828 0.355469 0.546875 0.357422 0.546875 0.369141 0.552734 0.369141 0.554688 0.371094 0.558594 0.371094 0.564453 0.376953 0.564453 0.384766 0.562500 0.386719 0.564453 0.388672 0.566406 0.388672 0.568359 0.390625 0.578125 0.390625 0.582031 0.386719 0.583984 0.386719 0.585938 0.384766 0.587891 0.384766 0.589844 0.382812 0.595703 0.382812 0.597656 0.380859 0.605469 0.380859 0.607422 0.378906 0.611328 0.378906 0.615234 0.375000 0.617188 0.375000 0.621094 0.371094 0.621094 0.369141 0.625000 0.365234 0.625000 0.363281 0.626953 0.361328 0.626953 0.347656 0.623047 0.343750 0.623047 0.341797 0.621094 0.339844 0.621094 0.337891 0.619141 0.337891 0.615234 0.333984 0.613281 0.333984 0.611328 0.332031
0 0.341797 0.349609 0.339844 0.351562 0.337891 0.351562 0.335938 0.353516 0.333984 0.353516 0.333984 0.355469 0.332031 0.357422 0.330078 0.357422 0.330078 0.359375 0.328125 0.361328 0.326172 0.361328 0.326172 0.363281 0.324219 0.365234 0.324219 0.367188 0.322266 0.369141 0.322266 0.378906 0.324219 0.380859 0.324219 0.384766 0.326172 0.386719 0.326172 0.392578 0.330078 0.396484 0.330078 0.398438 0.332031 0.400391 0.332031 0.402344 0.333984 0.404297 0.333984 0.406250 0.335938 0.406250 0.337891 0.408203 0.337891 0.410156 0.341797 0.414062 0.343750 0.414062 0.345703 0.416016 0.345703 0.417969 0.365234 0.417969 0.367188 0.416016 0.369141 0.416016 0.371094 0.414062 0.376953 0.414062 0.380859 0.410156 0.382812 0.410156 0.388672 0.404297 0.390625 0.404297 0.390625 0.400391 0.392578 0.398438 0.394531 0.398438 0.394531 0.394531 0.396484 0.392578 0.396484 0.390625 0.398438 0.388672 0.398438 0.375000 0.396484 0.373047 0.396484 0.371094 0.394531 0.369141 0.394531 0.367188 0.390625 0.363281 0.390625 0.361328 0.388672 0.361328 0.386719 0.359375 0.386719 0.357422 0.380859 0.357422 0.378906 0.355469 0.378906 0.353516 0.373047 0.353516 0.371094 0.351562 0.369141 0.351562 0.367188 0.349609
0 0.517578 0.371094 0.513672 0.375000 0.511719 0.375000 0.509766 0.376953 0.507812 0.376953 0.505859 0.378906 0.503906 0.378906 0.498047 0.384766 0.494141 0.384766 0.490234 0.388672 0.490234 0.400391 0.492188 0.402344 0.492188 0.404297 0.494141 0.406250 0.494141 0.408203 0.498047 0.412109 0.500000 0.412109 0.503906 0.416016 0.507812 0.416016 0.509766 0.417969 0.513672 0.417969 0.515625 0.419922 0.537109 0.419922 0.539062 0.417969 0.541016 0.417969 0.541016 0.416016 0.546875 0.410156 0.546875 0.408203 0.548828 0.406250 0.548828 0.404297 0.552734 0.400391 0.552734 0.398438 0.556641 0.394531 0.556641 0.392578 0.558594 0.390625 0.558594 0.388672 0.562500 0.384766 0.562500 0.376953 0.558594 0.373047 0.554688 0.373047 0.552734 0.371094
0 0.982422 0.361328 0.982422 0.363281 0.976562 0.369141 0.976562 0.371094 0.974609 0.373047 0.974609 0.375000 0.972656 0.376953 0.972656 0.378906 0.970703 0.380859 0.970703 0.386719 0.968750 0.388672 0.968750 0.400391 0.966797 0.402344 0.966797 0.412109 0.968750 0.414062 0.968750 0.417969 0.970703 0.419922 0.970703 0.421875 0.974609 0.425781 0.978516 0.425781 0.980469 0.427734 0.986328 0.427734 0.988281 0.429688 0.994141 0.429688 0.996094 0.431641 0.998047 0.431641 0.998047 0.363281 0.996094 0.361328
0 0.023438 0.371094 0.021484 0.373047 0.019531 0.373047 0.015625 0.376953 0.015625 0.378906 0.013672 0.380859 0.013672 0.384766 0.011719 0.386719 0.011719 0.406250 0.013672 0.408203 0.013672 0.410156 0.021484 0.417969 0.023438 0.417969 0.027344 0.421875 0.029297 0.421875 0.031250 0.423828 0.033203 0.423828 0.035156 0.425781 0.037109 0.425781 0.041016 0.429688 0.042969 0.429688 0.044922 0.431641 0.048828 0.431641 0.052734 0.427734 0.052734 0.419922 0.050781 0.419922 0.042969 0.412109 0.042969 0.408203 0.041016 0.406250 0.041016 0.396484 0.046875 0.390625 0.046875 0.386719 0.044922 0.384766 0.044922 0.382812 0.042969 0.380859 0.042969 0.378906 0.039062 0.375000 0.039062 0.373047 0.037109 0.373047 0.035156 0.371094
0 0.056641 0.386719 0.054688 0.388672 0.052734 0.388672 0.050781 0.390625 0.048828 0.390625 0.042969 0.396484 0.042969 0.406250 0.044922 0.408203 0.044922 0.412109 0.050781 0.417969 0.052734 0.417969 0.054688 0.419922 0.058594 0.419922 0.060547 0.417969 0.062500 0.417969 0.064453 0.416016 0.066406 0.416016 0.070312 0.412109 0.074219 0.412109 0.076172 0.410156 0.078125 0.410156 0.078125 0.408203 0.080078 0.406250 0.080078 0.398438 0.076172 0.394531 0.076172 0.392578 0.070312 0.386719
0 0.744141 0.390625 0.742188 0.392578 0.740234 0.392578 0.736328 0.396484 0.734375 0.396484 0.730469 0.400391 0.730469 0.402344 0.720703 0.412109 0.720703 0.414062 0.718750 0.416016 0.718750 0.421875 0.720703 0.423828 0.722656 0.423828 0.724609 0.425781 0.740234 0.425781 0.742188 0.423828 0.744141 0.423828 0.746094 0.421875 0.748047 0.421875 0.750000 0.419922 0.751953 0.419922 0.753906 0.417969 0.753906 0.416016 0.759766 0.410156 0.759766 0.408203 0.763672 0.404297 0.763672 0.394531 0.759766 0.390625
0 0.175781 0.384766 0.164062 0.396484 0.164062 0.398438 0.160156 0.402344 0.160156 0.417969 0.162109 0.419922 0.162109 0.423828 0.164062 0.425781 0.164062 0.427734 0.166016 0.429688 0.166016 0.431641 0.171875 0.437500 0.171875 0.439453 0.173828 0.439453 0.175781 0.441406 0.181641 0.441406 0.183594 0.443359 0.185547 0.443359 0.187500 0.445312 0.216797 0.445312 0.224609 0.437500 0.224609 0.435547 0.226562 0.433594 0.226562 0.417969 0.224609 0.416016 0.224609 0.412109 0.220703 0.408203 0.220703 0.406250 0.208984 0.394531 0.207031 0.394531 0.203125 0.390625 0.201172 0.390625 0.197266 0.386719 0.189453 0.386719 0.187500 0.384766
0 0.810547 0.382812 0.808594 0.384766 0.802734 0.384766 0.800781 0.386719 0.798828 0.386719 0.796875 0.388672 0.794922 0.388672 0.792969 0.390625 0.791016 0.390625 0.777344 0.404297 0.777344 0.406250 0.775391 0.408203 0.775391 0.412109 0.777344 0.414062 0.777344 0.419922 0.781250 0.423828 0.781250 0.425781 0.787109 0.431641 0.787109 0.433594 0.789062 0.435547 0.789062 0.441406 0.791016 0.443359 0.791016 0.447266 0.794922 0.451172 0.796875 0.451172 0.802734 0.457031 0.804688 0.457031 0.806641 0.458984 0.808594 0.458984 0.810547 0.460938 0.812500 0.460938 0.814453 0.462891 0.818359 0.462891 0.820312 0.464844 0.833984 0.464844 0.835938 0.462891 0.843750 0.462891 0.845703 0.460938 0.847656 0.460938 0.849609 0.458984 0.847656 0.457031 0.847656 0.455078 0.841797 0.449219 0.843750 0.447266 0.843750 0.445312 0.847656 0.441406 0.847656 0.439453 0.849609 0.437500 0.849609 0.435547 0.851562 0.433594 0.851562 0.431641 0.853516 0.429688 0.851562 0.427734 0.851562 0.421875 0.849609 0.419922 0.849609 0.417969 0.845703 0.414062 0.845703 0.412109 0.841797 0.408203 0.841797 0.406250 0.837891 0.402344 0.837891 0.400391 0.833984 0.396484 0.833984 0.394531 0.832031 0.394531 0.824219 0.386719 0.822266 0.386719 0.818359 0.382812
0 0.294922 0.402344 0.292969 0.404297 0.285156 0.404297 0.283203 0.406250 0.279297 0.406250 0.275391 0.410156 0.275391 0.416016 0.273438 0.417969 0.273438 0.431641 0.275391 0.433594 0.275391 0.435547 0.277344 0.437500 0.277344 0.439453 0.283203 0.445312 0.285156 0.445312 0.287109 0.447266 0.289062 0.447266 0.291016 0.449219 0.292969 0.449219 0.296875 0.453125 0.300781 0.453125 0.302734 0.455078 0.304688 0.455078 0.306641 0.457031 0.316406 0.457031 0.318359 0.455078 0.320312 0.455078 0.322266 0.453125 0.324219 0.453125 0.324219 0.451172 0.328125 0.447266 0.328125 0.445312 0.330078 0.443359 0.330078 0.441406 0.332031 0.439453 0.332031 0.425781 0.330078 0.423828 0.330078 0.421875 0.318359 0.410156 0.316406 0.410156 0.312500 0.406250 0.310547 0.406250 0.306641 0.402344
0 0.873047 0.421875 0.871094 0.423828 0.865234 0.423828 0.861328 0.427734 0.859375 0.427734 0.857422 0.429688 0.855469 0.429688 0.853516 0.431641 0.853516 0.433594 0.851562 0.435547 0.851562 0.437500 0.849609 0.439453 0.849609 0.441406 0.845703 0.445312 0.845703 0.447266 0.843750 0.449219 0.849609 0.455078 0.849609 0.457031 0.863281 0.470703 0.865234 0.470703 0.867188 0.472656 0.869141 0.472656 0.871094 0.474609 0.873047 0.474609 0.875000 0.476562 0.876953 0.476562 0.878906 0.478516 0.882812 0.478516 0.884766 0.480469 0.890625 0.480469 0.890625 0.478516 0.894531 0.474609 0.896484 0.474609 0.898438 0.472656 0.914062 0.472656 0.914062 0.470703 0.916016 0.468750 0.916016 0.464844 0.917969 0.462891 0.917969 0.457031 0.919922 0.455078 0.919922 0.441406 0.917969 0.439453 0.917969 0.435547 0.916016 0.433594 0.916016 0.431641 0.914062 0.429688 0.912109 0.429688 0.910156 0.427734 0.906250 0.427734 0.904297 0.425781 0.902344 0.425781 0.900391 0.423828 0.896484 0.423828 0.894531 0.421875
0 0.521484 0.443359 0.519531 0.445312 0.509766 0.445312 0.507812 0.447266 0.490234 0.447266 0.484375 0.453125 0.484375 0.455078 0.482422 0.457031 0.482422 0.458984 0.484375 0.458984 0.494141 0.468750 0.494141 0.482422 0.498047 0.482422 0.500000 0.484375 0.501953 0.484375 0.503906 0.486328 0.503906 0.484375 0.505859 0.482422 0.505859 0.480469 0.511719 0.474609 0.513672 0.474609 0.517578 0.470703 0.519531 0.470703 0.521484 0.468750 0.525391 0.468750 0.527344 0.466797 0.531250 0.466797 0.533203 0.464844 0.544922 0.464844 0.546875 0.462891 0.554688 0.462891 0.554688 0.458984 0.552734 0.457031 0.552734 0.455078 0.546875 0.449219 0.544922 0.449219 0.542969 0.447266 0.541016 0.447266 0.537109 0.443359
0 0.089844 0.447266 0.083984 0.453125 0.082031 0.453125 0.082031 0.474609 0.083984 0.476562 0.083984 0.482422 0.095703 0.494141 0.097656 0.494141 0.101562 0.498047 0.103516 0.498047 0.107422 0.501953 0.109375 0.501953 0.111328 0.503906 0.113281 0.503906 0.115234 0.505859 0.130859 0.505859 0.132812 0.503906 0.134766 0.503906 0.136719 0.501953 0.138672 0.501953 0.140625 0.500000 0.140625 0.498047 0.142578 0.496094 0.142578 0.486328 0.140625 0.484375 0.140625 0.468750 0.138672 0.466797 0.138672 0.464844 0.132812 0.458984 0.130859 0.458984 0.125000 0.453125 0.123047 0.453125 0.121094 0.451172 0.119141 0.451172 0.117188 0.449219 0.109375 0.449219 0.107422 0.447266
0 0.445312 0.449219 0.443359 0.451172 0.437500 0.451172 0.435547 0.453125 0.433594 0.453125 0.431641 0.455078 0.431641 0.457031 0.421875 0.466797 0.423828 0.466797 0.427734 0.470703 0.429688 0.470703 0.431641 0.472656 0.431641 0.474609 0.433594 0.476562 0.433594 0.482422 0.435547 0.484375 0.435547 0.492188 0.441406 0.498047 0.443359 0.498047 0.447266 0.501953 0.449219 0.501953 0.451172 0.503906 0.472656 0.503906 0.474609 0.501953 0.476562 0.501953 0.480469 0.498047 0.482422 0.498047 0.488281 0.492188 0.488281 0.490234 0.492188 0.486328 0.492188 0.468750 0.484375 0.460938 0.480469 0.460938 0.478516 0.458984 0.476562 0.458984 0.472656 0.455078 0.470703 0.455078 0.466797 0.451172 0.462891 0.451172 0.460938 0.449219
0 0.724609 0.449219 0.722656 0.451172 0.718750 0.451172 0.716797 0.453125 0.714844 0.453125 0.712891 0.455078 0.712891 0.458984 0.710938 0.460938 0.710938 0.470703 0.708984 0.472656 0.708984 0.476562 0.707031 0.478516 0.707031 0.488281 0.708984 0.490234 0.708984 0.498047 0.710938 0.500000 0.710938 0.501953 0.712891 0.503906 0.714844 0.503906 0.716797 0.505859 0.718750 0.505859 0.720703 0.507812 0.742188 0.507812 0.746094 0.503906 0.748047 0.503906 0.751953 0.500000 0.753906 0.500000 0.753906 0.498047 0.757812 0.494141 0.757812 0.492188 0.761719 0.488281 0.761719 0.486328 0.763672 0.484375 0.763672 0.482422 0.765625 0.480469 0.765625 0.478516 0.769531 0.474609 0.769531 0.462891 0.767578 0.460938 0.767578 0.458984 0.765625 0.457031 0.765625 0.455078 0.761719 0.451172 0.759766 0.451172 0.757812 0.449219
0 0.898438 0.474609 0.896484 0.476562 0.894531 0.476562 0.892578 0.478516 0.892578 0.486328 0.896484 0.490234 0.896484 0.492188 0.898438 0.494141 0.898438 0.496094 0.902344 0.496094 0.904297 0.498047 0.927734 0.498047 0.927734 0.482422 0.923828 0.478516 0.921875 0.478516 0.919922 0.476562 0.916016 0.476562 0.914062 0.474609
0 0.951172 0.457031 0.949219 0.458984 0.947266 0.458984 0.945312 0.460938 0.943359 0.460938 0.941406 0.462891 0.939453 0.462891 0.935547 0.466797 0.935547 0.468750 0.933594 0.470703 0.933594 0.474609 0.931641 0.476562 0.931641 0.478516 0.929688 0.480469 0.929688 0.501953 0.931641 0.503906 0.931641 0.505859 0.937500 0.511719 0.939453 0.511719 0.943359 0.515625 0.949219 0.515625 0.951172 0.517578 0.970703 0.517578 0.972656 0.515625 0.974609 0.515625 0.986328 0.503906 0.986328 0.501953 0.988281 0.500000 0.988281 0.478516 0.986328 0.476562 0.986328 0.470703 0.982422 0.466797 0.982422 0.464844 0.980469 0.464844 0.974609 0.458984 0.970703 0.458984 0.968750 0.457031
0 0.046875 0.460938 0.044922 0.462891 0.039062 0.462891 0.033203 0.468750 0.031250 0.468750 0.021484 0.478516 0.019531 0.478516 0.017578 0.480469 0.015625 0.480469 0.011719 0.484375 0.009766 0.484375 0.009766 0.486328 0.007812 0.488281 0.007812 0.492188 0.005859 0.494141 0.005859 0.501953 0.007812 0.503906 0.007812 0.507812 0.009766 0.509766 0.009766 0.511719 0.015625 0.517578 0.017578 0.517578 0.019531 0.519531 0.023438 0.519531 0.025391 0.521484 0.031250 0.521484 0.033203 0.523438 0.037109 0.523438 0.039062 0.521484 0.042969 0.521484 0.046875 0.517578 0.048828 0.517578 0.052734 0.513672 0.054688 0.513672 0.060547 0.507812 0.062500 0.507812 0.070312 0.500000 0.070312 0.498047 0.072266 0.496094 0.072266 0.478516 0.070312 0.476562 0.070312 0.470703 0.062500 0.462891 0.056641 0.462891 0.054688 0.460938
0 0.400391 0.468750 0.398438 0.470703 0.390625 0.470703 0.388672 0.472656 0.384766 0.472656 0.382812 0.474609 0.384766 0.474609 0.386719 0.476562 0.388672 0.476562 0.390625 0.478516 0.392578 0.478516 0.400391 0.486328 0.400391 0.488281 0.402344 0.490234 0.402344 0.492188 0.404297 0.494141 0.404297 0.515625 0.402344 0.517578 0.404297 0.517578 0.406250 0.515625 0.410156 0.515625 0.412109 0.513672 0.417969 0.513672 0.421875 0.509766 0.423828 0.509766 0.429688 0.503906 0.429688 0.501953 0.431641 0.500000 0.431641 0.496094 0.433594 0.494141 0.433594 0.484375 0.431641 0.482422 0.431641 0.476562 0.429688 0.474609 0.429688 0.472656 0.427734 0.472656 0.423828 0.468750
0 0.230469 0.472656 0.228516 0.474609 0.226562 0.474609 0.226562 0.488281 0.224609 0.490234 0.224609 0.496094 0.226562 0.498047 0.226562 0.505859 0.228516 0.507812 0.228516 0.511719 0.230469 0.513672 0.230469 0.515625 0.238281 0.523438 0.240234 0.523438 0.244141 0.527344 0.246094 0.527344 0.248047 0.529297 0.261719 0.529297 0.263672 0.527344 0.265625 0.527344 0.267578 0.525391 0.269531 0.525391 0.271484 0.523438 0.273438 0.523438 0.285156 0.511719 0.285156 0.509766 0.289062 0.505859 0.289062 0.494141 0.287109 0.492188 0.287109 0.490234 0.283203 0.486328 0.281250 0.486328 0.279297 0.484375 0.277344 0.484375 0.275391 0.482422 0.273438 0.482422 0.271484 0.480469 0.269531 0.480469 0.267578 0.478516 0.265625 0.478516 0.263672 0.476562 0.257812 0.476562 0.255859 0.474609 0.248047 0.474609 0.246094 0.472656
0 0.546875 0.464844 0.544922 0.466797 0.533203 0.466797 0.531250 0.468750 0.527344 0.468750 0.525391 0.470703 0.521484 0.470703 0.519531 0.472656 0.517578 0.472656 0.513672 0.476562 0.511719 0.476562 0.507812 0.480469 0.507812 0.482422 0.505859 0.484375 0.505859 0.517578 0.509766 0.521484 0.509766 0.523438 0.513672 0.527344 0.537109 0.527344 0.539062 0.529297 0.541016 0.529297 0.546875 0.523438 0.546875 0.521484 0.550781 0.517578 0.550781 0.515625 0.554688 0.511719 0.554688 0.509766 0.564453 0.500000 0.566406 0.500000 0.570312 0.496094 0.572266 0.496094 0.574219 0.494141 0.576172 0.494141 0.580078 0.490234 0.582031 0.490234 0.583984 0.488281 0.585938 0.488281 0.593750 0.480469 0.593750 0.474609 0.583984 0.464844
0 0.353516 0.472656 0.343750 0.482422 0.339844 0.482422 0.337891 0.484375 0.335938 0.484375 0.330078 0.490234 0.330078 0.503906 0.332031 0.505859 0.332031 0.511719 0.337891 0.517578 0.337891 0.519531 0.343750 0.525391 0.345703 0.525391 0.349609 0.529297 0.353516 0.529297 0.355469 0.531250 0.359375 0.531250 0.361328 0.533203 0.384766 0.533203 0.386719 0.531250 0.388672 0.531250 0.390625 0.529297 0.392578 0.529297 0.392578 0.527344 0.400391 0.519531 0.400391 0.517578 0.402344 0.515625 0.402344 0.494141 0.400391 0.492188 0.400391 0.490234 0.398438 0.488281 0.398438 0.486328 0.392578 0.480469 0.390625 0.480469 0.388672 0.478516 0.386719 0.478516 0.384766 0.476562 0.382812 0.476562 0.380859 0.474609 0.378906 0.474609 0.376953 0.472656
0 0.857422 0.482422 0.855469 0.484375 0.851562 0.484375 0.849609 0.486328 0.847656 0.486328 0.843750 0.490234 0.841797 0.490234 0.839844 0.492188 0.837891 0.492188 0.833984 0.496094 0.832031 0.496094 0.830078 0.498047 0.830078 0.500000 0.828125 0.501953 0.828125 0.517578 0.830078 0.519531 0.830078 0.523438 0.832031 0.525391 0.832031 0.527344 0.835938 0.531250 0.835938 0.533203 0.837891 0.535156 0.839844 0.535156 0.841797 0.537109 0.843750 0.537109 0.845703 0.539062 0.869141 0.539062 0.871094 0.537109 0.876953 0.537109 0.882812 0.531250 0.882812 0.529297 0.888672 0.523438 0.888672 0.521484 0.892578 0.517578 0.892578 0.515625 0.894531 0.513672 0.894531 0.511719 0.896484 0.509766 0.896484 0.494141 0.894531 0.492188 0.894531 0.490234 0.886719 0.482422
0 0.583984 0.517578 0.582031 0.519531 0.580078 0.519531 0.580078 0.521484 0.576172 0.525391 0.576172 0.527344 0.574219 0.529297 0.574219 0.537109 0.572266 0.539062 0.572266 0.544922 0.570312 0.546875 0.570312 0.578125 0.572266 0.580078 0.572266 0.582031 0.578125 0.587891 0.580078 0.587891 0.583984 0.583984 0.585938 0.583984 0.587891 0.582031 0.589844 0.582031 0.601562 0.570312 0.603516 0.570312 0.611328 0.562500 0.615234 0.562500 0.619141 0.558594 0.621094 0.558594 0.625000 0.554688 0.625000 0.552734 0.626953 0.550781 0.626953 0.539062 0.625000 0.537109 0.625000 0.531250 0.617188 0.523438 0.613281 0.523438 0.609375 0.519531 0.605469 0.519531 0.603516 0.517578
0 0.507812 0.529297 0.505859 0.531250 0.500000 0.531250 0.498047 0.533203 0.490234 0.533203 0.488281 0.535156 0.486328 0.535156 0.486328 0.542969 0.484375 0.544922 0.484375 0.548828 0.486328 0.550781 0.486328 0.556641 0.490234 0.560547 0.490234 0.562500 0.492188 0.564453 0.492188 0.566406 0.494141 0.568359 0.494141 0.570312 0.496094 0.570312 0.503906 0.578125 0.507812 0.578125 0.509766 0.580078 0.542969 0.580078 0.544922 0.578125 0.548828 0.578125 0.552734 0.574219 0.552734 0.552734 0.550781 0.550781 0.550781 0.544922 0.548828 0.542969 0.548828 0.539062 0.542969 0.533203 0.541016 0.533203 0.537109 0.529297
0 0.916016 0.531250 0.914062 0.533203 0.908203 0.533203 0.906250 0.535156 0.904297 0.535156 0.894531 0.544922 0.894531 0.550781 0.892578 0.552734 0.892578 0.554688 0.890625 0.556641 0.890625 0.558594 0.888672 0.560547 0.888672 0.562500 0.890625 0.564453 0.890625 0.570312 0.896484 0.576172 0.896484 0.578125 0.900391 0.582031 0.900391 0.583984 0.908203 0.591797 0.910156 0.591797 0.912109 0.593750 0.935547 0.593750 0.945312 0.583984 0.945312 0.580078 0.947266 0.578125 0.947266 0.574219 0.949219 0.572266 0.949219 0.550781 0.947266 0.548828 0.947266 0.544922 0.945312 0.542969 0.945312 0.541016 0.939453 0.535156 0.937500 0.535156 0.933594 0.531250
0 0.990234 0.525391 0.986328 0.529297 0.984375 0.529297 0.984375 0.531250 0.980469 0.535156 0.980469 0.537109 0.978516 0.539062 0.978516 0.541016 0.976562 0.542969 0.976562 0.568359 0.978516 0.570312 0.978516 0.574219 0.980469 0.576172 0.980469 0.578125 0.984375 0.582031 0.984375 0.583984 0.988281 0.587891 0.988281 0.589844 0.992188 0.593750 0.994141 0.593750 0.998047 0.597656 0.998047 0.527344 0.996094 0.525391
0 0.000000 0.544922 0.000000 0.599609 0.003906 0.599609 0.005859 0.597656 0.019531 0.597656 0.021484 0.595703 0.023438 0.595703 0.029297 0.589844 0.031250 0.589844 0.033203 0.587891 0.033203 0.585938 0.035156 0.583984 0.035156 0.582031 0.044922 0.572266 0.044922 0.566406 0.042969 0.564453 0.042969 0.560547 0.039062 0.556641 0.037109 0.556641 0.033203 0.552734 0.031250 0.552734 0.029297 0.550781 0.027344 0.550781 0.025391 0.548828 0.021484 0.548828 0.019531 0.546875 0.011719 0.546875 0.009766 0.544922
0 0.345703 0.556641 0.343750 0.558594 0.332031 0.558594 0.330078 0.560547 0.324219 0.560547 0.324219 0.562500 0.328125 0.566406 0.328125 0.568359 0.330078 0.570312 0.330078 0.572266 0.332031 0.574219 0.332031 0.578125 0.333984 0.580078 0.333984 0.585938 0.335938 0.587891 0.335938 0.609375 0.339844 0.609375 0.341797 0.611328 0.367188 0.611328 0.369141 0.609375 0.371094 0.609375 0.380859 0.599609 0.380859 0.597656 0.382812 0.595703 0.382812 0.576172 0.380859 0.574219 0.380859 0.572266 0.376953 0.568359 0.376953 0.566406 0.373047 0.562500 0.371094 0.562500 0.367188 0.558594 0.361328 0.558594 0.359375 0.556641
0 0.283203 0.554688 0.281250 0.556641 0.275391 0.556641 0.273438 0.558594 0.269531 0.558594 0.267578 0.560547 0.267578 0.562500 0.263672 0.566406 0.263672 0.568359 0.261719 0.570312 0.261719 0.572266 0.263672 0.574219 0.263672 0.585938 0.265625 0.587891 0.265625 0.589844 0.267578 0.591797 0.267578 0.593750 0.273438 0.599609 0.273438 0.601562 0.285156 0.613281 0.287109 0.613281 0.289062 0.615234 0.291016 0.615234 0.294922 0.619141 0.298828 0.619141 0.300781 0.621094 0.304688 0.621094 0.306641 0.623047 0.322266 0.623047 0.324219 0.621094 0.326172 0.621094 0.330078 0.617188 0.330078 0.615234 0.332031 0.613281 0.332031 0.609375 0.333984 0.607422 0.333984 0.587891 0.332031 0.585938 0.332031 0.580078 0.330078 0.578125 0.330078 0.574219 0.328125 0.572266 0.328125 0.570312 0.326172 0.568359 0.326172 0.566406 0.322266 0.562500 0.322266 0.560547 0.320312 0.560547 0.318359 0.558594 0.316406 0.558594 0.314453 0.556641 0.312500 0.556641 0.310547 0.554688
0 0.783203 0.552734 0.781250 0.554688 0.775391 0.554688 0.773438 0.556641 0.771484 0.556641 0.767578 0.560547 0.765625 0.560547 0.755859 0.570312 0.755859 0.572266 0.753906 0.574219 0.753906 0.591797 0.755859 0.593750 0.755859 0.599609 0.757812 0.601562 0.757812 0.603516 0.759766 0.605469 0.759766 0.607422 0.761719 0.609375 0.761719 0.611328 0.763672 0.613281 0.763672 0.615234 0.769531 0.621094 0.771484 0.621094 0.773438 0.623047 0.789062 0.623047 0.791016 0.621094 0.798828 0.621094 0.800781 0.619141 0.806641 0.619141 0.808594 0.617188 0.814453 0.617188 0.822266 0.609375 0.822266 0.607422 0.824219 0.605469 0.824219 0.585938 0.822266 0.583984 0.822266 0.580078 0.820312 0.578125 0.820312 0.576172 0.814453 0.570312 0.814453 0.568359 0.808594 0.562500 0.808594 0.560547 0.802734 0.554688 0.800781 0.554688 0.798828 0.552734
0 0.421875 0.556641 0.417969 0.560547 0.416016 0.560547 0.400391 0.576172 0.400391 0.597656 0.402344 0.599609 0.402344 0.603516 0.404297 0.605469 0.404297 0.607422 0.414062 0.617188 0.416016 0.617188 0.417969 0.619141 0.419922 0.619141 0.421875 0.621094 0.423828 0.621094 0.427734 0.625000 0.439453 0.625000 0.441406 0.623047 0.443359 0.623047 0.451172 0.615234 0.451172 0.613281 0.455078 0.609375 0.455078 0.605469 0.457031 0.603516 0.457031 0.601562 0.458984 0.599609 0.458984 0.580078 0.457031 0.578125 0.457031 0.572266 0.451172 0.566406 0.451172 0.564453 0.449219 0.562500 0.447266 0.562500 0.443359 0.558594 0.441406 0.558594 0.439453 0.556641
0 0.625000 0.574219 0.623047 0.576172 0.613281 0.576172 0.611328 0.578125 0.609375 0.578125 0.607422 0.580078 0.605469 0.580078 0.603516 0.582031 0.601562 0.582031 0.599609 0.583984 0.599609 0.585938 0.597656 0.587891 0.597656 0.591797 0.595703 0.593750 0.595703 0.603516 0.597656 0.605469 0.597656 0.607422 0.599609 0.609375 0.601562 0.609375 0.603516 0.611328 0.603516 0.613281 0.605469 0.613281 0.607422 0.615234 0.626953 0.615234 0.628906 0.613281 0.636719 0.613281 0.638672 0.611328 0.642578 0.611328 0.646484 0.607422 0.648438 0.607422 0.650391 0.605469 0.650391 0.603516 0.652344 0.601562 0.652344 0.591797 0.650391 0.589844 0.650391 0.587891 0.640625 0.578125 0.638672 0.578125 0.636719 0.576172 0.634766 0.576172 0.632812 0.574219
0 0.865234 0.568359 0.863281 0.570312 0.853516 0.570312 0.851562 0.572266 0.841797 0.572266 0.841797 0.576172 0.839844 0.578125 0.839844 0.591797 0.841797 0.593750 0.841797 0.599609 0.843750 0.601562 0.843750 0.603516 0.845703 0.605469 0.845703 0.607422 0.847656 0.609375 0.847656 0.613281 0.849609 0.615234 0.849609 0.630859 0.853516 0.634766 0.853516 0.636719 0.855469 0.636719 0.859375 0.640625 0.861328 0.640625 0.863281 0.642578 0.873047 0.642578 0.875000 0.640625 0.886719 0.640625 0.888672 0.638672 0.894531 0.638672 0.904297 0.628906 0.904297 0.626953 0.906250 0.625000 0.906250 0.623047 0.908203 0.621094 0.908203 0.599609 0.906250 0.597656 0.906250 0.595703 0.904297 0.593750 0.904297 0.591797 0.902344 0.589844 0.902344 0.587891 0.898438 0.583984 0.898438 0.582031 0.894531 0.578125 0.894531 0.576172 0.890625 0.572266 0.888672 0.572266 0.886719 0.570312 0.878906 0.570312 0.876953 0.568359
0 0.048828 0.570312 0.037109 0.582031 0.037109 0.583984 0.035156 0.585938 0.035156 0.623047 0.037109 0.625000 0.037109 0.630859 0.039062 0.632812 0.039062 0.634766 0.048828 0.644531 0.050781 0.644531 0.054688 0.648438 0.056641 0.648438 0.058594 0.650391 0.060547 0.650391 0.062500 0.652344 0.064453 0.652344 0.066406 0.654297 0.076172 0.654297 0.078125 0.652344 0.078125 0.650391 0.080078 0.648438 0.080078 0.642578 0.083984 0.638672 0.083984 0.634766 0.085938 0.632812 0.085938 0.630859 0.087891 0.628906 0.087891 0.626953 0.091797 0.623047 0.091797 0.619141 0.093750 0.617188 0.093750 0.607422 0.091797 0.605469 0.091797 0.599609 0.087891 0.595703 0.087891 0.593750 0.076172 0.582031 0.074219 0.582031 0.068359 0.576172 0.064453 0.576172 0.062500 0.574219 0.058594 0.574219 0.056641 0.572266 0.052734 0.572266 0.050781 0.570312
0 0.205078 0.595703 0.203125 0.597656 0.201172 0.597656 0.199219 0.599609 0.197266 0.599609 0.191406 0.605469 0.191406 0.607422 0.187500 0.611328 0.187500 0.615234 0.189453 0.617188 0.189453 0.626953 0.191406 0.628906 0.191406 0.630859 0.195312 0.634766 0.195312 0.636719 0.197266 0.636719 0.201172 0.640625 0.203125 0.640625 0.208984 0.646484 0.210938 0.646484 0.212891 0.648438 0.222656 0.648438 0.224609 0.646484 0.230469 0.646484 0.232422 0.644531 0.234375 0.644531 0.246094 0.632812 0.248047 0.632812 0.250000 0.630859 0.250000 0.628906 0.251953 0.626953 0.253906 0.626953 0.253906 0.625000 0.259766 0.619141 0.259766 0.611328 0.257812 0.609375 0.257812 0.607422 0.253906 0.603516 0.251953 0.603516 0.250000 0.601562 0.246094 0.601562 0.244141 0.599609 0.236328 0.599609 0.234375 0.597656 0.216797 0.597656 0.214844 0.595703
0 0.488281 0.607422 0.480469 0.615234 0.480469 0.617188 0.476562 0.621094 0.476562 0.632812 0.480469 0.636719 0.480469 0.638672 0.486328 0.644531 0.490234 0.644531 0.492188 0.646484 0.498047 0.646484 0.500000 0.648438 0.505859 0.648438 0.507812 0.650391 0.523438 0.650391 0.525391 0.648438 0.527344 0.648438 0.529297 0.646484 0.531250 0.646484 0.533203 0.644531 0.533203 0.642578 0.535156 0.640625 0.537109 0.640625 0.537109 0.638672 0.544922 0.630859 0.544922 0.628906 0.546875 0.626953 0.546875 0.617188 0.544922 0.615234 0.544922 0.613281 0.539062 0.607422 0.519531 0.607422 0.517578 0.609375 0.507812 0.609375 0.505859 0.607422
0 0.367188 0.623047 0.363281 0.626953 0.361328 0.626953 0.359375 0.628906 0.359375 0.640625 0.361328 0.640625 0.363281 0.642578 0.367188 0.642578 0.373047 0.648438 0.375000 0.648438 0.380859 0.654297 0.380859 0.656250 0.382812 0.658203 0.382812 0.660156 0.384766 0.662109 0.394531 0.662109 0.396484 0.660156 0.400391 0.660156 0.402344 0.658203 0.404297 0.658203 0.410156 0.652344 0.410156 0.646484 0.408203 0.644531 0.408203 0.640625 0.398438 0.630859 0.396484 0.630859 0.392578 0.626953 0.390625 0.626953 0.386719 0.623047
0 0.697266 0.617188 0.695312 0.619141 0.693359 0.619141 0.687500 0.625000 0.687500 0.628906 0.685547 0.630859 0.685547 0.632812 0.683594 0.634766 0.683594 0.644531 0.685547 0.646484 0.685547 0.650391 0.687500 0.652344 0.687500 0.656250 0.689453 0.658203 0.689453 0.660156 0.691406 0.662109 0.691406 0.664062 0.699219 0.671875 0.701172 0.671875 0.705078 0.675781 0.707031 0.675781 0.708984 0.677734 0.710938 0.677734 0.710938 0.671875 0.712891 0.669922 0.712891 0.667969 0.716797 0.664062 0.716797 0.662109 0.720703 0.658203 0.720703 0.656250 0.726562 0.650391 0.728516 0.650391 0.730469 0.648438 0.732422 0.648438 0.732422 0.638672 0.730469 0.636719 0.730469 0.632812 0.726562 0.628906 0.726562 0.626953 0.724609 0.625000 0.724609 0.623047 0.722656 0.621094 0.720703 0.621094 0.718750 0.619141 0.716797 0.619141 0.714844 0.617188
0 0.949219 0.619141 0.947266 0.621094 0.945312 0.621094 0.943359 0.623047 0.941406 0.623047 0.939453 0.625000 0.939453 0.630859 0.937500 0.632812 0.937500 0.638672 0.935547 0.640625 0.935547 0.664062 0.937500 0.666016 0.937500 0.667969 0.949219 0.679688 0.951172 0.679688 0.955078 0.683594 0.957031 0.683594 0.958984 0.685547 0.976562 0.685547 0.978516 0.683594 0.978516 0.681641 0.982422 0.677734 0.982422 0.675781 0.984375 0.673828 0.984375 0.669922 0.986328 0.667969 0.986328 0.654297 0.984375 0.652344 0.984375 0.646484 0.982422 0.644531 0.982422 0.642578 0.980469 0.640625 0.980469 0.638672 0.978516 0.636719 0.978516 0.634766 0.976562 0.632812 0.976562 0.630859 0.968750 0.623047 0.966797 0.623047 0.962891 0.619141
0 0.146484 0.621094 0.144531 0.623047 0.138672 0.623047 0.136719 0.625000 0.134766 0.625000 0.130859 0.628906 0.128906 0.628906 0.117188 0.640625 0.117188 0.642578 0.111328 0.648438 0.111328 0.664062 0.113281 0.666016 0.113281 0.667969 0.121094 0.675781 0.123047 0.675781 0.132812 0.685547 0.134766 0.685547 0.136719 0.687500 0.146484 0.687500 0.148438 0.685547 0.150391 0.685547 0.154297 0.681641 0.156250 0.681641 0.160156 0.677734 0.160156 0.675781 0.167969 0.667969 0.167969 0.666016 0.169922 0.664062 0.169922 0.644531 0.167969 0.642578 0.167969 0.640625 0.164062 0.636719 0.164062 0.634766 0.160156 0.630859 0.160156 0.628906 0.152344 0.621094
0 0.810547 0.634766 0.808594 0.636719 0.800781 0.636719 0.796875 0.640625 0.794922 0.640625 0.792969 0.642578 0.791016 0.642578 0.789062 0.644531 0.789062 0.646484 0.787109 0.648438 0.787109 0.650391 0.785156 0.652344 0.785156 0.656250 0.783203 0.658203 0.783203 0.673828 0.785156 0.675781 0.785156 0.679688 0.787109 0.681641 0.787109 0.683594 0.798828 0.695312 0.800781 0.695312 0.804688 0.699219 0.806641 0.699219 0.808594 0.701172 0.816406 0.701172 0.818359 0.703125 0.824219 0.703125 0.826172 0.701172 0.828125 0.701172 0.830078 0.699219 0.832031 0.699219 0.832031 0.697266 0.835938 0.693359 0.835938 0.691406 0.839844 0.687500 0.839844 0.685547 0.841797 0.683594 0.841797 0.677734 0.843750 0.675781 0.843750 0.656250 0.841797 0.654297 0.841797 0.652344 0.839844 0.650391 0.839844 0.648438 0.837891 0.646484 0.837891 0.644531 0.832031 0.638672 0.828125 0.638672 0.826172 0.636719 0.820312 0.636719 0.818359 0.634766
0 0.339844 0.642578 0.337891 0.644531 0.333984 0.644531 0.332031 0.646484 0.324219 0.646484 0.322266 0.648438 0.320312 0.648438 0.318359 0.650391 0.316406 0.650391 0.314453 0.652344 0.312500 0.652344 0.308594 0.656250 0.308594 0.660156 0.318359 0.660156 0.320312 0.662109 0.324219 0.662109 0.326172 0.664062 0.328125 0.664062 0.335938 0.671875 0.335938 0.673828 0.339844 0.677734 0.339844 0.679688 0.341797 0.681641 0.341797 0.693359 0.339844 0.695312 0.339844 0.697266 0.337891 0.699219 0.355469 0.699219 0.357422 0.697266 0.361328 0.697266 0.365234 0.693359 0.369141 0.693359 0.373047 0.689453 0.375000 0.689453 0.382812 0.681641 0.382812 0.662109 0.380859 0.660156 0.380859 0.658203 0.378906 0.656250 0.378906 0.654297 0.375000 0.650391 0.373047 0.650391 0.367188 0.644531 0.363281 0.644531 0.361328 0.642578
0 0.734375 0.648438 0.732422 0.650391 0.730469 0.650391 0.728516 0.652344 0.726562 0.652344 0.722656 0.656250 0.722656 0.658203 0.718750 0.662109 0.718750 0.664062 0.714844 0.667969 0.714844 0.669922 0.712891 0.671875 0.712891 0.687500 0.714844 0.689453 0.716797 0.689453 0.718750 0.691406 0.720703 0.691406 0.722656 0.693359 0.724609 0.693359 0.726562 0.695312 0.732422 0.695312 0.734375 0.697266 0.751953 0.697266 0.753906 0.695312 0.757812 0.695312 0.759766 0.693359 0.761719 0.693359 0.763672 0.691406 0.765625 0.691406 0.771484 0.685547 0.771484 0.683594 0.773438 0.681641 0.773438 0.679688 0.777344 0.675781 0.777344 0.654297 0.775391 0.652344 0.773438 0.652344 0.771484 0.650391 0.765625 0.650391 0.763672 0.648438
0 0.886719 0.654297 0.886719 0.656250 0.882812 0.660156 0.882812 0.662109 0.878906 0.666016 0.878906 0.691406 0.880859 0.693359 0.880859 0.695312 0.882812 0.697266 0.882812 0.699219 0.886719 0.703125 0.886719 0.705078 0.888672 0.705078 0.892578 0.708984 0.894531 0.708984 0.896484 0.710938 0.916016 0.710938 0.917969 0.708984 0.921875 0.708984 0.925781 0.705078 0.925781 0.703125 0.929688 0.699219 0.929688 0.697266 0.931641 0.695312 0.931641 0.691406 0.933594 0.689453 0.933594 0.679688 0.931641 0.677734 0.931641 0.671875 0.925781 0.666016 0.925781 0.664062 0.919922 0.658203 0.917969 0.658203 0.914062 0.654297
0 0.292969 0.662109 0.291016 0.664062 0.289062 0.664062 0.281250 0.671875 0.281250 0.675781 0.279297 0.677734 0.279297 0.679688 0.277344 0.681641 0.277344 0.683594 0.275391 0.685547 0.275391 0.699219 0.277344 0.701172 0.277344 0.705078 0.281250 0.708984 0.281250 0.710938 0.285156 0.714844 0.316406 0.714844 0.318359 0.712891 0.322266 0.712891 0.324219 0.710938 0.326172 0.710938 0.335938 0.701172 0.335938 0.699219 0.337891 0.697266 0.337891 0.695312 0.339844 0.693359 0.339844 0.681641 0.337891 0.679688 0.337891 0.677734 0.333984 0.673828 0.333984 0.671875 0.328125 0.666016 0.326172 0.666016 0.324219 0.664062 0.320312 0.664062 0.318359 0.662109
0 0.199219 0.669922 0.197266 0.671875 0.195312 0.671875 0.189453 0.677734 0.189453 0.679688 0.183594 0.685547 0.183594 0.687500 0.181641 0.689453 0.181641 0.695312 0.189453 0.695312 0.191406 0.697266 0.193359 0.697266 0.199219 0.703125 0.199219 0.705078 0.203125 0.708984 0.203125 0.710938 0.205078 0.712891 0.205078 0.714844 0.207031 0.716797 0.207031 0.718750 0.208984 0.720703 0.208984 0.724609 0.210938 0.726562 0.210938 0.730469 0.212891 0.732422 0.212891 0.736328 0.210938 0.738281 0.210938 0.740234 0.212891 0.740234 0.216797 0.744141 0.218750 0.744141 0.222656 0.748047 0.224609 0.748047 0.228516 0.751953 0.230469 0.751953 0.232422 0.753906 0.234375 0.753906 0.236328 0.755859 0.238281 0.755859 0.240234 0.757812 0.269531 0.757812 0.271484 0.755859 0.273438 0.755859 0.275391 0.753906 0.277344 0.753906 0.277344 0.751953 0.279297 0.750000 0.279297 0.740234 0.277344 0.738281 0.277344 0.734375 0.275391 0.732422 0.275391 0.730469 0.255859 0.710938 0.253906 0.710938 0.242188 0.699219 0.240234 0.699219 0.230469 0.689453 0.228516 0.689453 0.222656 0.683594 0.222656 0.681641 0.220703 0.681641 0.212891 0.673828 0.210938 0.673828 0.208984 0.671875 0.207031 0.671875 0.205078 0.669922
0 0.652344 0.695312 0.650391 0.697266 0.648438 0.697266 0.646484 0.699219 0.644531 0.699219 0.636719 0.707031 0.636719 0.708984 0.628906 0.716797 0.628906 0.718750 0.625000 0.722656 0.625000 0.724609 0.626953 0.726562 0.626953 0.728516 0.628906 0.730469 0.628906 0.732422 0.630859 0.734375 0.630859 0.736328 0.632812 0.738281 0.632812 0.740234 0.644531 0.751953 0.646484 0.751953 0.648438 0.753906 0.650391 0.753906 0.652344 0.755859 0.654297 0.755859 0.656250 0.757812 0.660156 0.757812 0.662109 0.759766 0.677734 0.759766 0.679688 0.757812 0.685547 0.757812 0.687500 0.755859 0.689453 0.755859 0.691406 0.753906 0.693359 0.753906 0.693359 0.750000 0.691406 0.748047 0.691406 0.746094 0.689453 0.744141 0.689453 0.740234 0.687500 0.738281 0.687500 0.722656 0.691406 0.718750 0.691406 0.716797 0.697266 0.710938 0.697266 0.707031 0.693359 0.703125 0.693359 0.701172 0.691406 0.701172 0.687500 0.697266 0.685547 0.697266 0.683594 0.695312
0 0.537109 0.697266 0.535156 0.699219 0.533203 0.699219 0.523438 0.708984 0.521484 0.708984 0.519531 0.710938 0.517578 0.710938 0.509766 0.718750 0.509766 0.720703 0.507812 0.722656 0.507812 0.724609 0.505859 0.726562 0.505859 0.730469 0.503906 0.732422 0.503906 0.753906 0.505859 0.755859 0.505859 0.757812 0.507812 0.759766 0.507812 0.761719 0.511719 0.765625 0.511719 0.767578 0.513672 0.769531 0.517578 0.769531 0.519531 0.771484 0.541016 0.771484 0.542969 0.769531 0.544922 0.769531 0.546875 0.767578 0.550781 0.767578 0.552734 0.765625 0.554688 0.765625 0.556641 0.763672 0.560547 0.763672 0.566406 0.757812 0.566406 0.753906 0.568359 0.751953 0.568359 0.750000 0.570312 0.748047 0.570312 0.746094 0.572266 0.744141 0.572266 0.742188 0.582031 0.732422 0.582031 0.730469 0.583984 0.728516 0.583984 0.720703 0.582031 0.718750 0.582031 0.714844 0.570312 0.703125 0.568359 0.703125 0.566406 0.701172 0.564453 0.701172 0.560547 0.697266
0 0.183594 0.697266 0.181641 0.699219 0.175781 0.699219 0.173828 0.701172 0.171875 0.701172 0.167969 0.705078 0.166016 0.705078 0.162109 0.708984 0.160156 0.708984 0.158203 0.710938 0.158203 0.712891 0.156250 0.714844 0.156250 0.716797 0.152344 0.720703 0.152344 0.722656 0.150391 0.724609 0.150391 0.728516 0.148438 0.730469 0.148438 0.750000 0.146484 0.751953 0.146484 0.757812 0.152344 0.763672 0.152344 0.767578 0.154297 0.769531 0.154297 0.777344 0.156250 0.779297 0.160156 0.779297 0.162109 0.781250 0.164062 0.779297 0.166016 0.779297 0.166016 0.777344 0.169922 0.773438 0.169922 0.769531 0.171875 0.767578 0.171875 0.763672 0.173828 0.761719 0.173828 0.759766 0.177734 0.755859 0.177734 0.753906 0.181641 0.750000 0.181641 0.748047 0.185547 0.744141 0.187500 0.744141 0.191406 0.740234 0.197266 0.740234 0.199219 0.738281 0.208984 0.738281 0.210938 0.736328 0.210938 0.732422 0.208984 0.730469 0.208984 0.726562 0.207031 0.724609 0.207031 0.720703 0.205078 0.718750 0.205078 0.716797 0.203125 0.714844 0.203125 0.712891 0.201172 0.710938 0.201172 0.708984 0.197266 0.705078 0.197266 0.703125 0.193359 0.699219 0.191406 0.699219 0.189453 0.697266
0 0.699219 0.710938 0.693359 0.716797 0.693359 0.718750 0.689453 0.722656 0.689453 0.738281 0.691406 0.740234 0.691406 0.744141 0.693359 0.746094 0.693359 0.748047 0.695312 0.750000 0.695312 0.751953 0.697266 0.753906 0.697266 0.755859 0.701172 0.759766 0.701172 0.761719 0.707031 0.767578 0.708984 0.767578 0.710938 0.769531 0.712891 0.769531 0.716797 0.773438 0.718750 0.773438 0.720703 0.775391 0.740234 0.775391 0.742188 0.773438 0.748047 0.773438 0.750000 0.771484 0.751953 0.771484 0.759766 0.763672 0.759766 0.761719 0.761719 0.759766 0.761719 0.736328 0.759766 0.734375 0.759766 0.730469 0.757812 0.728516 0.757812 0.726562 0.753906 0.722656 0.751953 0.722656 0.748047 0.718750 0.746094 0.718750 0.744141 0.716797 0.742188 0.716797 0.740234 0.714844 0.738281 0.714844 0.736328 0.712891 0.734375 0.712891 0.732422 0.710938
0 0.845703 0.722656 0.843750 0.724609 0.839844 0.724609 0.837891 0.726562 0.835938 0.726562 0.833984 0.728516 0.833984 0.751953 0.835938 0.753906 0.835938 0.757812 0.839844 0.761719 0.839844 0.763672 0.843750 0.767578 0.843750 0.769531 0.845703 0.771484 0.845703 0.775391 0.847656 0.777344 0.853516 0.777344 0.855469 0.779297 0.859375 0.779297 0.861328 0.781250 0.884766 0.781250 0.886719 0.779297 0.888672 0.779297 0.890625 0.777344 0.892578 0.777344 0.894531 0.775391 0.896484 0.775391 0.898438 0.773438 0.898438 0.771484 0.900391 0.769531 0.900391 0.742188 0.896484 0.738281 0.896484 0.736328 0.894531 0.736328 0.888672 0.730469 0.886719 0.730469 0.884766 0.728516 0.880859 0.728516 0.878906 0.726562 0.873047 0.726562 0.871094 0.724609 0.867188 0.724609 0.865234 0.722656
0 0.013672 0.748047 0.011719 0.750000 0.007812 0.750000 0.005859 0.751953 0.000000 0.751953 0.000000 0.773438 0.003906 0.773438 0.007812 0.769531 0.009766 0.769531 0.015625 0.763672 0.015625 0.761719 0.019531 0.757812 0.019531 0.755859 0.021484 0.753906 0.021484 0.748047
0 0.587891 0.726562 0.583984 0.730469 0.583984 0.732422 0.574219 0.742188 0.574219 0.744141 0.572266 0.746094 0.572266 0.748047 0.570312 0.750000 0.570312 0.751953 0.568359 0.753906 0.568359 0.757812 0.566406 0.759766 0.566406 0.765625 0.564453 0.767578 0.564453 0.773438 0.562500 0.775391 0.562500 0.791016 0.564453 0.792969 0.564453 0.796875 0.570312 0.802734 0.587891 0.802734 0.589844 0.800781 0.593750 0.800781 0.595703 0.798828 0.597656 0.798828 0.599609 0.796875 0.603516 0.796875 0.605469 0.794922 0.607422 0.794922 0.609375 0.792969 0.611328 0.792969 0.613281 0.791016 0.613281 0.789062 0.617188 0.785156 0.617188 0.783203 0.619141 0.781250 0.619141 0.759766 0.617188 0.757812 0.617188 0.750000 0.615234 0.748047 0.615234 0.746094 0.613281 0.744141 0.613281 0.742188 0.611328 0.740234 0.611328 0.738281 0.603516 0.730469 0.601562 0.730469 0.597656 0.726562
0 0.050781 0.759766 0.048828 0.761719 0.041016 0.761719 0.039062 0.763672 0.037109 0.763672 0.035156 0.765625 0.035156 0.767578 0.033203 0.769531 0.033203 0.771484 0.035156 0.773438 0.035156 0.775391 0.039062 0.779297 0.058594 0.779297 0.060547 0.777344 0.062500 0.777344 0.064453 0.775391 0.066406 0.775391 0.066406 0.765625 0.064453 0.763672 0.064453 0.761719 0.062500 0.761719 0.060547 0.759766
0 0.435547 0.738281 0.433594 0.740234 0.431641 0.740234 0.429688 0.742188 0.429688 0.744141 0.417969 0.755859 0.417969 0.769531 0.421875 0.773438 0.421875 0.775391 0.435547 0.789062 0.437500 0.789062 0.441406 0.792969 0.443359 0.792969 0.445312 0.794922 0.447266 0.794922 0.451172 0.798828 0.453125 0.798828 0.455078 0.800781 0.457031 0.800781 0.458984 0.802734 0.478516 0.802734 0.492188 0.789062 0.492188 0.779297 0.490234 0.777344 0.490234 0.771484 0.488281 0.769531 0.488281 0.767578 0.474609 0.753906 0.472656 0.753906 0.468750 0.750000 0.466797 0.750000 0.462891 0.746094 0.460938 0.746094 0.457031 0.742188 0.455078 0.742188 0.453125 0.740234 0.451172 0.740234 0.449219 0.738281
0 0.132812 0.757812 0.130859 0.759766 0.130859 0.761719 0.126953 0.765625 0.126953 0.767578 0.125000 0.769531 0.125000 0.771484 0.121094 0.775391 0.121094 0.785156 0.123047 0.787109 0.123047 0.789062 0.136719 0.789062 0.138672 0.787109 0.140625 0.787109 0.144531 0.783203 0.146484 0.783203 0.150391 0.779297 0.150391 0.777344 0.152344 0.775391 0.152344 0.769531 0.150391 0.767578 0.150391 0.763672 0.144531 0.757812
0 0.798828 0.751953 0.796875 0.753906 0.794922 0.753906 0.789062 0.759766 0.789062 0.761719 0.785156 0.765625 0.785156 0.767578 0.781250 0.771484 0.781250 0.787109 0.785156 0.791016 0.785156 0.792969 0.787109 0.794922 0.787109 0.796875 0.791016 0.800781 0.792969 0.800781 0.794922 0.802734 0.796875 0.802734 0.798828 0.804688 0.800781 0.804688 0.802734 0.806641 0.832031 0.806641 0.833984 0.804688 0.835938 0.804688 0.841797 0.798828 0.841797 0.796875 0.843750 0.794922 0.843750 0.771484 0.841797 0.769531 0.841797 0.767578 0.837891 0.763672 0.837891 0.761719 0.830078 0.753906 0.828125 0.753906 0.826172 0.751953
0 0.910156 0.757812 0.904297 0.763672 0.904297 0.765625 0.902344 0.767578 0.902344 0.769531 0.900391 0.771484 0.900391 0.775391 0.898438 0.777344 0.898438 0.785156 0.896484 0.787109 0.896484 0.792969 0.894531 0.794922 0.894531 0.810547 0.902344 0.810547 0.904297 0.812500 0.908203 0.812500 0.916016 0.820312 0.916016 0.822266 0.919922 0.826172 0.921875 0.824219 0.927734 0.824219 0.929688 0.822266 0.931641 0.822266 0.941406 0.812500 0.941406 0.787109 0.939453 0.785156 0.939453 0.779297 0.935547 0.775391 0.935547 0.773438 0.933594 0.773438 0.929688 0.769531 0.927734 0.769531 0.925781 0.767578 0.923828 0.767578 0.919922 0.763672 0.917969 0.763672 0.914062 0.759766 0.912109 0.759766
0 0.068359 0.787109 0.064453 0.791016 0.062500 0.791016 0.060547 0.792969 0.058594 0.792969 0.056641 0.794922 0.052734 0.794922 0.050781 0.796875 0.046875 0.796875 0.044922 0.798828 0.041016 0.798828 0.041016 0.804688 0.042969 0.806641 0.060547 0.806641 0.062500 0.804688 0.080078 0.804688 0.080078 0.791016 0.078125 0.789062 0.078125 0.787109
0 0.152344 0.781250 0.150391 0.783203 0.148438 0.783203 0.146484 0.785156 0.144531 0.785156 0.140625 0.789062 0.138672 0.789062 0.128906 0.798828 0.128906 0.810547 0.136719 0.818359 0.160156 0.818359 0.164062 0.814453 0.166016 0.814453 0.166016 0.812500 0.169922 0.808594 0.169922 0.806641 0.171875 0.804688 0.171875 0.791016 0.167969 0.787109 0.167969 0.785156 0.166016 0.785156 0.164062 0.783203 0.162109 0.783203 0.160156 0.781250
0 0.537109 0.853516 0.531250 0.859375 0.529297 0.859375 0.527344 0.861328 0.525391 0.861328 0.523438 0.863281 0.529297 0.869141 0.531250 0.869141 0.533203 0.871094 0.541016 0.871094 0.541016 0.857422 0.539062 0.855469 0.539062 0.853516
0 0.492188 0.791016 0.480469 0.802734 0.480469 0.814453 0.482422 0.816406 0.484375 0.814453 0.486328 0.814453 0.490234 0.810547 0.492188 0.810547 0.496094 0.806641 0.500000 0.806641 0.501953 0.804688 0.503906 0.804688 0.505859 0.802734 0.507812 0.802734 0.509766 0.800781 0.511719 0.800781 0.515625 0.796875 0.521484 0.796875 0.519531 0.796875 0.517578 0.794922 0.515625 0.794922 0.513672 0.792969 0.511719 0.792969 0.509766 0.791016
0 0.515625 0.798828 0.511719 0.802734 0.509766 0.802734 0.507812 0.804688 0.505859 0.804688 0.503906 0.806641 0.501953 0.806641 0.500000 0.808594 0.496094 0.808594 0.492188 0.812500 0.490234 0.812500 0.486328 0.816406 0.484375 0.816406 0.482422 0.818359 0.480469 0.818359 0.478516 0.820312 0.476562 0.820312 0.472656 0.824219 0.470703 0.824219 0.468750 0.826172 0.466797 0.826172 0.460938 0.832031 0.460938 0.833984 0.458984 0.835938 0.458984 0.839844 0.457031 0.841797 0.457031 0.865234 0.458984 0.867188 0.458984 0.869141 0.460938 0.871094 0.494141 0.871094 0.496094 0.869141 0.505859 0.869141 0.507812 0.867188 0.511719 0.867188 0.513672 0.865234 0.515625 0.865234 0.517578 0.863281 0.519531 0.863281 0.521484 0.861328 0.523438 0.861328 0.525391 0.859375 0.527344 0.859375 0.529297 0.857422 0.531250 0.857422 0.541016 0.847656 0.541016 0.845703 0.544922 0.841797 0.544922 0.839844 0.546875 0.837891 0.546875 0.820312 0.544922 0.818359 0.544922 0.810547 0.542969 0.808594 0.542969 0.804688 0.537109 0.798828
0 0.380859 0.808594 0.378906 0.810547 0.376953 0.810547 0.365234 0.822266 0.365234 0.826172 0.363281 0.828125 0.363281 0.845703 0.365234 0.847656 0.365234 0.851562 0.369141 0.855469 0.369141 0.857422 0.376953 0.865234 0.378906 0.865234 0.380859 0.867188 0.386719 0.867188 0.388672 0.869141 0.408203 0.869141 0.410156 0.867188 0.412109 0.867188 0.414062 0.865234 0.416016 0.865234 0.417969 0.863281 0.419922 0.863281 0.419922 0.861328 0.421875 0.859375 0.421875 0.855469 0.423828 0.853516 0.423828 0.837891 0.421875 0.835938 0.421875 0.832031 0.419922 0.830078 0.419922 0.828125 0.416016 0.824219 0.414062 0.824219 0.410156 0.820312 0.408203 0.820312 0.406250 0.818359 0.404297 0.818359 0.402344 0.816406 0.400391 0.816406 0.396484 0.812500 0.392578 0.812500 0.390625 0.810547 0.388672 0.810547 0.386719 0.808594
0 0.886719 0.812500 0.884766 0.814453 0.869141 0.814453 0.867188 0.816406 0.863281 0.816406 0.863281 0.818359 0.861328 0.820312 0.861328 0.822266 0.859375 0.824219 0.859375 0.826172 0.857422 0.828125 0.857422 0.830078 0.855469 0.832031 0.855469 0.835938 0.853516 0.837891 0.855469 0.839844 0.855469 0.849609 0.857422 0.851562 0.857422 0.853516 0.859375 0.855469 0.859375 0.857422 0.867188 0.865234 0.869141 0.865234 0.873047 0.869141 0.878906 0.869141 0.880859 0.871094 0.890625 0.871094 0.892578 0.869141 0.904297 0.869141 0.906250 0.867188 0.908203 0.867188 0.910156 0.865234 0.912109 0.865234 0.912109 0.863281 0.916016 0.859375 0.916016 0.857422 0.917969 0.855469 0.917969 0.853516 0.919922 0.851562 0.919922 0.830078 0.917969 0.828125 0.917969 0.826172 0.914062 0.822266 0.914062 0.820312 0.908203 0.814453 0.904297 0.814453 0.902344 0.812500
0 0.742188 0.816406 0.740234 0.818359 0.732422 0.818359 0.730469 0.820312 0.724609 0.820312 0.722656 0.822266 0.720703 0.822266 0.718750 0.824219 0.712891 0.824219 0.710938 0.826172 0.705078 0.826172 0.703125 0.828125 0.699219 0.828125 0.695312 0.832031 0.695312 0.835938 0.693359 0.837891 0.693359 0.839844 0.691406 0.841797 0.691406 0.845703 0.689453 0.847656 0.689453 0.851562 0.691406 0.853516 0.691406 0.857422 0.693359 0.859375 0.693359 0.863281 0.695312 0.865234 0.695312 0.869141 0.699219 0.873047 0.699219 0.875000 0.701172 0.875000 0.705078 0.878906 0.712891 0.878906 0.714844 0.876953 0.722656 0.876953 0.724609 0.875000 0.728516 0.875000 0.730469 0.873047 0.742188 0.873047 0.744141 0.871094 0.751953 0.871094 0.755859 0.867188 0.757812 0.867188 0.759766 0.865234 0.761719 0.865234 0.771484 0.855469 0.771484 0.853516 0.773438 0.851562 0.773438 0.847656 0.775391 0.845703 0.775391 0.835938 0.773438 0.833984 0.773438 0.830078 0.771484 0.828125 0.771484 0.826172 0.763672 0.818359 0.761719 0.818359 0.759766 0.816406
0 0.970703 0.833984 0.968750 0.835938 0.960938 0.835938 0.958984 0.837891 0.957031 0.837891 0.955078 0.839844 0.953125 0.839844 0.947266 0.845703 0.947266 0.847656 0.943359 0.851562 0.943359 0.873047 0.945312 0.875000 0.945312 0.876953 0.951172 0.882812 0.953125 0.882812 0.955078 0.884766 0.962891 0.884766 0.964844 0.882812 0.966797 0.882812 0.968750 0.880859 0.970703 0.880859 0.976562 0.875000 0.986328 0.875000 0.988281 0.873047 0.996094 0.873047 0.998047 0.871094 0.998047 0.841797 0.996094 0.839844 0.994141 0.839844 0.992188 0.837891 0.990234 0.837891 0.988281 0.835938 0.980469 0.835938 0.978516 0.833984
0 0.806641 0.837891 0.804688 0.839844 0.798828 0.839844 0.796875 0.841797 0.792969 0.841797 0.791016 0.843750 0.789062 0.843750 0.787109 0.845703 0.787109 0.847656 0.777344 0.857422 0.777344 0.861328 0.775391 0.863281 0.775391 0.876953 0.777344 0.878906 0.777344 0.882812 0.779297 0.884766 0.779297 0.886719 0.781250 0.888672 0.781250 0.890625 0.787109 0.896484 0.789062 0.896484 0.791016 0.898438 0.794922 0.898438 0.796875 0.900391 0.802734 0.900391 0.804688 0.902344 0.820312 0.902344 0.822266 0.900391 0.828125 0.900391 0.830078 0.898438 0.832031 0.898438 0.833984 0.896484 0.835938 0.896484 0.837891 0.894531 0.839844 0.894531 0.845703 0.888672 0.845703 0.886719 0.847656 0.884766 0.847656 0.871094 0.845703 0.869141 0.845703 0.867188 0.843750 0.865234 0.843750 0.863281 0.837891 0.857422 0.837891 0.855469 0.830078 0.847656 0.828125 0.847656 0.824219 0.843750 0.822266 0.843750 0.818359 0.839844 0.816406 0.839844 0.814453 0.837891
0 0.003906 0.853516 0.001953 0.855469 0.000000 0.855469 0.000000 0.892578 0.007812 0.884766 0.007812 0.882812 0.013672 0.876953 0.013672 0.875000 0.015625 0.873047 0.015625 0.871094 0.017578 0.869141 0.017578 0.861328 0.015625 0.859375 0.015625 0.855469 0.013672 0.853516
0 0.597656 0.841797 0.595703 0.843750 0.593750 0.843750 0.587891 0.849609 0.585938 0.849609 0.585938 0.851562 0.582031 0.855469 0.582031 0.857422 0.578125 0.861328 0.578125 0.863281 0.576172 0.865234 0.576172 0.867188 0.574219 0.869141 0.574219 0.875000 0.576172 0.876953 0.576172 0.884766 0.582031 0.890625 0.582031 0.892578 0.593750 0.904297 0.595703 0.904297 0.599609 0.908203 0.601562 0.908203 0.603516 0.910156 0.605469 0.910156 0.607422 0.912109 0.613281 0.912109 0.615234 0.914062 0.619141 0.914062 0.621094 0.916016 0.638672 0.916016 0.640625 0.914062 0.646484 0.914062 0.648438 0.912109 0.650391 0.912109 0.652344 0.910156 0.654297 0.910156 0.654297 0.908203 0.658203 0.904297 0.658203 0.902344 0.660156 0.900391 0.660156 0.884766 0.658203 0.882812 0.658203 0.880859 0.656250 0.878906 0.656250 0.876953 0.652344 0.873047 0.652344 0.871094 0.638672 0.857422 0.636719 0.857422 0.632812 0.853516 0.632812 0.851562 0.630859 0.849609 0.628906 0.849609 0.625000 0.845703 0.623047 0.845703 0.621094 0.843750 0.619141 0.843750 0.617188 0.841797
0 0.187500 0.851562 0.181641 0.857422 0.181641 0.859375 0.177734 0.863281 0.177734 0.865234 0.175781 0.867188 0.175781 0.888672 0.173828 0.890625 0.175781 0.892578 0.175781 0.894531 0.177734 0.896484 0.177734 0.898438 0.179688 0.900391 0.179688 0.902344 0.181641 0.904297 0.185547 0.904297 0.187500 0.906250 0.191406 0.906250 0.193359 0.908203 0.195312 0.908203 0.199219 0.912109 0.216797 0.912109 0.218750 0.910156 0.220703 0.910156 0.222656 0.908203 0.224609 0.908203 0.230469 0.902344 0.230469 0.900391 0.232422 0.898438 0.232422 0.876953 0.228516 0.873047 0.228516 0.871094 0.224609 0.867188 0.224609 0.865234 0.222656 0.863281 0.220703 0.863281 0.214844 0.857422 0.212891 0.857422 0.210938 0.855469 0.208984 0.855469 0.207031 0.853516 0.205078 0.853516 0.203125 0.851562
0 0.500000 0.902344 0.498047 0.904297 0.494141 0.904297 0.494141 0.906250 0.492188 0.908203 0.492188 0.910156 0.488281 0.914062 0.488281 0.916016 0.486328 0.917969 0.486328 0.925781 0.488281 0.927734 0.488281 0.939453 0.490234 0.941406 0.490234 0.943359 0.496094 0.949219 0.496094 0.951172 0.498047 0.951172 0.501953 0.955078 0.503906 0.955078 0.505859 0.957031 0.507812 0.957031 0.509766 0.958984 0.533203 0.958984 0.535156 0.957031 0.537109 0.957031 0.539062 0.955078 0.541016 0.955078 0.550781 0.945312 0.550781 0.931641 0.548828 0.929688 0.548828 0.923828 0.546875 0.921875 0.546875 0.919922 0.544922 0.917969 0.544922 0.916016 0.542969 0.914062 0.542969 0.912109 0.537109 0.906250 0.533203 0.906250 0.531250 0.904297 0.527344 0.904297 0.525391 0.902344
0 0.748047 0.904297 0.744141 0.908203 0.742188 0.908203 0.740234 0.910156 0.740234 0.912109 0.736328 0.916016 0.736328 0.917969 0.732422 0.921875 0.732422 0.923828 0.726562 0.929688 0.726562 0.945312 0.728516 0.947266 0.728516 0.949219 0.732422 0.953125 0.734375 0.953125 0.738281 0.957031 0.744141 0.957031 0.746094 0.958984 0.765625 0.958984 0.767578 0.957031 0.771484 0.957031 0.771484 0.953125 0.769531 0.951172 0.769531 0.947266 0.773438 0.943359 0.773438 0.941406 0.775391 0.939453 0.775391 0.937500 0.779297 0.933594 0.779297 0.931641 0.781250 0.929688 0.783203 0.929688 0.785156 0.927734 0.789062 0.927734 0.789062 0.925781 0.787109 0.923828 0.787109 0.919922 0.779297 0.912109 0.777344 0.912109 0.775391 0.910156 0.773438 0.910156 0.769531 0.906250 0.763672 0.906250 0.761719 0.904297
0 0.050781 0.916016 0.048828 0.917969 0.042969 0.917969 0.041016 0.919922 0.039062 0.919922 0.037109 0.921875 0.031250 0.921875 0.029297 0.923828 0.027344 0.923828 0.021484 0.929688 0.021484 0.931641 0.017578 0.935547 0.017578 0.939453 0.019531 0.941406 0.019531 0.945312 0.021484 0.947266 0.021484 0.949219 0.025391 0.953125 0.025391 0.957031 0.027344 0.958984 0.039062 0.958984 0.041016 0.957031 0.044922 0.957031 0.046875 0.955078 0.046875 0.953125 0.048828 0.951172 0.048828 0.949219 0.050781 0.947266 0.050781 0.945312 0.052734 0.943359 0.052734 0.941406 0.054688 0.939453 0.054688 0.935547 0.062500 0.927734 0.064453 0.927734 0.064453 0.921875 0.062500 0.919922 0.062500 0.917969 0.060547 0.916016
0 0.902344 0.910156 0.900391 0.912109 0.896484 0.912109 0.892578 0.916016 0.888672 0.916016 0.884766 0.919922 0.882812 0.919922 0.880859 0.921875 0.878906 0.921875 0.875000 0.925781 0.875000 0.929688 0.876953 0.931641 0.876953 0.935547 0.878906 0.937500 0.878906 0.943359 0.876953 0.945312 0.876953 0.951172 0.888672 0.962891 0.890625 0.962891 0.892578 0.964844 0.927734 0.964844 0.929688 0.962891 0.931641 0.962891 0.933594 0.960938 0.935547 0.960938 0.939453 0.957031 0.941406 0.957031 0.941406 0.939453 0.939453 0.937500 0.939453 0.933594 0.937500 0.931641 0.937500 0.929688 0.933594 0.925781 0.933594 0.923828 0.927734 0.917969 0.925781 0.917969 0.921875 0.914062 0.919922 0.914062 0.916016 0.910156
0 0.156250 0.906250 0.156250 0.908203 0.150391 0.914062 0.150391 0.916016 0.146484 0.919922 0.146484 0.921875 0.144531 0.923828 0.144531 0.949219 0.146484 0.951172 0.146484 0.953125 0.152344 0.958984 0.154297 0.958984 0.160156 0.964844 0.162109 0.964844 0.169922 0.972656 0.171875 0.972656 0.173828 0.974609 0.175781 0.974609 0.177734 0.976562 0.181641 0.976562 0.183594 0.978516 0.203125 0.978516 0.207031 0.974609 0.207031 0.972656 0.208984 0.970703 0.208984 0.933594 0.207031 0.931641 0.207031 0.927734 0.205078 0.925781 0.205078 0.921875 0.203125 0.919922 0.203125 0.917969 0.195312 0.910156 0.193359 0.910156 0.191406 0.908203 0.187500 0.908203 0.185547 0.906250
0 0.785156 0.929688 0.783203 0.931641 0.781250 0.931641 0.781250 0.933594 0.777344 0.937500 0.777344 0.939453 0.775391 0.941406 0.775391 0.943359 0.771484 0.947266 0.771484 0.951172 0.773438 0.953125 0.773438 0.955078 0.777344 0.958984 0.802734 0.958984 0.804688 0.957031 0.806641 0.957031 0.806641 0.943359 0.808594 0.941406 0.808594 0.939453 0.806641 0.939453 0.802734 0.935547 0.800781 0.935547 0.798828 0.933594 0.796875 0.933594 0.794922 0.931641 0.792969 0.931641 0.791016 0.929688
0 0.085938 0.921875 0.083984 0.923828 0.074219 0.923828 0.072266 0.925781 0.068359 0.925781 0.064453 0.929688 0.062500 0.929688 0.056641 0.935547 0.056641 0.939453 0.054688 0.941406 0.054688 0.943359 0.052734 0.945312 0.052734 0.947266 0.050781 0.949219 0.050781 0.951172 0.048828 0.953125 0.050781 0.955078 0.050781 0.957031 0.054688 0.960938 0.054688 0.962891 0.062500 0.970703 0.064453 0.970703 0.068359 0.974609 0.080078 0.974609 0.082031 0.972656 0.087891 0.972656 0.091797 0.968750 0.093750 0.968750 0.095703 0.966797 0.097656 0.966797 0.099609 0.964844 0.101562 0.964844 0.103516 0.962891 0.105469 0.962891 0.109375 0.958984 0.111328 0.958984 0.119141 0.951172 0.119141 0.949219 0.121094 0.947266 0.121094 0.933594 0.119141 0.931641 0.119141 0.929688 0.113281 0.923828 0.111328 0.923828 0.109375 0.921875
0 0.833984 0.916016 0.832031 0.917969 0.826172 0.917969 0.826172 0.919922 0.816406 0.929688 0.816406 0.931641 0.814453 0.933594 0.814453 0.935547 0.812500 0.937500 0.812500 0.939453 0.808594 0.943359 0.808594 0.960938 0.810547 0.962891 0.810547 0.964844 0.812500 0.966797 0.812500 0.968750 0.814453 0.968750 0.818359 0.972656 0.820312 0.972656 0.822266 0.974609 0.824219 0.974609 0.828125 0.978516 0.832031 0.978516 0.833984 0.980469 0.845703 0.980469 0.847656 0.978516 0.851562 0.978516 0.855469 0.974609 0.857422 0.974609 0.861328 0.970703 0.861328 0.968750 0.867188 0.962891 0.867188 0.960938 0.871094 0.957031 0.871094 0.955078 0.873047 0.953125 0.873047 0.951172 0.875000 0.949219 0.875000 0.945312 0.876953 0.943359 0.876953 0.937500 0.875000 0.935547 0.875000 0.931641 0.873047 0.929688 0.873047 0.927734 0.871094 0.927734 0.865234 0.921875 0.863281 0.921875 0.859375 0.917969 0.855469 0.917969 0.853516 0.916016
0 0.570312 0.927734 0.566406 0.931641 0.564453 0.931641 0.560547 0.935547 0.560547 0.939453 0.558594 0.941406 0.558594 0.943359 0.556641 0.945312 0.556641 0.947266 0.554688 0.949219 0.554688 0.953125 0.556641 0.955078 0.556641 0.958984 0.558594 0.960938 0.558594 0.968750 0.562500 0.972656 0.562500 0.974609 0.566406 0.978516 0.566406 0.980469 0.572266 0.986328 0.574219 0.986328 0.576172 0.988281 0.578125 0.988281 0.580078 0.990234 0.593750 0.990234 0.595703 0.988281 0.599609 0.988281 0.601562 0.986328 0.603516 0.986328 0.611328 0.978516 0.611328 0.976562 0.613281 0.974609 0.613281 0.955078 0.611328 0.953125 0.611328 0.951172 0.607422 0.947266 0.607422 0.945312 0.603516 0.941406 0.603516 0.939453 0.601562 0.939453 0.597656 0.935547 0.597656 0.933594 0.595703 0.933594 0.591797 0.929688 0.589844 0.929688 0.587891 0.927734
0 0.689453 0.966797 0.687500 0.968750 0.677734 0.968750 0.675781 0.970703 0.671875 0.970703 0.669922 0.972656 0.666016 0.972656 0.664062 0.974609 0.658203 0.974609 0.656250 0.976562 0.654297 0.976562 0.642578 0.988281 0.642578 0.990234 0.640625 0.992188 0.640625 0.996094 0.644531 0.996094 0.646484 0.998047 0.734375 0.998047 0.734375 0.992188 0.732422 0.990234 0.732422 0.986328 0.726562 0.980469 0.726562 0.978516 0.724609 0.978516 0.720703 0.974609 0.718750 0.974609 0.716797 0.972656 0.714844 0.972656 0.712891 0.970703 0.708984 0.970703 0.707031 0.968750 0.703125 0.968750 0.701172 0.966797
0 0.787109 0.978516 0.785156 0.980469 0.781250 0.980469 0.779297 0.982422 0.777344 0.982422 0.775391 0.984375 0.773438 0.984375 0.763672 0.994141 0.763672 0.996094 0.771484 0.996094 0.773438 0.998047 0.824219 0.998047 0.824219 0.996094 0.822266 0.994141 0.822266 0.992188 0.820312 0.990234 0.818359 0.990234 0.812500 0.984375 0.810547 0.984375 0.808594 0.982422 0.804688 0.982422 0.802734 0.980469 0.800781 0.980469 0.798828 0.978516
0 0.125000 0.984375 0.123047 0.986328 0.115234 0.986328 0.113281 0.988281 0.109375 0.988281 0.107422 0.990234 0.105469 0.990234 0.105469 0.994141 0.109375 0.998047 0.162109 0.998047 0.162109 0.994141 0.160156 0.992188 0.160156 0.990234 0.156250 0.986328 0.150391 0.986328 0.148438 0.984375
