0 0.076172 0.000000 0.076172 0.001953 0.074219 0.003906 0.074219 0.011719 0.076172 0.013672 0.076172 0.015625 0.080078 0.019531 0.089844 0.019531 0.091797 0.017578 0.093750 0.017578 0.099609 0.011719 0.099609 0.009766 0.101562 0.007812 0.101562 0.000000
0 0.083984 0.021484 0.082031 0.023438 0.080078 0.023438 0.076172 0.027344 0.076172 0.037109 0.082031 0.042969 0.087891 0.042969 0.089844 0.041016 0.089844 0.039062 0.091797 0.037109 0.091797 0.023438 0.089844 0.023438 0.087891 0.021484
0 0.548828 0.029297 0.548828 0.037109 0.550781 0.039062 0.550781 0.041016 0.552734 0.041016 0.554688 0.042969 0.562500 0.042969 0.562500 0.041016 0.560547 0.039062 0.556641 0.039062 0.552734 0.035156 0.552734 0.031250 0.550781 0.029297
0 0.054688 0.029297 0.052734 0.031250 0.052734 0.033203 0.048828 0.037109 0.048828 0.060547 0.050781 0.060547 0.052734 0.062500 0.052734 0.064453 0.056641 0.068359 0.058594 0.068359 0.060547 0.070312 0.066406 0.070312 0.068359 0.072266 0.074219 0.072266 0.076172 0.070312 0.078125 0.070312 0.082031 0.066406 0.082031 0.046875 0.080078 0.044922 0.080078 0.042969 0.066406 0.029297
0 0.535156 0.058594 0.533203 0.060547 0.533203 0.076172 0.539062 0.082031 0.544922 0.082031 0.546875 0.080078 0.548828 0.080078 0.552734 0.076172 0.552734 0.074219 0.550781 0.072266 0.550781 0.070312 0.548828 0.068359 0.548828 0.066406 0.546875 0.064453 0.546875 0.062500 0.542969 0.058594
0 0.408203 0.072266 0.406250 0.074219 0.402344 0.074219 0.398438 0.078125 0.398438 0.080078 0.396484 0.082031 0.396484 0.093750 0.398438 0.095703 0.398438 0.097656 0.400391 0.099609 0.406250 0.099609 0.408203 0.097656 0.412109 0.097656 0.414062 0.095703 0.416016 0.095703 0.419922 0.091797 0.419922 0.089844 0.421875 0.087891 0.421875 0.085938 0.423828 0.083984 0.423828 0.074219 0.421875 0.072266
0 0.533203 0.083984 0.531250 0.085938 0.531250 0.095703 0.535156 0.099609 0.539062 0.099609 0.539062 0.087891 0.535156 0.083984
0 0.523438 0.099609 0.521484 0.101562 0.519531 0.101562 0.519531 0.103516 0.517578 0.105469 0.517578 0.111328 0.521484 0.115234 0.523438 0.115234 0.533203 0.105469 0.533203 0.101562 0.531250 0.099609
0 0.476562 0.107422 0.474609 0.109375 0.472656 0.109375 0.464844 0.117188 0.462891 0.117188 0.458984 0.121094 0.458984 0.123047 0.455078 0.126953 0.455078 0.128906 0.451172 0.132812 0.451172 0.134766 0.447266 0.138672 0.447266 0.140625 0.445312 0.142578 0.445312 0.144531 0.443359 0.146484 0.443359 0.148438 0.439453 0.152344 0.439453 0.154297 0.435547 0.158203 0.435547 0.162109 0.433594 0.164062 0.433594 0.166016 0.431641 0.167969 0.431641 0.169922 0.427734 0.173828 0.427734 0.175781 0.425781 0.177734 0.425781 0.179688 0.423828 0.181641 0.423828 0.197266 0.425781 0.199219 0.425781 0.203125 0.429688 0.207031 0.435547 0.207031 0.437500 0.205078 0.439453 0.205078 0.439453 0.203125 0.443359 0.199219 0.445312 0.199219 0.449219 0.195312 0.451172 0.195312 0.455078 0.191406 0.457031 0.191406 0.468750 0.179688 0.468750 0.177734 0.470703 0.175781 0.470703 0.173828 0.476562 0.167969 0.476562 0.166016 0.480469 0.162109 0.480469 0.158203 0.482422 0.156250 0.482422 0.154297 0.484375 0.152344 0.484375 0.150391 0.488281 0.146484 0.488281 0.144531 0.490234 0.142578 0.490234 0.140625 0.492188 0.138672 0.492188 0.136719 0.494141 0.134766 0.494141 0.130859 0.496094 0.128906 0.496094 0.117188 0.494141 0.115234 0.494141 0.109375 0.492188 0.109375 0.490234 0.107422
0 0.031250 0.142578 0.029297 0.144531 0.029297 0.146484 0.027344 0.148438 0.027344 0.164062 0.025391 0.166016 0.025391 0.169922 0.023438 0.171875 0.023438 0.173828 0.025391 0.173828 0.027344 0.175781 0.027344 0.177734 0.029297 0.179688 0.029297 0.181641 0.031250 0.179688 0.035156 0.179688 0.037109 0.177734 0.039062 0.177734 0.041016 0.175781 0.042969 0.175781 0.048828 0.169922 0.048828 0.167969 0.050781 0.166016 0.050781 0.152344 0.041016 0.142578
0 0.011719 0.173828 0.007812 0.177734 0.007812 0.185547 0.009766 0.187500 0.011719 0.187500 0.013672 0.189453 0.021484 0.189453 0.023438 0.187500 0.025391 0.187500 0.027344 0.185547 0.027344 0.179688 0.025391 0.177734 0.025391 0.175781 0.023438 0.175781 0.021484 0.173828
0 0.000000 0.185547 0.000000 0.210938 0.001953 0.210938 0.003906 0.212891 0.007812 0.212891 0.009766 0.214844 0.017578 0.214844 0.019531 0.212891 0.021484 0.212891 0.025391 0.208984 0.025391 0.205078 0.023438 0.203125 0.023438 0.201172 0.019531 0.197266 0.019531 0.195312 0.017578 0.195312 0.011719 0.189453 0.009766 0.189453 0.005859 0.185547
0 0.183594 0.175781 0.181641 0.177734 0.179688 0.177734 0.171875 0.185547 0.169922 0.185547 0.167969 0.187500 0.167969 0.191406 0.166016 0.193359 0.166016 0.199219 0.164062 0.201172 0.164062 0.207031 0.162109 0.208984 0.162109 0.214844 0.160156 0.216797 0.160156 0.218750 0.156250 0.222656 0.156250 0.226562 0.158203 0.228516 0.162109 0.228516 0.164062 0.230469 0.171875 0.230469 0.173828 0.228516 0.179688 0.228516 0.191406 0.216797 0.191406 0.214844 0.193359 0.212891 0.193359 0.210938 0.197266 0.207031 0.197266 0.205078 0.199219 0.203125 0.199219 0.189453 0.197266 0.187500 0.197266 0.183594 0.195312 0.181641 0.195312 0.177734 0.193359 0.175781
0 0.183594 0.228516 0.181641 0.230469 0.177734 0.230469 0.177734 0.240234 0.179688 0.242188 0.179688 0.244141 0.181641 0.246094 0.181641 0.248047 0.183594 0.250000 0.183594 0.251953 0.185547 0.253906 0.185547 0.255859 0.187500 0.257812 0.187500 0.259766 0.193359 0.265625 0.197266 0.265625 0.199219 0.263672 0.199219 0.261719 0.201172 0.259766 0.201172 0.248047 0.199219 0.246094 0.199219 0.232422 0.197266 0.230469 0.195312 0.230469 0.193359 0.228516
0 0.164062 0.248047 0.156250 0.255859 0.156250 0.257812 0.152344 0.261719 0.152344 0.263672 0.150391 0.265625 0.150391 0.275391 0.152344 0.277344 0.152344 0.289062 0.154297 0.291016 0.154297 0.296875 0.158203 0.300781 0.164062 0.300781 0.166016 0.298828 0.167969 0.298828 0.173828 0.292969 0.173828 0.291016 0.177734 0.287109 0.179688 0.287109 0.181641 0.285156 0.181641 0.283203 0.189453 0.275391 0.189453 0.267578 0.187500 0.265625 0.187500 0.261719 0.185547 0.259766 0.185547 0.257812 0.183594 0.255859 0.183594 0.253906 0.177734 0.248047
0 0.156250 0.322266 0.154297 0.324219 0.152344 0.324219 0.148438 0.328125 0.146484 0.328125 0.146484 0.330078 0.144531 0.332031 0.144531 0.333984 0.152344 0.333984 0.156250 0.337891 0.156250 0.341797 0.158203 0.343750 0.158203 0.347656 0.156250 0.349609 0.154297 0.349609 0.150391 0.353516 0.148438 0.353516 0.154297 0.353516 0.156250 0.351562 0.162109 0.351562 0.169922 0.343750 0.169922 0.341797 0.173828 0.337891 0.173828 0.335938 0.175781 0.333984 0.175781 0.326172 0.173828 0.324219 0.171875 0.324219 0.169922 0.322266
0 0.119141 0.335938 0.115234 0.339844 0.115234 0.341797 0.113281 0.343750 0.113281 0.345703 0.115234 0.347656 0.115234 0.353516 0.119141 0.357422 0.125000 0.357422 0.128906 0.361328 0.132812 0.361328 0.134766 0.359375 0.138672 0.359375 0.142578 0.355469 0.144531 0.355469 0.148438 0.351562 0.150391 0.351562 0.154297 0.347656 0.156250 0.347656 0.156250 0.343750 0.154297 0.341797 0.154297 0.337891 0.152344 0.335938
0 0.111328 0.359375 0.109375 0.361328 0.107422 0.361328 0.107422 0.363281 0.105469 0.365234 0.105469 0.376953 0.107422 0.378906 0.107422 0.382812 0.111328 0.386719 0.113281 0.386719 0.115234 0.388672 0.117188 0.388672 0.119141 0.390625 0.123047 0.390625 0.125000 0.388672 0.125000 0.386719 0.126953 0.384766 0.126953 0.380859 0.128906 0.378906 0.128906 0.373047 0.130859 0.371094 0.130859 0.367188 0.128906 0.365234 0.128906 0.363281 0.125000 0.359375
0 0.154297 0.357422 0.152344 0.359375 0.148438 0.359375 0.146484 0.361328 0.146484 0.365234 0.144531 0.367188 0.144531 0.371094 0.146484 0.373047 0.146484 0.380859 0.148438 0.382812 0.148438 0.386719 0.152344 0.390625 0.152344 0.392578 0.158203 0.398438 0.160156 0.398438 0.162109 0.400391 0.164062 0.400391 0.166016 0.402344 0.171875 0.402344 0.175781 0.398438 0.175781 0.396484 0.177734 0.394531 0.177734 0.392578 0.179688 0.390625 0.179688 0.380859 0.177734 0.378906 0.177734 0.375000 0.175781 0.373047 0.175781 0.371094 0.171875 0.367188 0.171875 0.365234 0.169922 0.363281 0.167969 0.363281 0.162109 0.357422
0 0.125000 0.402344 0.123047 0.404297 0.121094 0.404297 0.119141 0.406250 0.119141 0.408203 0.117188 0.410156 0.117188 0.425781 0.115234 0.427734 0.115234 0.457031 0.117188 0.458984 0.117188 0.460938 0.119141 0.462891 0.121094 0.462891 0.123047 0.464844 0.128906 0.464844 0.130859 0.462891 0.134766 0.462891 0.136719 0.460938 0.138672 0.460938 0.140625 0.458984 0.140625 0.447266 0.144531 0.443359 0.144531 0.441406 0.146484 0.439453 0.146484 0.437500 0.150391 0.433594 0.148438 0.431641 0.148438 0.421875 0.146484 0.419922 0.146484 0.417969 0.144531 0.416016 0.144531 0.414062 0.136719 0.406250 0.134766 0.406250 0.130859 0.402344
0 0.154297 0.431641 0.148438 0.437500 0.148438 0.439453 0.146484 0.441406 0.146484 0.443359 0.142578 0.447266 0.142578 0.458984 0.144531 0.460938 0.146484 0.460938 0.148438 0.462891 0.152344 0.462891 0.154297 0.460938 0.162109 0.460938 0.166016 0.457031 0.166016 0.445312 0.164062 0.443359 0.164062 0.441406 0.158203 0.435547 0.158203 0.433594 0.156250 0.431641
0 0.138672 0.492188 0.136719 0.494141 0.134766 0.494141 0.132812 0.496094 0.130859 0.496094 0.128906 0.498047 0.126953 0.498047 0.113281 0.511719 0.113281 0.513672 0.111328 0.515625 0.111328 0.527344 0.113281 0.529297 0.113281 0.531250 0.115234 0.531250 0.117188 0.533203 0.125000 0.533203 0.126953 0.531250 0.128906 0.531250 0.132812 0.527344 0.134766 0.527344 0.136719 0.525391 0.138672 0.525391 0.146484 0.517578 0.148438 0.517578 0.148438 0.515625 0.150391 0.513672 0.150391 0.509766 0.152344 0.507812 0.152344 0.498047 0.146484 0.492188
0 0.173828 0.611328 0.169922 0.615234 0.169922 0.617188 0.166016 0.621094 0.167969 0.623047 0.169922 0.623047 0.183594 0.636719 0.183594 0.646484 0.187500 0.646484 0.189453 0.644531 0.193359 0.644531 0.199219 0.638672 0.199219 0.628906 0.197266 0.626953 0.197266 0.625000 0.195312 0.623047 0.195312 0.621094 0.193359 0.619141 0.193359 0.617188 0.187500 0.611328
0 0.154297 0.619141 0.150391 0.623047 0.148438 0.623047 0.148438 0.625000 0.144531 0.628906 0.144531 0.644531 0.146484 0.646484 0.146484 0.648438 0.150391 0.652344 0.152344 0.652344 0.154297 0.654297 0.156250 0.654297 0.158203 0.656250 0.173828 0.656250 0.181641 0.648438 0.181641 0.636719 0.169922 0.625000 0.167969 0.625000 0.166016 0.623047 0.164062 0.623047 0.162109 0.621094 0.160156 0.621094 0.158203 0.619141
0 0.060547 0.656250 0.058594 0.658203 0.054688 0.658203 0.050781 0.662109 0.048828 0.662109 0.044922 0.666016 0.042969 0.666016 0.041016 0.667969 0.041016 0.695312 0.042969 0.697266 0.042969 0.699219 0.048828 0.705078 0.054688 0.705078 0.056641 0.703125 0.060547 0.703125 0.062500 0.701172 0.062500 0.697266 0.068359 0.691406 0.068359 0.689453 0.070312 0.687500 0.072266 0.687500 0.074219 0.685547 0.076172 0.685547 0.078125 0.683594 0.080078 0.683594 0.082031 0.681641 0.082031 0.671875 0.078125 0.667969 0.078125 0.666016 0.074219 0.662109 0.072266 0.662109 0.068359 0.658203 0.064453 0.658203 0.062500 0.656250
0 0.179688 0.675781 0.177734 0.677734 0.175781 0.677734 0.173828 0.679688 0.173828 0.681641 0.171875 0.683594 0.171875 0.685547 0.167969 0.689453 0.167969 0.691406 0.166016 0.693359 0.166016 0.697266 0.164062 0.699219 0.164062 0.703125 0.166016 0.705078 0.166016 0.708984 0.171875 0.714844 0.179688 0.714844 0.185547 0.708984 0.185547 0.707031 0.187500 0.705078 0.187500 0.703125 0.189453 0.701172 0.189453 0.697266 0.191406 0.695312 0.191406 0.683594 0.189453 0.681641 0.189453 0.679688 0.185547 0.675781
0 0.082031 0.683594 0.080078 0.685547 0.078125 0.685547 0.076172 0.687500 0.074219 0.687500 0.072266 0.689453 0.070312 0.689453 0.070312 0.691406 0.064453 0.697266 0.064453 0.710938 0.066406 0.712891 0.066406 0.714844 0.068359 0.716797 0.068359 0.718750 0.070312 0.720703 0.083984 0.720703 0.101562 0.703125 0.105469 0.703125 0.107422 0.701172 0.109375 0.701172 0.109375 0.699219 0.111328 0.697266 0.111328 0.687500 0.109375 0.685547 0.107422 0.685547 0.105469 0.683594
0 0.085938 0.720703 0.083984 0.722656 0.080078 0.722656 0.076172 0.726562 0.074219 0.726562 0.070312 0.730469 0.068359 0.730469 0.066406 0.732422 0.066406 0.736328 0.064453 0.738281 0.064453 0.744141 0.072266 0.744141 0.074219 0.742188 0.082031 0.742188 0.083984 0.740234 0.089844 0.740234 0.091797 0.738281 0.097656 0.738281 0.099609 0.736328 0.103516 0.736328 0.105469 0.734375 0.107422 0.734375 0.107422 0.722656 0.105469 0.720703
0 0.064453 0.785156 0.062500 0.787109 0.056641 0.787109 0.056641 0.789062 0.054688 0.791016 0.054688 0.800781 0.056641 0.800781 0.058594 0.802734 0.060547 0.802734 0.068359 0.810547 0.068359 0.814453 0.070312 0.816406 0.074219 0.816406 0.076172 0.814453 0.082031 0.814453 0.085938 0.810547 0.085938 0.808594 0.087891 0.806641 0.087891 0.796875 0.085938 0.794922 0.085938 0.792969 0.080078 0.787109 0.078125 0.787109 0.076172 0.785156
0 0.044922 0.802734 0.042969 0.804688 0.041016 0.804688 0.039062 0.806641 0.037109 0.806641 0.031250 0.812500 0.029297 0.812500 0.017578 0.824219 0.017578 0.826172 0.015625 0.828125 0.015625 0.830078 0.013672 0.832031 0.013672 0.837891 0.011719 0.839844 0.011719 0.851562 0.013672 0.853516 0.013672 0.859375 0.015625 0.861328 0.015625 0.863281 0.019531 0.867188 0.021484 0.867188 0.023438 0.869141 0.039062 0.869141 0.041016 0.867188 0.042969 0.867188 0.046875 0.863281 0.048828 0.863281 0.054688 0.857422 0.054688 0.855469 0.058594 0.851562 0.058594 0.849609 0.062500 0.845703 0.062500 0.843750 0.064453 0.841797 0.064453 0.839844 0.066406 0.837891 0.066406 0.833984 0.068359 0.832031 0.068359 0.816406 0.066406 0.814453 0.066406 0.810547 0.060547 0.804688 0.058594 0.804688 0.056641 0.802734
0 0.134766 0.808594 0.132812 0.810547 0.128906 0.810547 0.123047 0.816406 0.121094 0.816406 0.119141 0.818359 0.117188 0.818359 0.101562 0.833984 0.101562 0.835938 0.099609 0.837891 0.099609 0.839844 0.095703 0.843750 0.095703 0.845703 0.091797 0.849609 0.091797 0.851562 0.089844 0.853516 0.089844 0.863281 0.093750 0.863281 0.099609 0.869141 0.103516 0.869141 0.109375 0.863281 0.109375 0.847656 0.111328 0.845703 0.111328 0.841797 0.115234 0.837891 0.115234 0.835938 0.117188 0.833984 0.119141 0.833984 0.121094 0.832031 0.123047 0.832031 0.125000 0.830078 0.138672 0.830078 0.138672 0.828125 0.140625 0.826172 0.140625 0.824219 0.142578 0.822266 0.142578 0.814453 0.136719 0.808594
0 0.125000 0.832031 0.123047 0.833984 0.121094 0.833984 0.119141 0.835938 0.117188 0.835938 0.117188 0.837891 0.113281 0.841797 0.113281 0.845703 0.111328 0.847656 0.111328 0.863281 0.113281 0.865234 0.113281 0.867188 0.119141 0.867188 0.121094 0.869141 0.128906 0.869141 0.132812 0.865234 0.134766 0.865234 0.136719 0.863281 0.136719 0.861328 0.140625 0.857422 0.140625 0.855469 0.142578 0.853516 0.142578 0.851562 0.144531 0.849609 0.144531 0.845703 0.146484 0.843750 0.146484 0.837891 0.144531 0.835938 0.144531 0.833984 0.142578 0.832031
0 0.082031 0.865234 0.076172 0.871094 0.074219 0.871094 0.070312 0.875000 0.070312 0.876953 0.064453 0.882812 0.064453 0.884766 0.062500 0.886719 0.062500 0.888672 0.060547 0.890625 0.060547 0.896484 0.062500 0.898438 0.062500 0.904297 0.066406 0.908203 0.068359 0.908203 0.070312 0.910156 0.072266 0.910156 0.074219 0.908203 0.078125 0.908203 0.080078 0.906250 0.082031 0.906250 0.083984 0.904297 0.085938 0.904297 0.089844 0.900391 0.091797 0.900391 0.093750 0.898438 0.095703 0.898438 0.099609 0.894531 0.099609 0.892578 0.101562 0.890625 0.101562 0.878906 0.099609 0.876953 0.099609 0.871094 0.093750 0.865234
0 0.853516 0.896484 0.851562 0.898438 0.849609 0.898438 0.845703 0.902344 0.843750 0.902344 0.837891 0.908203 0.835938 0.908203 0.832031 0.912109 0.830078 0.912109 0.826172 0.916016 0.826172 0.917969 0.822266 0.921875 0.822266 0.923828 0.820312 0.925781 0.820312 0.927734 0.822266 0.927734 0.828125 0.933594 0.830078 0.933594 0.835938 0.939453 0.837891 0.939453 0.839844 0.941406 0.843750 0.941406 0.847656 0.937500 0.849609 0.937500 0.857422 0.929688 0.857422 0.927734 0.859375 0.925781 0.859375 0.923828 0.861328 0.921875 0.861328 0.919922 0.863281 0.917969 0.863281 0.906250 0.861328 0.904297 0.861328 0.898438 0.859375 0.896484
0 0.871094 0.931641 0.869141 0.933594 0.865234 0.933594 0.863281 0.935547 0.859375 0.935547 0.851562 0.943359 0.849609 0.943359 0.849609 0.945312 0.845703 0.949219 0.859375 0.962891 0.871094 0.962891 0.873047 0.960938 0.875000 0.960938 0.876953 0.958984 0.876953 0.957031 0.882812 0.951172 0.882812 0.949219 0.884766 0.947266 0.884766 0.941406 0.882812 0.939453 0.882812 0.937500 0.880859 0.935547 0.880859 0.931641
0 0.806641 0.921875 0.804688 0.923828 0.802734 0.923828 0.800781 0.925781 0.800781 0.927734 0.794922 0.933594 0.794922 0.960938 0.796875 0.962891 0.796875 0.966797 0.800781 0.970703 0.800781 0.972656 0.802734 0.974609 0.802734 0.978516 0.804688 0.980469 0.804688 0.982422 0.806641 0.984375 0.806641 0.986328 0.814453 0.994141 0.816406 0.994141 0.820312 0.998047 0.863281 0.998047 0.851562 0.986328 0.851562 0.980469 0.853516 0.978516 0.853516 0.976562 0.857422 0.972656 0.857422 0.968750 0.855469 0.966797 0.855469 0.962891 0.853516 0.960938 0.853516 0.958984 0.841797 0.947266 0.841797 0.945312 0.837891 0.941406 0.835938 0.941406 0.830078 0.935547 0.828125 0.935547 0.822266 0.929688 0.820312 0.929688 0.816406 0.925781 0.814453 0.925781 0.812500 0.923828 0.810547 0.923828 0.808594 0.921875
0 0.878906 0.962891 0.876953 0.964844 0.871094 0.964844 0.869141 0.966797 0.867188 0.966797 0.865234 0.968750 0.863281 0.968750 0.855469 0.976562 0.855469 0.978516 0.853516 0.980469 0.853516 0.986328 0.863281 0.996094 0.865234 0.996094 0.867188 0.998047 0.873047 0.998047 0.876953 0.994141 0.878906 0.994141 0.878906 0.992188 0.882812 0.988281 0.882812 0.986328 0.884766 0.984375 0.884766 0.974609 0.882812 0.972656 0.882812 0.964844 0.880859 0.962891
