0 0.285156 0.000000 0.285156 0.003906 0.289062 0.007812 0.289062 0.009766 0.298828 0.019531 0.300781 0.019531 0.306641 0.025391 0.308594 0.025391 0.314453 0.031250 0.316406 0.031250 0.318359 0.033203 0.320312 0.033203 0.322266 0.031250 0.322266 0.005859 0.320312 0.003906 0.320312 0.001953 0.318359 0.000000
0 0.779297 0.000000 0.771484 0.007812 0.771484 0.009766 0.769531 0.011719 0.769531 0.025391 0.771484 0.027344 0.771484 0.031250 0.773438 0.033203 0.773438 0.035156 0.777344 0.039062 0.779297 0.039062 0.783203 0.042969 0.796875 0.042969 0.798828 0.041016 0.800781 0.041016 0.802734 0.039062 0.806641 0.039062 0.810547 0.035156 0.812500 0.035156 0.814453 0.033203 0.816406 0.033203 0.820312 0.029297 0.822266 0.029297 0.830078 0.021484 0.830078 0.019531 0.833984 0.015625 0.833984 0.013672 0.835938 0.011719 0.835938 0.003906 0.833984 0.001953 0.833984 0.000000
0 0.599609 0.000000 0.599609 0.003906 0.601562 0.005859 0.601562 0.015625 0.603516 0.017578 0.603516 0.023438 0.605469 0.025391 0.605469 0.027344 0.607422 0.029297 0.607422 0.031250 0.609375 0.033203 0.609375 0.035156 0.613281 0.039062 0.613281 0.041016 0.615234 0.042969 0.617188 0.042969 0.621094 0.046875 0.623047 0.046875 0.625000 0.048828 0.630859 0.048828 0.632812 0.050781 0.648438 0.050781 0.650391 0.048828 0.652344 0.048828 0.656250 0.044922 0.658203 0.044922 0.664062 0.039062 0.666016 0.039062 0.669922 0.035156 0.671875 0.035156 0.671875 0.033203 0.677734 0.027344 0.677734 0.025391 0.679688 0.023438 0.679688 0.019531 0.681641 0.017578 0.681641 0.000000
0 0.900391 0.001953 0.898438 0.003906 0.896484 0.003906 0.894531 0.005859 0.892578 0.005859 0.880859 0.017578 0.880859 0.019531 0.878906 0.021484 0.878906 0.025391 0.880859 0.027344 0.880859 0.029297 0.882812 0.029297 0.886719 0.033203 0.888672 0.033203 0.892578 0.037109 0.894531 0.037109 0.904297 0.046875 0.904297 0.048828 0.906250 0.050781 0.914062 0.050781 0.916016 0.048828 0.917969 0.048828 0.919922 0.046875 0.921875 0.046875 0.925781 0.042969 0.925781 0.041016 0.929688 0.037109 0.929688 0.035156 0.931641 0.033203 0.931641 0.031250 0.933594 0.029297 0.933594 0.011719 0.931641 0.009766 0.931641 0.007812 0.929688 0.007812 0.927734 0.005859 0.925781 0.005859 0.923828 0.003906 0.917969 0.003906 0.916016 0.001953
0 0.583984 0.080078 0.582031 0.082031 0.578125 0.082031 0.576172 0.083984 0.576172 0.095703 0.578125 0.097656 0.578125 0.099609 0.583984 0.105469 0.583984 0.107422 0.593750 0.097656 0.601562 0.097656 0.603516 0.095703 0.611328 0.095703 0.615234 0.099609 0.617188 0.099609 0.621094 0.103516 0.623047 0.103516 0.626953 0.107422 0.628906 0.107422 0.632812 0.111328 0.632812 0.105469 0.630859 0.103516 0.630859 0.099609 0.626953 0.095703 0.626953 0.093750 0.623047 0.089844 0.621094 0.089844 0.619141 0.087891 0.617188 0.087891 0.615234 0.085938 0.611328 0.085938 0.609375 0.083984 0.605469 0.083984 0.603516 0.082031 0.597656 0.082031 0.595703 0.080078
0 0.263672 0.113281 0.261719 0.115234 0.261719 0.125000 0.259766 0.126953 0.259766 0.140625 0.261719 0.142578 0.261719 0.160156 0.263672 0.162109 0.269531 0.162109 0.267578 0.160156 0.267578 0.150391 0.275391 0.142578 0.279297 0.142578 0.281250 0.140625 0.281250 0.130859 0.279297 0.128906 0.279297 0.123047 0.277344 0.121094 0.277344 0.119141 0.273438 0.115234 0.273438 0.113281
0 0.603516 0.097656 0.601562 0.099609 0.593750 0.099609 0.585938 0.107422 0.585938 0.111328 0.583984 0.113281 0.583984 0.119141 0.582031 0.121094 0.582031 0.130859 0.583984 0.132812 0.583984 0.144531 0.585938 0.146484 0.585938 0.152344 0.587891 0.154297 0.587891 0.156250 0.589844 0.158203 0.589844 0.160156 0.603516 0.173828 0.605469 0.173828 0.609375 0.177734 0.611328 0.177734 0.615234 0.181641 0.617188 0.181641 0.619141 0.183594 0.621094 0.183594 0.625000 0.187500 0.628906 0.187500 0.630859 0.189453 0.634766 0.189453 0.636719 0.191406 0.640625 0.191406 0.642578 0.193359 0.662109 0.193359 0.664062 0.191406 0.666016 0.191406 0.669922 0.187500 0.669922 0.175781 0.667969 0.173828 0.667969 0.171875 0.666016 0.169922 0.666016 0.167969 0.660156 0.162109 0.660156 0.160156 0.654297 0.154297 0.654297 0.152344 0.650391 0.148438 0.650391 0.146484 0.644531 0.140625 0.644531 0.138672 0.642578 0.136719 0.642578 0.134766 0.640625 0.132812 0.640625 0.130859 0.638672 0.128906 0.638672 0.126953 0.636719 0.125000 0.636719 0.119141 0.634766 0.117188 0.634766 0.113281 0.632812 0.113281 0.628906 0.109375 0.626953 0.109375 0.623047 0.105469 0.621094 0.105469 0.617188 0.101562 0.615234 0.101562 0.611328 0.097656
0 0.281250 0.142578 0.279297 0.144531 0.275391 0.144531 0.269531 0.150391 0.269531 0.160156 0.271484 0.162109 0.271484 0.166016 0.273438 0.167969 0.273438 0.169922 0.275391 0.171875 0.277344 0.171875 0.281250 0.175781 0.285156 0.175781 0.287109 0.177734 0.294922 0.177734 0.296875 0.175781 0.300781 0.175781 0.302734 0.173828 0.304688 0.173828 0.308594 0.169922 0.308594 0.150391 0.304688 0.146484 0.300781 0.146484 0.296875 0.142578
0 0.810547 0.140625 0.808594 0.142578 0.804688 0.142578 0.800781 0.146484 0.800781 0.150391 0.798828 0.152344 0.798828 0.154297 0.796875 0.156250 0.796875 0.164062 0.794922 0.166016 0.794922 0.169922 0.792969 0.171875 0.792969 0.183594 0.796875 0.187500 0.800781 0.187500 0.802734 0.189453 0.804688 0.189453 0.806641 0.187500 0.814453 0.187500 0.816406 0.185547 0.818359 0.185547 0.826172 0.177734 0.826172 0.175781 0.828125 0.173828 0.828125 0.171875 0.830078 0.169922 0.830078 0.154297 0.828125 0.152344 0.828125 0.148438 0.826172 0.146484 0.826172 0.144531 0.824219 0.144531 0.820312 0.140625
0 0.326172 0.193359 0.326172 0.197266 0.324219 0.199219 0.324219 0.201172 0.326172 0.203125 0.326172 0.205078 0.328125 0.207031 0.328125 0.208984 0.330078 0.210938 0.341797 0.210938 0.341797 0.201172 0.339844 0.199219 0.339844 0.197266 0.335938 0.193359
0 0.468750 0.175781 0.462891 0.181641 0.460938 0.181641 0.457031 0.185547 0.457031 0.189453 0.455078 0.191406 0.455078 0.203125 0.457031 0.205078 0.457031 0.208984 0.458984 0.210938 0.458984 0.214844 0.460938 0.216797 0.460938 0.218750 0.462891 0.220703 0.462891 0.222656 0.466797 0.226562 0.466797 0.228516 0.474609 0.236328 0.476562 0.236328 0.478516 0.238281 0.503906 0.238281 0.505859 0.236328 0.507812 0.236328 0.507812 0.234375 0.509766 0.232422 0.509766 0.203125 0.507812 0.201172 0.507812 0.195312 0.505859 0.193359 0.505859 0.189453 0.501953 0.185547 0.501953 0.183594 0.498047 0.179688 0.492188 0.179688 0.490234 0.177734 0.488281 0.177734 0.486328 0.175781
0 0.330078 0.228516 0.328125 0.230469 0.326172 0.230469 0.324219 0.232422 0.324219 0.236328 0.326172 0.238281 0.326172 0.240234 0.332031 0.246094 0.349609 0.246094 0.349609 0.240234 0.347656 0.238281 0.347656 0.236328 0.341797 0.230469 0.339844 0.230469 0.337891 0.228516
0 0.865234 0.253906 0.859375 0.259766 0.859375 0.269531 0.861328 0.271484 0.861328 0.273438 0.863281 0.273438 0.867188 0.277344 0.869141 0.277344 0.871094 0.279297 0.878906 0.279297 0.880859 0.277344 0.884766 0.277344 0.884766 0.267578 0.878906 0.261719 0.876953 0.261719 0.871094 0.255859 0.869141 0.255859 0.867188 0.253906
0 0.068359 0.232422 0.066406 0.234375 0.060547 0.234375 0.058594 0.236328 0.048828 0.236328 0.046875 0.238281 0.037109 0.238281 0.035156 0.240234 0.035156 0.242188 0.033203 0.244141 0.033203 0.296875 0.035156 0.298828 0.035156 0.300781 0.039062 0.304688 0.041016 0.304688 0.042969 0.306641 0.056641 0.306641 0.058594 0.304688 0.060547 0.304688 0.064453 0.300781 0.064453 0.298828 0.070312 0.292969 0.070312 0.291016 0.072266 0.289062 0.072266 0.287109 0.078125 0.281250 0.078125 0.279297 0.083984 0.273438 0.085938 0.273438 0.089844 0.269531 0.091797 0.269531 0.093750 0.267578 0.095703 0.267578 0.099609 0.263672 0.101562 0.263672 0.103516 0.261719 0.103516 0.246094 0.101562 0.244141 0.101562 0.242188 0.095703 0.236328 0.091797 0.236328 0.089844 0.234375 0.085938 0.234375 0.083984 0.232422
0 0.900391 0.259766 0.896484 0.263672 0.894531 0.263672 0.894531 0.265625 0.892578 0.267578 0.892578 0.269531 0.890625 0.271484 0.890625 0.279297 0.898438 0.287109 0.900391 0.287109 0.902344 0.289062 0.908203 0.289062 0.910156 0.287109 0.912109 0.287109 0.916016 0.283203 0.916016 0.267578 0.910156 0.261719 0.908203 0.261719 0.906250 0.259766
0 0.330078 0.263672 0.328125 0.265625 0.324219 0.265625 0.324219 0.275391 0.326172 0.277344 0.326172 0.281250 0.328125 0.283203 0.328125 0.285156 0.330078 0.285156 0.332031 0.287109 0.333984 0.287109 0.335938 0.289062 0.341797 0.289062 0.343750 0.291016 0.345703 0.291016 0.347656 0.289062 0.361328 0.289062 0.365234 0.285156 0.367188 0.285156 0.369141 0.283203 0.369141 0.271484 0.363281 0.265625 0.355469 0.265625 0.353516 0.263672
0 0.949219 0.302734 0.947266 0.304688 0.937500 0.304688 0.935547 0.306641 0.931641 0.306641 0.927734 0.310547 0.925781 0.310547 0.923828 0.312500 0.921875 0.312500 0.916016 0.318359 0.916016 0.328125 0.917969 0.328125 0.919922 0.330078 0.921875 0.330078 0.923828 0.332031 0.923828 0.333984 0.927734 0.337891 0.927734 0.343750 0.931641 0.347656 0.933594 0.347656 0.935547 0.349609 0.951172 0.349609 0.953125 0.347656 0.957031 0.347656 0.960938 0.343750 0.962891 0.343750 0.966797 0.339844 0.966797 0.337891 0.968750 0.335938 0.968750 0.324219 0.966797 0.322266 0.966797 0.316406 0.964844 0.314453 0.964844 0.312500 0.958984 0.306641 0.957031 0.306641 0.953125 0.302734
0 0.908203 0.330078 0.906250 0.332031 0.902344 0.332031 0.902344 0.333984 0.898438 0.337891 0.898438 0.345703 0.900391 0.347656 0.900391 0.353516 0.902344 0.355469 0.902344 0.357422 0.906250 0.361328 0.910156 0.361328 0.912109 0.359375 0.916016 0.359375 0.917969 0.357422 0.919922 0.357422 0.925781 0.351562 0.925781 0.337891 0.921875 0.333984 0.921875 0.332031 0.919922 0.332031 0.917969 0.330078
0 0.517578 0.349609 0.513672 0.353516 0.513672 0.363281 0.515625 0.365234 0.515625 0.371094 0.517578 0.373047 0.517578 0.375000 0.519531 0.376953 0.521484 0.376953 0.525391 0.380859 0.527344 0.380859 0.531250 0.384766 0.533203 0.384766 0.537109 0.388672 0.541016 0.388672 0.542969 0.390625 0.550781 0.390625 0.552734 0.388672 0.558594 0.388672 0.560547 0.386719 0.564453 0.386719 0.566406 0.384766 0.568359 0.384766 0.572266 0.380859 0.572266 0.369141 0.570312 0.367188 0.570312 0.365234 0.566406 0.361328 0.564453 0.361328 0.560547 0.357422 0.558594 0.357422 0.556641 0.355469 0.554688 0.355469 0.552734 0.353516 0.550781 0.353516 0.548828 0.351562 0.544922 0.351562 0.542969 0.349609
0 0.443359 0.384766 0.443359 0.386719 0.435547 0.394531 0.435547 0.402344 0.437500 0.404297 0.437500 0.410156 0.441406 0.414062 0.441406 0.416016 0.445312 0.419922 0.447266 0.419922 0.449219 0.421875 0.462891 0.421875 0.464844 0.419922 0.466797 0.419922 0.468750 0.417969 0.468750 0.402344 0.466797 0.400391 0.466797 0.398438 0.462891 0.394531 0.462891 0.392578 0.455078 0.384766
0 0.367188 0.390625 0.365234 0.392578 0.363281 0.392578 0.361328 0.394531 0.361328 0.419922 0.363281 0.421875 0.363281 0.423828 0.365234 0.425781 0.367188 0.425781 0.369141 0.427734 0.373047 0.427734 0.375000 0.429688 0.388672 0.429688 0.390625 0.427734 0.392578 0.427734 0.394531 0.425781 0.394531 0.423828 0.396484 0.421875 0.396484 0.419922 0.398438 0.417969 0.398438 0.410156 0.396484 0.408203 0.396484 0.404297 0.392578 0.400391 0.390625 0.400391 0.388672 0.398438 0.386719 0.398438 0.382812 0.394531 0.380859 0.394531 0.378906 0.392578 0.376953 0.392578 0.375000 0.390625
0 0.230469 0.396484 0.228516 0.398438 0.224609 0.398438 0.222656 0.400391 0.222656 0.402344 0.218750 0.406250 0.218750 0.408203 0.216797 0.410156 0.216797 0.412109 0.212891 0.416016 0.212891 0.417969 0.210938 0.419922 0.210938 0.421875 0.208984 0.423828 0.208984 0.439453 0.210938 0.441406 0.210938 0.447266 0.212891 0.449219 0.212891 0.453125 0.214844 0.455078 0.214844 0.457031 0.216797 0.458984 0.234375 0.458984 0.236328 0.457031 0.238281 0.457031 0.250000 0.445312 0.250000 0.443359 0.251953 0.441406 0.251953 0.439453 0.253906 0.437500 0.253906 0.435547 0.255859 0.433594 0.255859 0.431641 0.259766 0.427734 0.259766 0.425781 0.261719 0.423828 0.261719 0.421875 0.263672 0.419922 0.263672 0.406250 0.261719 0.404297 0.261719 0.402344 0.255859 0.396484
0 0.765625 0.427734 0.763672 0.429688 0.763672 0.441406 0.769531 0.441406 0.771484 0.439453 0.773438 0.439453 0.775391 0.437500 0.775391 0.429688 0.773438 0.427734
0 0.986328 0.419922 0.984375 0.421875 0.980469 0.421875 0.978516 0.423828 0.976562 0.423828 0.968750 0.431641 0.968750 0.433594 0.966797 0.435547 0.966797 0.441406 0.972656 0.447266 0.974609 0.447266 0.976562 0.449219 0.978516 0.449219 0.980469 0.451172 0.984375 0.451172 0.988281 0.455078 0.990234 0.455078 0.992188 0.457031 0.994141 0.457031 0.996094 0.458984 0.998047 0.458984 0.998047 0.421875 0.996094 0.421875 0.994141 0.419922
0 0.089844 0.455078 0.087891 0.457031 0.085938 0.457031 0.083984 0.458984 0.082031 0.458984 0.078125 0.462891 0.078125 0.464844 0.066406 0.476562 0.066406 0.478516 0.070312 0.482422 0.083984 0.482422 0.085938 0.480469 0.087891 0.480469 0.089844 0.478516 0.093750 0.478516 0.097656 0.474609 0.099609 0.474609 0.099609 0.472656 0.103516 0.468750 0.103516 0.458984 0.101562 0.457031 0.101562 0.455078
0 0.771484 0.458984 0.769531 0.460938 0.765625 0.460938 0.759766 0.466797 0.759766 0.476562 0.767578 0.484375 0.769531 0.484375 0.771484 0.486328 0.773438 0.486328 0.775391 0.488281 0.791016 0.488281 0.791016 0.472656 0.789062 0.470703 0.789062 0.464844 0.783203 0.458984
0 0.109375 0.468750 0.107422 0.470703 0.103516 0.470703 0.101562 0.472656 0.101562 0.474609 0.099609 0.476562 0.099609 0.488281 0.101562 0.490234 0.101562 0.494141 0.103516 0.496094 0.103516 0.498047 0.105469 0.500000 0.105469 0.501953 0.107422 0.503906 0.117188 0.503906 0.119141 0.501953 0.121094 0.501953 0.121094 0.500000 0.123047 0.498047 0.123047 0.496094 0.125000 0.494141 0.125000 0.478516 0.123047 0.476562 0.123047 0.472656 0.119141 0.468750
0 0.460938 0.474609 0.458984 0.476562 0.457031 0.476562 0.455078 0.478516 0.453125 0.478516 0.453125 0.480469 0.449219 0.484375 0.449219 0.486328 0.447266 0.488281 0.447266 0.490234 0.445312 0.492188 0.447266 0.494141 0.447266 0.498047 0.449219 0.500000 0.449219 0.501953 0.453125 0.505859 0.455078 0.505859 0.458984 0.509766 0.460938 0.509766 0.462891 0.511719 0.468750 0.511719 0.470703 0.509766 0.480469 0.509766 0.482422 0.507812 0.488281 0.507812 0.490234 0.505859 0.494141 0.505859 0.496094 0.503906 0.500000 0.503906 0.501953 0.501953 0.503906 0.501953 0.503906 0.498047 0.494141 0.488281 0.492188 0.488281 0.480469 0.476562 0.478516 0.476562 0.476562 0.474609
0 0.947266 0.486328 0.945312 0.488281 0.943359 0.488281 0.941406 0.490234 0.941406 0.503906 0.945312 0.507812 0.945312 0.509766 0.949219 0.513672 0.951172 0.513672 0.955078 0.517578 0.957031 0.517578 0.958984 0.519531 0.966797 0.519531 0.966797 0.517578 0.968750 0.515625 0.968750 0.507812 0.966797 0.505859 0.966797 0.501953 0.964844 0.500000 0.964844 0.498047 0.962891 0.496094 0.962891 0.494141 0.957031 0.488281 0.957031 0.486328
0 0.318359 0.480469 0.316406 0.482422 0.312500 0.482422 0.310547 0.484375 0.308594 0.484375 0.304688 0.488281 0.302734 0.488281 0.300781 0.490234 0.298828 0.490234 0.294922 0.494141 0.294922 0.498047 0.296875 0.500000 0.296875 0.505859 0.298828 0.503906 0.298828 0.501953 0.300781 0.500000 0.320312 0.500000 0.322266 0.501953 0.326172 0.501953 0.328125 0.503906 0.330078 0.503906 0.333984 0.507812 0.335938 0.507812 0.337891 0.509766 0.339844 0.509766 0.345703 0.515625 0.345703 0.517578 0.347656 0.519531 0.347656 0.523438 0.349609 0.525391 0.349609 0.529297 0.351562 0.531250 0.351562 0.535156 0.353516 0.535156 0.355469 0.533203 0.357422 0.533203 0.359375 0.531250 0.359375 0.529297 0.361328 0.527344 0.361328 0.513672 0.359375 0.511719 0.359375 0.507812 0.357422 0.505859 0.357422 0.503906 0.353516 0.500000 0.353516 0.498047 0.351562 0.496094 0.351562 0.494141 0.349609 0.492188 0.347656 0.492188 0.339844 0.484375 0.337891 0.484375 0.335938 0.482422 0.333984 0.482422 0.332031 0.480469
0 0.300781 0.501953 0.300781 0.503906 0.294922 0.509766 0.294922 0.527344 0.296875 0.529297 0.296875 0.533203 0.300781 0.537109 0.300781 0.539062 0.302734 0.541016 0.304688 0.541016 0.306641 0.542969 0.308594 0.542969 0.312500 0.546875 0.330078 0.546875 0.332031 0.544922 0.333984 0.544922 0.335938 0.542969 0.337891 0.542969 0.339844 0.541016 0.341797 0.541016 0.343750 0.539062 0.345703 0.539062 0.349609 0.535156 0.349609 0.531250 0.347656 0.529297 0.347656 0.525391 0.345703 0.523438 0.345703 0.519531 0.343750 0.517578 0.343750 0.515625 0.339844 0.511719 0.337891 0.511719 0.335938 0.509766 0.333984 0.509766 0.330078 0.505859 0.328125 0.505859 0.326172 0.503906 0.322266 0.503906 0.320312 0.501953
0 0.970703 0.515625 0.968750 0.517578 0.968750 0.519531 0.966797 0.521484 0.966797 0.548828 0.968750 0.550781 0.968750 0.552734 0.970703 0.552734 0.972656 0.554688 0.976562 0.554688 0.978516 0.556641 0.984375 0.556641 0.986328 0.554688 0.990234 0.554688 0.992188 0.552734 0.994141 0.552734 0.996094 0.550781 0.998047 0.550781 0.998047 0.542969 0.994141 0.539062 0.994141 0.533203 0.992188 0.531250 0.992188 0.529297 0.986328 0.523438 0.984375 0.523438 0.980469 0.519531 0.976562 0.519531 0.974609 0.517578 0.972656 0.517578
0 0.449219 0.531250 0.445312 0.535156 0.443359 0.535156 0.443359 0.539062 0.445312 0.541016 0.445312 0.542969 0.449219 0.546875 0.451172 0.546875 0.453125 0.548828 0.455078 0.548828 0.457031 0.546875 0.458984 0.546875 0.462891 0.542969 0.464844 0.542969 0.464844 0.541016 0.468750 0.537109 0.468750 0.531250
0 0.763672 0.541016 0.761719 0.542969 0.759766 0.542969 0.755859 0.546875 0.753906 0.546875 0.753906 0.550781 0.755859 0.552734 0.755859 0.558594 0.757812 0.560547 0.757812 0.562500 0.759766 0.564453 0.759766 0.566406 0.767578 0.574219 0.777344 0.574219 0.781250 0.570312 0.781250 0.568359 0.783203 0.566406 0.783203 0.546875 0.779297 0.542969 0.773438 0.542969 0.771484 0.541016
0 0.175781 0.539062 0.173828 0.541016 0.171875 0.541016 0.169922 0.542969 0.169922 0.544922 0.166016 0.548828 0.166016 0.550781 0.164062 0.552734 0.164062 0.554688 0.162109 0.556641 0.164062 0.558594 0.164062 0.574219 0.166016 0.576172 0.166016 0.580078 0.167969 0.582031 0.167969 0.583984 0.169922 0.585938 0.169922 0.587891 0.175781 0.593750 0.175781 0.595703 0.177734 0.597656 0.179688 0.597656 0.181641 0.599609 0.185547 0.599609 0.187500 0.601562 0.205078 0.601562 0.205078 0.599609 0.208984 0.595703 0.208984 0.574219 0.207031 0.572266 0.207031 0.566406 0.205078 0.564453 0.205078 0.558594 0.203125 0.556641 0.203125 0.554688 0.201172 0.552734 0.201172 0.550781 0.199219 0.548828 0.199219 0.546875 0.197266 0.546875 0.189453 0.539062
0 0.937500 0.550781 0.935547 0.552734 0.931641 0.552734 0.931641 0.554688 0.919922 0.566406 0.917969 0.566406 0.914062 0.570312 0.914062 0.578125 0.916016 0.580078 0.916016 0.582031 0.919922 0.585938 0.919922 0.587891 0.923828 0.587891 0.925781 0.589844 0.927734 0.589844 0.929688 0.591797 0.933594 0.591797 0.935547 0.593750 0.939453 0.593750 0.941406 0.595703 0.951172 0.595703 0.955078 0.591797 0.955078 0.589844 0.958984 0.585938 0.958984 0.583984 0.960938 0.582031 0.960938 0.562500 0.957031 0.558594 0.957031 0.556641 0.955078 0.554688 0.953125 0.554688 0.951172 0.552734 0.945312 0.552734 0.943359 0.550781
0 0.335938 0.576172 0.333984 0.578125 0.333984 0.580078 0.330078 0.583984 0.330078 0.589844 0.332031 0.591797 0.332031 0.599609 0.333984 0.601562 0.333984 0.605469 0.337891 0.609375 0.339844 0.609375 0.343750 0.613281 0.345703 0.613281 0.347656 0.615234 0.349609 0.615234 0.351562 0.617188 0.363281 0.617188 0.367188 0.613281 0.369141 0.613281 0.373047 0.609375 0.373047 0.607422 0.375000 0.605469 0.375000 0.593750 0.373047 0.591797 0.373047 0.589844 0.371094 0.587891 0.369141 0.587891 0.367188 0.585938 0.363281 0.585938 0.361328 0.583984 0.359375 0.583984 0.357422 0.582031 0.355469 0.582031 0.353516 0.580078 0.347656 0.580078 0.345703 0.578125 0.343750 0.578125 0.341797 0.576172
0 0.443359 0.583984 0.441406 0.585938 0.439453 0.585938 0.437500 0.587891 0.437500 0.591797 0.435547 0.593750 0.435547 0.595703 0.433594 0.597656 0.433594 0.601562 0.435547 0.603516 0.435547 0.605469 0.437500 0.607422 0.439453 0.607422 0.441406 0.609375 0.441406 0.611328 0.443359 0.609375 0.445312 0.609375 0.447266 0.607422 0.451172 0.607422 0.453125 0.605469 0.457031 0.605469 0.457031 0.597656 0.455078 0.595703 0.455078 0.591797 0.451172 0.587891 0.451172 0.585938 0.449219 0.583984
0 0.710938 0.589844 0.708984 0.591797 0.705078 0.591797 0.703125 0.593750 0.703125 0.605469 0.705078 0.607422 0.705078 0.611328 0.707031 0.613281 0.707031 0.619141 0.708984 0.621094 0.708984 0.623047 0.710938 0.625000 0.710938 0.626953 0.716797 0.632812 0.718750 0.632812 0.720703 0.634766 0.732422 0.634766 0.734375 0.632812 0.736328 0.632812 0.740234 0.628906 0.742188 0.628906 0.748047 0.623047 0.748047 0.613281 0.746094 0.611328 0.746094 0.609375 0.744141 0.607422 0.744141 0.605469 0.740234 0.601562 0.740234 0.599609 0.738281 0.597656 0.736328 0.597656 0.732422 0.593750 0.728516 0.593750 0.726562 0.591797 0.724609 0.591797 0.722656 0.589844
0 0.453125 0.607422 0.451172 0.609375 0.447266 0.609375 0.445312 0.611328 0.443359 0.611328 0.441406 0.613281 0.439453 0.613281 0.437500 0.615234 0.437500 0.617188 0.435547 0.619141 0.435547 0.621094 0.433594 0.623047 0.433594 0.636719 0.441406 0.644531 0.443359 0.644531 0.445312 0.646484 0.447266 0.646484 0.449219 0.648438 0.458984 0.648438 0.460938 0.646484 0.464844 0.646484 0.466797 0.644531 0.466797 0.642578 0.470703 0.638672 0.470703 0.636719 0.472656 0.634766 0.472656 0.632812 0.476562 0.628906 0.476562 0.615234 0.468750 0.607422
0 0.039062 0.607422 0.037109 0.609375 0.033203 0.609375 0.021484 0.621094 0.021484 0.634766 0.023438 0.636719 0.023438 0.638672 0.025391 0.640625 0.025391 0.642578 0.027344 0.644531 0.029297 0.644531 0.031250 0.646484 0.037109 0.646484 0.039062 0.648438 0.042969 0.648438 0.044922 0.650391 0.056641 0.650391 0.058594 0.648438 0.064453 0.648438 0.066406 0.646484 0.068359 0.646484 0.074219 0.640625 0.074219 0.630859 0.072266 0.628906 0.072266 0.626953 0.066406 0.621094 0.066406 0.619141 0.064453 0.619141 0.058594 0.613281 0.056641 0.613281 0.052734 0.609375 0.048828 0.609375 0.046875 0.607422
0 0.160156 0.626953 0.158203 0.628906 0.156250 0.628906 0.152344 0.632812 0.150391 0.632812 0.146484 0.636719 0.146484 0.652344 0.148438 0.654297 0.148438 0.656250 0.150391 0.658203 0.150391 0.662109 0.156250 0.667969 0.166016 0.667969 0.167969 0.666016 0.169922 0.666016 0.171875 0.664062 0.173828 0.664062 0.181641 0.656250 0.181641 0.652344 0.183594 0.650391 0.183594 0.638672 0.181641 0.636719 0.181641 0.634766 0.175781 0.628906 0.169922 0.628906 0.167969 0.626953
0 0.761719 0.642578 0.759766 0.644531 0.755859 0.644531 0.751953 0.648438 0.751953 0.652344 0.750000 0.654297 0.750000 0.671875 0.751953 0.673828 0.751953 0.675781 0.753906 0.677734 0.757812 0.677734 0.757812 0.675781 0.759766 0.673828 0.759766 0.671875 0.763672 0.667969 0.771484 0.667969 0.777344 0.662109 0.777344 0.652344 0.775391 0.650391 0.775391 0.648438 0.771484 0.644531 0.769531 0.644531 0.767578 0.642578
0 0.589844 0.642578 0.587891 0.644531 0.582031 0.644531 0.580078 0.646484 0.578125 0.646484 0.574219 0.650391 0.574219 0.652344 0.576172 0.652344 0.580078 0.656250 0.580078 0.660156 0.582031 0.662109 0.582031 0.689453 0.580078 0.691406 0.580078 0.693359 0.574219 0.699219 0.574219 0.701172 0.578125 0.705078 0.580078 0.705078 0.582031 0.707031 0.597656 0.707031 0.599609 0.705078 0.601562 0.705078 0.605469 0.701172 0.607422 0.701172 0.613281 0.695312 0.615234 0.695312 0.617188 0.693359 0.617188 0.691406 0.621094 0.687500 0.621094 0.685547 0.623047 0.683594 0.623047 0.666016 0.621094 0.664062 0.621094 0.660156 0.619141 0.658203 0.619141 0.656250 0.617188 0.654297 0.617188 0.652344 0.613281 0.648438 0.611328 0.648438 0.607422 0.644531 0.605469 0.644531 0.603516 0.642578
0 0.558594 0.650391 0.556641 0.652344 0.554688 0.652344 0.548828 0.658203 0.548828 0.660156 0.544922 0.664062 0.544922 0.666016 0.541016 0.669922 0.541016 0.671875 0.539062 0.673828 0.539062 0.691406 0.541016 0.693359 0.541016 0.697266 0.548828 0.705078 0.560547 0.705078 0.562500 0.703125 0.564453 0.703125 0.566406 0.701172 0.568359 0.701172 0.570312 0.699219 0.572266 0.699219 0.578125 0.693359 0.578125 0.691406 0.580078 0.689453 0.580078 0.662109 0.578125 0.660156 0.578125 0.656250 0.576172 0.654297 0.574219 0.654297 0.572266 0.652344 0.570312 0.652344 0.568359 0.650391
0 0.763672 0.669922 0.761719 0.671875 0.761719 0.673828 0.759766 0.675781 0.759766 0.679688 0.757812 0.681641 0.757812 0.691406 0.759766 0.693359 0.759766 0.695312 0.761719 0.697266 0.775391 0.697266 0.777344 0.695312 0.779297 0.695312 0.779297 0.693359 0.781250 0.691406 0.781250 0.689453 0.783203 0.687500 0.783203 0.681641 0.781250 0.679688 0.781250 0.675781 0.777344 0.671875 0.775391 0.671875 0.773438 0.669922
0 0.433594 0.707031 0.431641 0.708984 0.429688 0.708984 0.427734 0.710938 0.427734 0.712891 0.425781 0.714844 0.425781 0.718750 0.423828 0.720703 0.423828 0.728516 0.425781 0.730469 0.425781 0.732422 0.429688 0.736328 0.431641 0.736328 0.433594 0.738281 0.435547 0.738281 0.437500 0.740234 0.449219 0.740234 0.451172 0.738281 0.453125 0.738281 0.455078 0.736328 0.455078 0.720703 0.451172 0.716797 0.451172 0.714844 0.449219 0.714844 0.443359 0.708984 0.441406 0.708984 0.439453 0.707031
0 0.394531 0.718750 0.386719 0.726562 0.386719 0.730469 0.388672 0.732422 0.388672 0.734375 0.390625 0.736328 0.390625 0.738281 0.396484 0.744141 0.396484 0.746094 0.400391 0.750000 0.416016 0.750000 0.417969 0.748047 0.419922 0.748047 0.419922 0.746094 0.421875 0.744141 0.423828 0.744141 0.423828 0.738281 0.421875 0.736328 0.421875 0.734375 0.419922 0.732422 0.419922 0.730469 0.414062 0.724609 0.412109 0.724609 0.410156 0.722656 0.408203 0.722656 0.404297 0.718750
0 0.806641 0.724609 0.804688 0.726562 0.802734 0.726562 0.800781 0.728516 0.798828 0.728516 0.794922 0.732422 0.794922 0.748047 0.796875 0.750000 0.796875 0.753906 0.798828 0.755859 0.798828 0.757812 0.802734 0.761719 0.802734 0.763672 0.808594 0.769531 0.810547 0.769531 0.814453 0.773438 0.816406 0.773438 0.818359 0.775391 0.820312 0.775391 0.822266 0.777344 0.828125 0.777344 0.828125 0.767578 0.832031 0.763672 0.832031 0.761719 0.839844 0.753906 0.841797 0.753906 0.841797 0.750000 0.839844 0.748047 0.839844 0.744141 0.837891 0.742188 0.837891 0.740234 0.835938 0.738281 0.835938 0.736328 0.826172 0.726562 0.824219 0.726562 0.822266 0.724609
0 0.843750 0.753906 0.841797 0.755859 0.839844 0.755859 0.833984 0.761719 0.833984 0.763672 0.830078 0.767578 0.830078 0.783203 0.832031 0.785156 0.832031 0.789062 0.841797 0.798828 0.843750 0.798828 0.847656 0.802734 0.857422 0.802734 0.859375 0.800781 0.867188 0.800781 0.867188 0.789062 0.865234 0.787109 0.865234 0.783203 0.859375 0.777344 0.859375 0.775391 0.855469 0.771484 0.855469 0.769531 0.851562 0.765625 0.851562 0.761719 0.847656 0.757812 0.847656 0.755859 0.845703 0.753906
0 0.433594 0.792969 0.431641 0.794922 0.429688 0.794922 0.423828 0.800781 0.423828 0.808594 0.425781 0.810547 0.425781 0.812500 0.429688 0.816406 0.429688 0.818359 0.431641 0.818359 0.435547 0.822266 0.447266 0.822266 0.453125 0.816406 0.453125 0.806641 0.451172 0.804688 0.451172 0.800781 0.443359 0.792969
0 0.515625 0.792969 0.513672 0.794922 0.511719 0.794922 0.509766 0.796875 0.509766 0.802734 0.513672 0.802734 0.515625 0.804688 0.517578 0.804688 0.521484 0.808594 0.521484 0.810547 0.525391 0.814453 0.525391 0.816406 0.527344 0.818359 0.529297 0.818359 0.531250 0.820312 0.535156 0.820312 0.537109 0.822266 0.539062 0.822266 0.542969 0.826172 0.544922 0.826172 0.546875 0.828125 0.558594 0.828125 0.558594 0.820312 0.556641 0.818359 0.556641 0.816406 0.554688 0.814453 0.552734 0.814453 0.546875 0.808594 0.544922 0.808594 0.535156 0.798828 0.533203 0.798828 0.529297 0.794922 0.525391 0.794922 0.523438 0.792969
0 0.496094 0.802734 0.494141 0.804688 0.490234 0.804688 0.488281 0.806641 0.484375 0.806641 0.482422 0.808594 0.478516 0.808594 0.478516 0.818359 0.490234 0.830078 0.492188 0.830078 0.496094 0.833984 0.500000 0.833984 0.503906 0.837891 0.515625 0.837891 0.517578 0.835938 0.519531 0.835938 0.521484 0.833984 0.521484 0.832031 0.523438 0.830078 0.523438 0.814453 0.519531 0.810547 0.519531 0.808594 0.517578 0.806641 0.515625 0.806641 0.513672 0.804688 0.509766 0.804688 0.507812 0.802734
0 0.435547 0.828125 0.433594 0.830078 0.431641 0.830078 0.427734 0.833984 0.425781 0.833984 0.423828 0.835938 0.421875 0.835938 0.419922 0.837891 0.417969 0.837891 0.416016 0.839844 0.414062 0.839844 0.410156 0.843750 0.404297 0.843750 0.400391 0.847656 0.398438 0.847656 0.398438 0.859375 0.400391 0.861328 0.400391 0.863281 0.402344 0.865234 0.404297 0.865234 0.410156 0.871094 0.414062 0.871094 0.416016 0.873047 0.419922 0.873047 0.421875 0.871094 0.423828 0.871094 0.441406 0.853516 0.441406 0.851562 0.445312 0.847656 0.445312 0.845703 0.447266 0.843750 0.447266 0.835938 0.445312 0.833984 0.445312 0.832031 0.441406 0.828125
0 0.982422 0.830078 0.978516 0.833984 0.976562 0.833984 0.976562 0.835938 0.974609 0.837891 0.974609 0.839844 0.972656 0.841797 0.972656 0.859375 0.974609 0.861328 0.974609 0.863281 0.978516 0.867188 0.980469 0.867188 0.984375 0.871094 0.986328 0.871094 0.994141 0.878906 0.994141 0.880859 0.998047 0.884766 0.998047 0.832031 0.996094 0.832031 0.994141 0.830078
0 0.292969 0.853516 0.291016 0.855469 0.289062 0.855469 0.287109 0.857422 0.277344 0.857422 0.269531 0.865234 0.269531 0.867188 0.265625 0.871094 0.265625 0.873047 0.263672 0.875000 0.263672 0.878906 0.261719 0.880859 0.261719 0.886719 0.263672 0.888672 0.263672 0.892578 0.265625 0.892578 0.269531 0.896484 0.277344 0.896484 0.279297 0.894531 0.302734 0.894531 0.304688 0.892578 0.306641 0.892578 0.308594 0.890625 0.310547 0.890625 0.314453 0.886719 0.314453 0.884766 0.316406 0.882812 0.316406 0.869141 0.314453 0.867188 0.314453 0.865234 0.312500 0.863281 0.312500 0.861328 0.306641 0.855469 0.304688 0.855469 0.302734 0.853516
0 0.560547 0.857422 0.558594 0.859375 0.556641 0.859375 0.550781 0.865234 0.550781 0.867188 0.546875 0.871094 0.546875 0.875000 0.548828 0.876953 0.548828 0.878906 0.550781 0.880859 0.550781 0.882812 0.558594 0.890625 0.562500 0.890625 0.564453 0.892578 0.572266 0.892578 0.574219 0.890625 0.576172 0.890625 0.582031 0.884766 0.582031 0.882812 0.583984 0.880859 0.583984 0.871094 0.582031 0.869141 0.582031 0.865234 0.580078 0.863281 0.578125 0.863281 0.574219 0.859375 0.570312 0.859375 0.568359 0.857422
0 0.015625 0.916016 0.015625 0.927734 0.017578 0.929688 0.017578 0.931641 0.019531 0.933594 0.019531 0.935547 0.025391 0.941406 0.025391 0.943359 0.027344 0.945312 0.027344 0.947266 0.033203 0.953125 0.033203 0.955078 0.039062 0.960938 0.039062 0.962891 0.041016 0.964844 0.042969 0.964844 0.046875 0.968750 0.056641 0.968750 0.052734 0.964844 0.052734 0.962891 0.050781 0.960938 0.050781 0.947266 0.054688 0.943359 0.054688 0.941406 0.058594 0.937500 0.056641 0.935547 0.056641 0.933594 0.050781 0.927734 0.050781 0.925781 0.048828 0.925781 0.042969 0.919922 0.035156 0.919922 0.033203 0.917969 0.025391 0.917969 0.023438 0.916016
0 0.068359 0.929688 0.056641 0.941406 0.056641 0.943359 0.052734 0.947266 0.052734 0.960938 0.054688 0.962891 0.054688 0.964844 0.060547 0.970703 0.070312 0.970703 0.072266 0.968750 0.074219 0.968750 0.078125 0.964844 0.078125 0.962891 0.082031 0.958984 0.082031 0.955078 0.083984 0.953125 0.083984 0.937500 0.082031 0.935547 0.082031 0.931641 0.080078 0.929688
0 0.546875 0.929688 0.544922 0.931641 0.542969 0.931641 0.541016 0.933594 0.539062 0.933594 0.531250 0.941406 0.529297 0.941406 0.527344 0.943359 0.525391 0.943359 0.523438 0.945312 0.519531 0.945312 0.513672 0.951172 0.513672 0.960938 0.515625 0.962891 0.515625 0.964844 0.517578 0.966797 0.517578 0.968750 0.521484 0.972656 0.521484 0.974609 0.527344 0.980469 0.527344 0.982422 0.537109 0.992188 0.539062 0.992188 0.542969 0.996094 0.544922 0.996094 0.546875 0.998047 0.566406 0.998047 0.568359 0.996094 0.568359 0.986328 0.566406 0.984375 0.566406 0.980469 0.562500 0.976562 0.562500 0.972656 0.558594 0.968750 0.558594 0.966797 0.554688 0.962891 0.554688 0.958984 0.552734 0.957031 0.552734 0.949219 0.554688 0.947266 0.554688 0.943359 0.556641 0.941406 0.556641 0.933594 0.554688 0.931641 0.552734 0.931641 0.550781 0.929688
0 0.812500 0.945312 0.806641 0.951172 0.806641 0.953125 0.804688 0.955078 0.804688 0.957031 0.802734 0.958984 0.802734 0.974609 0.804688 0.976562 0.804688 0.988281 0.806641 0.990234 0.806641 0.994141 0.808594 0.996094 0.808594 0.998047 0.875000 0.998047 0.875000 0.992188 0.873047 0.990234 0.873047 0.986328 0.871094 0.984375 0.871094 0.980469 0.869141 0.978516 0.869141 0.976562 0.865234 0.972656 0.865234 0.970703 0.861328 0.966797 0.859375 0.966797 0.855469 0.962891 0.853516 0.962891 0.849609 0.958984 0.847656 0.958984 0.845703 0.957031 0.843750 0.957031 0.839844 0.953125 0.837891 0.953125 0.835938 0.951172 0.833984 0.951172 0.832031 0.949219 0.830078 0.949219 0.826172 0.945312
0 0.189453 0.955078 0.187500 0.957031 0.185547 0.957031 0.175781 0.966797 0.175781 0.968750 0.171875 0.972656 0.171875 0.974609 0.169922 0.976562 0.169922 0.978516 0.167969 0.980469 0.167969 0.998047 0.189453 0.998047 0.189453 0.992188 0.191406 0.990234 0.195312 0.990234 0.195312 0.988281 0.197266 0.986328 0.197266 0.980469 0.199219 0.978516 0.199219 0.976562 0.201172 0.974609 0.201172 0.970703 0.203125 0.968750 0.203125 0.962891 0.201172 0.960938 0.201172 0.957031 0.197266 0.957031 0.195312 0.955078
0 0.638672 0.957031 0.634766 0.960938 0.632812 0.960938 0.626953 0.966797 0.626953 0.968750 0.625000 0.970703 0.625000 0.972656 0.623047 0.974609 0.623047 0.980469 0.621094 0.982422 0.621094 0.992188 0.623047 0.994141 0.623047 0.998047 0.673828 0.998047 0.673828 0.996094 0.675781 0.994141 0.675781 0.990234 0.679688 0.986328 0.679688 0.984375 0.681641 0.982422 0.681641 0.974609 0.679688 0.972656 0.679688 0.970703 0.671875 0.962891 0.669922 0.962891 0.667969 0.960938 0.666016 0.960938 0.664062 0.958984 0.660156 0.958984 0.658203 0.957031
0 0.214844 0.988281 0.212891 0.990234 0.199219 0.990234 0.197266 0.992188 0.191406 0.992188 0.191406 0.998047 0.238281 0.998047 0.238281 0.994141 0.236328 0.992188 0.236328 0.990234 0.234375 0.988281
