0 0.224609 0.076172 0.222656 0.078125 0.220703 0.078125 0.218750 0.080078 0.218750 0.083984 0.216797 0.085938 0.218750 0.087891 0.218750 0.091797 0.222656 0.095703 0.222656 0.097656 0.226562 0.101562 0.226562 0.103516 0.228516 0.105469 0.230469 0.105469 0.232422 0.103516 0.232422 0.078125 0.230469 0.076172
0 0.205078 0.083984 0.203125 0.085938 0.201172 0.085938 0.201172 0.087891 0.197266 0.091797 0.197266 0.115234 0.201172 0.119141 0.203125 0.117188 0.203125 0.113281 0.205078 0.111328 0.205078 0.107422 0.207031 0.105469 0.207031 0.101562 0.214844 0.093750 0.214844 0.085938 0.212891 0.085938 0.210938 0.083984
0 0.220703 0.136719 0.218750 0.138672 0.218750 0.146484 0.220703 0.148438 0.220703 0.150391 0.222656 0.152344 0.224609 0.152344 0.226562 0.154297 0.232422 0.154297 0.234375 0.152344 0.234375 0.150391 0.232422 0.148438 0.232422 0.146484 0.228516 0.142578 0.228516 0.140625 0.224609 0.136719
0 0.052734 0.146484 0.050781 0.148438 0.048828 0.148438 0.048828 0.150391 0.046875 0.152344 0.046875 0.156250 0.044922 0.158203 0.044922 0.166016 0.046875 0.167969 0.046875 0.169922 0.048828 0.171875 0.048828 0.173828 0.052734 0.177734 0.052734 0.179688 0.056641 0.183594 0.058594 0.183594 0.066406 0.191406 0.066406 0.193359 0.068359 0.193359 0.072266 0.197266 0.078125 0.197266 0.083984 0.191406 0.083984 0.179688 0.082031 0.177734 0.082031 0.171875 0.080078 0.169922 0.080078 0.166016 0.076172 0.162109 0.076172 0.160156 0.074219 0.158203 0.074219 0.156250 0.068359 0.150391 0.066406 0.150391 0.062500 0.146484
0 0.302734 0.228516 0.300781 0.230469 0.294922 0.230469 0.292969 0.232422 0.287109 0.232422 0.285156 0.234375 0.281250 0.234375 0.279297 0.236328 0.275391 0.236328 0.273438 0.238281 0.269531 0.238281 0.263672 0.244141 0.261719 0.244141 0.259766 0.246094 0.257812 0.246094 0.255859 0.248047 0.250000 0.248047 0.255859 0.253906 0.255859 0.257812 0.259766 0.253906 0.261719 0.253906 0.263672 0.251953 0.265625 0.251953 0.269531 0.248047 0.271484 0.248047 0.273438 0.246094 0.275391 0.246094 0.277344 0.244141 0.281250 0.244141 0.283203 0.242188 0.289062 0.242188 0.291016 0.240234 0.296875 0.240234 0.298828 0.238281 0.300781 0.238281 0.302734 0.236328 0.304688 0.236328 0.306641 0.234375 0.308594 0.234375 0.308594 0.228516
0 0.296875 0.246094 0.294922 0.248047 0.292969 0.248047 0.291016 0.250000 0.285156 0.250000 0.283203 0.251953 0.281250 0.251953 0.279297 0.253906 0.275391 0.253906 0.273438 0.255859 0.271484 0.255859 0.267578 0.259766 0.263672 0.259766 0.261719 0.261719 0.257812 0.261719 0.257812 0.267578 0.259766 0.267578 0.261719 0.265625 0.263672 0.265625 0.265625 0.263672 0.269531 0.263672 0.271484 0.261719 0.277344 0.261719 0.279297 0.259766 0.289062 0.259766 0.291016 0.257812 0.294922 0.257812 0.296875 0.255859 0.298828 0.255859 0.300781 0.253906 0.302734 0.253906 0.306641 0.250000 0.306641 0.246094
0 0.230469 0.242188 0.228516 0.244141 0.222656 0.244141 0.212891 0.253906 0.210938 0.253906 0.207031 0.257812 0.205078 0.257812 0.203125 0.259766 0.201172 0.259766 0.195312 0.265625 0.195312 0.267578 0.187500 0.275391 0.187500 0.279297 0.185547 0.281250 0.185547 0.289062 0.187500 0.291016 0.187500 0.292969 0.189453 0.294922 0.189453 0.296875 0.191406 0.296875 0.197266 0.302734 0.199219 0.302734 0.201172 0.304688 0.208984 0.304688 0.210938 0.302734 0.218750 0.302734 0.220703 0.300781 0.222656 0.300781 0.224609 0.298828 0.228516 0.298828 0.230469 0.296875 0.232422 0.296875 0.234375 0.294922 0.236328 0.294922 0.238281 0.292969 0.242188 0.292969 0.244141 0.291016 0.246094 0.291016 0.248047 0.289062 0.250000 0.289062 0.251953 0.287109 0.251953 0.285156 0.255859 0.281250 0.255859 0.259766 0.253906 0.257812 0.253906 0.253906 0.246094 0.246094 0.244141 0.246094 0.242188 0.244141 0.238281 0.244141 0.236328 0.242188
0 0.453125 0.333984 0.451172 0.335938 0.451172 0.341797 0.462891 0.353516 0.462891 0.355469 0.464844 0.357422 0.464844 0.363281 0.460938 0.367188 0.460938 0.371094 0.462891 0.373047 0.462891 0.375000 0.466797 0.378906 0.476562 0.378906 0.482422 0.373047 0.482422 0.371094 0.484375 0.369141 0.484375 0.367188 0.486328 0.365234 0.486328 0.351562 0.484375 0.349609 0.484375 0.347656 0.478516 0.341797 0.476562 0.341797 0.472656 0.337891 0.470703 0.337891 0.468750 0.335938 0.466797 0.335938 0.464844 0.333984
0 0.435547 0.353516 0.433594 0.355469 0.429688 0.355469 0.427734 0.357422 0.425781 0.357422 0.423828 0.359375 0.421875 0.359375 0.419922 0.361328 0.414062 0.361328 0.412109 0.363281 0.408203 0.363281 0.406250 0.365234 0.404297 0.365234 0.402344 0.367188 0.400391 0.367188 0.398438 0.369141 0.376953 0.369141 0.375000 0.367188 0.373047 0.367188 0.371094 0.369141 0.369141 0.369141 0.365234 0.373047 0.365234 0.382812 0.367188 0.384766 0.367188 0.386719 0.369141 0.388672 0.371094 0.388672 0.375000 0.392578 0.376953 0.392578 0.378906 0.394531 0.382812 0.394531 0.384766 0.396484 0.394531 0.396484 0.396484 0.394531 0.400391 0.394531 0.402344 0.392578 0.404297 0.392578 0.408203 0.388672 0.410156 0.388672 0.412109 0.386719 0.414062 0.386719 0.417969 0.382812 0.419922 0.382812 0.423828 0.378906 0.425781 0.378906 0.427734 0.376953 0.429688 0.376953 0.435547 0.371094 0.437500 0.371094 0.441406 0.367188 0.441406 0.365234 0.445312 0.361328 0.445312 0.355469 0.443359 0.353516
0 0.126953 0.544922 0.119141 0.552734 0.117188 0.552734 0.115234 0.554688 0.113281 0.554688 0.111328 0.556641 0.111328 0.558594 0.109375 0.560547 0.109375 0.564453 0.111328 0.566406 0.111328 0.568359 0.125000 0.568359 0.126953 0.566406 0.128906 0.566406 0.128906 0.564453 0.138672 0.554688 0.138672 0.550781 0.136719 0.548828 0.136719 0.546875 0.134766 0.546875 0.132812 0.544922
0 0.830078 0.564453 0.826172 0.568359 0.826172 0.574219 0.828125 0.576172 0.828125 0.578125 0.830078 0.580078 0.830078 0.582031 0.835938 0.582031 0.837891 0.583984 0.839844 0.583984 0.841797 0.585938 0.847656 0.585938 0.849609 0.583984 0.849609 0.580078 0.847656 0.578125 0.847656 0.576172 0.845703 0.574219 0.845703 0.572266 0.841797 0.572266 0.839844 0.570312 0.839844 0.568359 0.837891 0.568359 0.833984 0.564453
0 0.675781 0.607422 0.673828 0.609375 0.669922 0.609375 0.667969 0.611328 0.664062 0.611328 0.662109 0.613281 0.660156 0.613281 0.658203 0.615234 0.656250 0.615234 0.654297 0.617188 0.648438 0.617188 0.646484 0.619141 0.644531 0.619141 0.642578 0.621094 0.642578 0.623047 0.644531 0.625000 0.648438 0.625000 0.650391 0.626953 0.664062 0.626953 0.666016 0.625000 0.669922 0.625000 0.669922 0.623047 0.675781 0.617188 0.677734 0.617188 0.681641 0.613281 0.681641 0.607422
0 0.701172 0.611328 0.699219 0.613281 0.695312 0.613281 0.693359 0.615234 0.691406 0.615234 0.687500 0.619141 0.687500 0.621094 0.685547 0.623047 0.685547 0.625000 0.687500 0.626953 0.712891 0.626953 0.714844 0.625000 0.720703 0.625000 0.720703 0.621094 0.712891 0.613281 0.710938 0.613281 0.708984 0.611328
0 0.000000 0.613281 0.000000 0.632812 0.005859 0.632812 0.007812 0.630859 0.007812 0.621094 0.005859 0.619141 0.005859 0.617188 0.003906 0.615234 0.003906 0.613281
0 0.666016 0.628906 0.664062 0.630859 0.662109 0.630859 0.656250 0.636719 0.656250 0.638672 0.654297 0.640625 0.654297 0.642578 0.652344 0.644531 0.652344 0.660156 0.654297 0.662109 0.662109 0.662109 0.666016 0.658203 0.666016 0.656250 0.667969 0.654297 0.667969 0.652344 0.669922 0.650391 0.669922 0.628906
0 0.263672 0.703125 0.255859 0.710938 0.255859 0.712891 0.250000 0.718750 0.251953 0.720703 0.251953 0.722656 0.253906 0.724609 0.255859 0.724609 0.259766 0.728516 0.271484 0.728516 0.273438 0.726562 0.273438 0.724609 0.277344 0.720703 0.277344 0.708984 0.275391 0.707031 0.275391 0.705078 0.273438 0.703125
0 0.361328 0.726562 0.359375 0.728516 0.330078 0.728516 0.328125 0.730469 0.320312 0.730469 0.318359 0.732422 0.312500 0.732422 0.310547 0.734375 0.306641 0.734375 0.302734 0.738281 0.300781 0.738281 0.298828 0.740234 0.298828 0.742188 0.296875 0.744141 0.296875 0.748047 0.302734 0.753906 0.304688 0.753906 0.306641 0.755859 0.316406 0.755859 0.318359 0.753906 0.320312 0.753906 0.324219 0.750000 0.326172 0.750000 0.328125 0.748047 0.330078 0.748047 0.333984 0.744141 0.335938 0.744141 0.339844 0.740234 0.341797 0.740234 0.343750 0.738281 0.347656 0.738281 0.349609 0.736328 0.416016 0.736328 0.417969 0.734375 0.421875 0.734375 0.423828 0.732422 0.425781 0.732422 0.427734 0.730469 0.427734 0.726562
0 0.134766 0.869141 0.132812 0.871094 0.132812 0.873047 0.134766 0.875000 0.134766 0.878906 0.136719 0.880859 0.136719 0.890625 0.138672 0.892578 0.138672 0.900391 0.140625 0.902344 0.140625 0.906250 0.146484 0.906250 0.148438 0.904297 0.150391 0.904297 0.152344 0.902344 0.152344 0.898438 0.154297 0.896484 0.154297 0.882812 0.152344 0.880859 0.152344 0.878906 0.142578 0.869141
0 0.060547 0.894531 0.058594 0.896484 0.054688 0.896484 0.052734 0.898438 0.050781 0.898438 0.048828 0.900391 0.046875 0.900391 0.042969 0.904297 0.042969 0.914062 0.041016 0.916016 0.041016 0.917969 0.044922 0.917969 0.046875 0.916016 0.052734 0.916016 0.054688 0.914062 0.058594 0.914062 0.060547 0.912109 0.064453 0.912109 0.066406 0.910156 0.074219 0.910156 0.076172 0.908203 0.080078 0.908203 0.082031 0.906250 0.083984 0.906250 0.083984 0.904297 0.085938 0.902344 0.085938 0.898438 0.083984 0.898438 0.082031 0.896484 0.080078 0.896484 0.078125 0.894531
0 0.021484 0.898438 0.017578 0.902344 0.015625 0.902344 0.013672 0.904297 0.011719 0.904297 0.007812 0.908203 0.005859 0.908203 0.003906 0.910156 0.001953 0.910156 0.000000 0.912109 0.000000 0.939453 0.001953 0.939453 0.003906 0.937500 0.009766 0.937500 0.011719 0.935547 0.013672 0.935547 0.015625 0.933594 0.017578 0.933594 0.019531 0.931641 0.021484 0.931641 0.025391 0.927734 0.027344 0.927734 0.031250 0.923828 0.033203 0.923828 0.037109 0.919922 0.037109 0.917969 0.041016 0.914062 0.041016 0.900391 0.039062 0.900391 0.037109 0.898438
0 0.125000 0.912109 0.125000 0.923828 0.123047 0.925781 0.123047 0.933594 0.125000 0.935547 0.126953 0.933594 0.128906 0.933594 0.130859 0.931641 0.130859 0.929688 0.132812 0.927734 0.132812 0.923828 0.134766 0.921875 0.134766 0.916016 0.132812 0.914062 0.132812 0.912109
0 0.779297 0.902344 0.777344 0.904297 0.775391 0.904297 0.773438 0.906250 0.773438 0.914062 0.775391 0.916016 0.775391 0.921875 0.777344 0.923828 0.777344 0.927734 0.779297 0.929688 0.779297 0.933594 0.781250 0.935547 0.781250 0.937500 0.783203 0.939453 0.783203 0.941406 0.787109 0.945312 0.787109 0.947266 0.792969 0.953125 0.792969 0.955078 0.802734 0.964844 0.802734 0.966797 0.810547 0.974609 0.810547 0.976562 0.812500 0.978516 0.812500 0.992188 0.806641 0.998047 0.833984 0.998047 0.833984 0.996094 0.835938 0.994141 0.835938 0.958984 0.833984 0.957031 0.833984 0.951172 0.832031 0.949219 0.832031 0.945312 0.830078 0.943359 0.830078 0.941406 0.826172 0.937500 0.826172 0.935547 0.824219 0.933594 0.824219 0.931641 0.820312 0.927734 0.820312 0.925781 0.812500 0.917969 0.812500 0.916016 0.800781 0.904297 0.794922 0.904297 0.792969 0.902344
