0 0.289062 0.000000 0.291016 0.001953 0.296875 0.001953 0.298828 0.003906 0.302734 0.003906 0.304688 0.005859 0.318359 0.005859 0.320312 0.003906 0.324219 0.003906 0.326172 0.001953 0.328125 0.001953 0.330078 0.000000 0.332031 0.000000
0 0.355469 0.000000 0.343750 0.011719 0.343750 0.013672 0.341797 0.015625 0.341797 0.019531 0.339844 0.021484 0.339844 0.037109 0.341797 0.039062 0.341797 0.041016 0.349609 0.048828 0.376953 0.048828 0.378906 0.046875 0.382812 0.046875 0.384766 0.044922 0.386719 0.044922 0.388672 0.042969 0.390625 0.042969 0.392578 0.041016 0.394531 0.041016 0.394531 0.039062 0.396484 0.037109 0.398438 0.037109 0.404297 0.031250 0.404297 0.029297 0.408203 0.025391 0.408203 0.023438 0.410156 0.021484 0.410156 0.019531 0.412109 0.017578 0.412109 0.000000
0 0.517578 0.070312 0.507812 0.080078 0.507812 0.085938 0.509766 0.087891 0.509766 0.089844 0.539062 0.089844 0.541016 0.091797 0.544922 0.087891 0.544922 0.085938 0.546875 0.083984 0.550781 0.083984 0.548828 0.082031 0.546875 0.082031 0.544922 0.080078 0.542969 0.080078 0.541016 0.078125 0.539062 0.078125 0.537109 0.076172 0.535156 0.076172 0.533203 0.074219 0.531250 0.074219 0.529297 0.072266 0.527344 0.072266 0.525391 0.070312
0 0.554688 0.083984 0.552734 0.085938 0.546875 0.085938 0.546875 0.087891 0.539062 0.095703 0.537109 0.095703 0.533203 0.099609 0.531250 0.099609 0.525391 0.105469 0.523438 0.105469 0.517578 0.111328 0.517578 0.113281 0.515625 0.115234 0.515625 0.123047 0.517578 0.125000 0.517578 0.128906 0.521484 0.132812 0.521484 0.134766 0.523438 0.134766 0.529297 0.140625 0.531250 0.140625 0.535156 0.144531 0.554688 0.144531 0.556641 0.142578 0.562500 0.142578 0.564453 0.140625 0.566406 0.140625 0.574219 0.132812 0.576172 0.132812 0.576172 0.130859 0.580078 0.126953 0.580078 0.125000 0.582031 0.123047 0.582031 0.119141 0.583984 0.117188 0.583984 0.101562 0.582031 0.099609 0.582031 0.097656 0.580078 0.095703 0.580078 0.093750 0.570312 0.083984
0 0.287109 0.281250 0.285156 0.283203 0.283203 0.283203 0.275391 0.291016 0.273438 0.291016 0.267578 0.296875 0.265625 0.296875 0.259766 0.302734 0.259766 0.310547 0.263672 0.310547 0.265625 0.312500 0.269531 0.312500 0.271484 0.314453 0.289062 0.314453 0.291016 0.312500 0.292969 0.312500 0.294922 0.310547 0.294922 0.308594 0.296875 0.306641 0.296875 0.292969 0.294922 0.291016 0.294922 0.285156 0.291016 0.281250
0 0.892578 0.298828 0.892578 0.300781 0.894531 0.302734 0.894531 0.306641 0.898438 0.310547 0.900391 0.310547 0.902344 0.312500 0.906250 0.312500 0.908203 0.314453 0.916016 0.314453 0.917969 0.312500 0.919922 0.312500 0.917969 0.310547 0.917969 0.308594 0.916016 0.306641 0.916016 0.304688 0.914062 0.304688 0.910156 0.300781 0.906250 0.300781 0.904297 0.298828
0 0.943359 0.300781 0.941406 0.302734 0.939453 0.302734 0.935547 0.306641 0.935547 0.322266 0.937500 0.324219 0.937500 0.326172 0.939453 0.328125 0.941406 0.328125 0.945312 0.332031 0.947266 0.332031 0.949219 0.333984 0.960938 0.333984 0.968750 0.326172 0.970703 0.326172 0.974609 0.322266 0.978516 0.322266 0.980469 0.320312 0.990234 0.320312 0.992188 0.318359 0.992188 0.312500 0.990234 0.310547 0.990234 0.308594 0.988281 0.306641 0.988281 0.304688 0.986328 0.302734 0.984375 0.302734 0.982422 0.300781
0 0.250000 0.314453 0.248047 0.316406 0.246094 0.316406 0.242188 0.320312 0.242188 0.322266 0.240234 0.324219 0.240234 0.330078 0.238281 0.332031 0.238281 0.345703 0.240234 0.347656 0.240234 0.349609 0.242188 0.351562 0.242188 0.353516 0.244141 0.353516 0.246094 0.355469 0.259766 0.355469 0.263672 0.351562 0.265625 0.351562 0.273438 0.343750 0.273438 0.341797 0.277344 0.337891 0.277344 0.326172 0.275391 0.324219 0.275391 0.322266 0.271484 0.318359 0.269531 0.318359 0.265625 0.314453
0 0.904297 0.320312 0.902344 0.322266 0.900391 0.322266 0.896484 0.326172 0.871094 0.326172 0.863281 0.333984 0.863281 0.335938 0.859375 0.339844 0.859375 0.345703 0.857422 0.347656 0.857422 0.363281 0.859375 0.365234 0.859375 0.367188 0.863281 0.371094 0.863281 0.373047 0.865234 0.373047 0.869141 0.376953 0.871094 0.376953 0.873047 0.378906 0.875000 0.378906 0.876953 0.380859 0.896484 0.380859 0.898438 0.378906 0.906250 0.378906 0.908203 0.376953 0.912109 0.376953 0.914062 0.375000 0.916016 0.375000 0.916016 0.373047 0.917969 0.371094 0.919922 0.371094 0.923828 0.367188 0.923828 0.365234 0.925781 0.363281 0.925781 0.361328 0.931641 0.355469 0.931641 0.353516 0.933594 0.351562 0.933594 0.333984 0.931641 0.332031 0.931641 0.330078 0.925781 0.324219 0.923828 0.324219 0.921875 0.322266 0.917969 0.322266 0.916016 0.320312
0 0.835938 0.494141 0.833984 0.496094 0.833984 0.500000 0.832031 0.501953 0.832031 0.505859 0.830078 0.507812 0.830078 0.525391 0.832031 0.527344 0.833984 0.527344 0.837891 0.531250 0.837891 0.533203 0.839844 0.535156 0.839844 0.539062 0.841797 0.541016 0.841797 0.560547 0.845703 0.564453 0.851562 0.564453 0.853516 0.566406 0.857422 0.566406 0.859375 0.568359 0.861328 0.568359 0.863281 0.570312 0.873047 0.570312 0.875000 0.568359 0.875000 0.566406 0.876953 0.564453 0.876953 0.558594 0.878906 0.556641 0.878906 0.533203 0.876953 0.531250 0.876953 0.523438 0.875000 0.521484 0.875000 0.519531 0.873047 0.517578 0.873047 0.513672 0.871094 0.511719 0.871094 0.509766 0.869141 0.507812 0.869141 0.505859 0.863281 0.500000 0.863281 0.498047 0.861328 0.498047 0.859375 0.496094 0.853516 0.496094 0.851562 0.494141
0 0.796875 0.525391 0.794922 0.527344 0.785156 0.527344 0.785156 0.529297 0.781250 0.533203 0.781250 0.535156 0.777344 0.539062 0.777344 0.542969 0.775391 0.544922 0.775391 0.546875 0.773438 0.548828 0.773438 0.552734 0.771484 0.554688 0.771484 0.572266 0.773438 0.574219 0.773438 0.576172 0.777344 0.580078 0.779297 0.580078 0.781250 0.582031 0.783203 0.582031 0.785156 0.583984 0.804688 0.583984 0.806641 0.582031 0.810547 0.582031 0.812500 0.580078 0.818359 0.580078 0.820312 0.578125 0.824219 0.578125 0.826172 0.576172 0.828125 0.576172 0.835938 0.568359 0.835938 0.566406 0.839844 0.562500 0.839844 0.541016 0.837891 0.539062 0.837891 0.535156 0.835938 0.533203 0.835938 0.531250 0.833984 0.529297 0.832031 0.529297 0.830078 0.527344 0.826172 0.527344 0.824219 0.525391
0 0.283203 0.552734 0.281250 0.554688 0.277344 0.554688 0.275391 0.556641 0.244141 0.556641 0.242188 0.558594 0.228516 0.558594 0.226562 0.560547 0.222656 0.560547 0.220703 0.562500 0.216797 0.562500 0.214844 0.564453 0.212891 0.564453 0.210938 0.566406 0.208984 0.566406 0.205078 0.570312 0.205078 0.572266 0.203125 0.574219 0.203125 0.580078 0.205078 0.582031 0.205078 0.585938 0.208984 0.589844 0.214844 0.589844 0.216797 0.591797 0.218750 0.591797 0.218750 0.589844 0.222656 0.585938 0.224609 0.585938 0.226562 0.583984 0.238281 0.583984 0.242188 0.587891 0.244141 0.585938 0.250000 0.585938 0.251953 0.583984 0.257812 0.583984 0.259766 0.582031 0.263672 0.582031 0.265625 0.580078 0.265625 0.576172 0.271484 0.570312 0.277344 0.570312 0.279297 0.568359 0.281250 0.568359 0.285156 0.572266 0.287109 0.572266 0.289062 0.574219 0.296875 0.574219 0.298828 0.572266 0.306641 0.572266 0.308594 0.570312 0.316406 0.570312 0.318359 0.568359 0.324219 0.568359 0.326172 0.566406 0.330078 0.566406 0.332031 0.564453 0.345703 0.564453 0.349609 0.560547 0.349609 0.558594 0.347656 0.556641 0.341797 0.556641 0.339844 0.554688 0.330078 0.554688 0.328125 0.552734
0 0.279297 0.570312 0.277344 0.572266 0.271484 0.572266 0.267578 0.576172 0.267578 0.582031 0.271484 0.585938 0.273438 0.585938 0.277344 0.589844 0.279297 0.589844 0.281250 0.591797 0.285156 0.591797 0.287109 0.593750 0.291016 0.593750 0.292969 0.595703 0.304688 0.595703 0.304688 0.591797 0.296875 0.583984 0.296875 0.582031 0.292969 0.578125 0.291016 0.578125 0.287109 0.574219 0.285156 0.574219 0.281250 0.570312
0 0.226562 0.585938 0.224609 0.587891 0.222656 0.587891 0.220703 0.589844 0.220703 0.595703 0.224609 0.599609 0.226562 0.599609 0.228516 0.601562 0.236328 0.601562 0.238281 0.603516 0.248047 0.603516 0.248047 0.601562 0.244141 0.597656 0.244141 0.595703 0.240234 0.591797 0.240234 0.587891 0.238281 0.585938
0 0.300781 0.699219 0.296875 0.703125 0.296875 0.705078 0.294922 0.707031 0.294922 0.710938 0.292969 0.712891 0.292969 0.716797 0.275391 0.734375 0.273438 0.734375 0.267578 0.740234 0.267578 0.742188 0.265625 0.744141 0.265625 0.753906 0.267578 0.755859 0.267578 0.759766 0.273438 0.765625 0.275391 0.765625 0.277344 0.767578 0.279297 0.767578 0.281250 0.769531 0.287109 0.769531 0.289062 0.771484 0.312500 0.771484 0.320312 0.763672 0.322266 0.763672 0.322266 0.761719 0.326172 0.757812 0.326172 0.753906 0.328125 0.751953 0.328125 0.744141 0.330078 0.742188 0.330078 0.738281 0.332031 0.736328 0.332031 0.726562 0.330078 0.724609 0.330078 0.716797 0.328125 0.714844 0.328125 0.712891 0.326172 0.710938 0.326172 0.708984 0.320312 0.703125 0.320312 0.701172 0.318359 0.701172 0.316406 0.699219
0 0.603516 0.771484 0.601562 0.773438 0.595703 0.773438 0.593750 0.775391 0.591797 0.775391 0.583984 0.783203 0.583984 0.785156 0.580078 0.789062 0.580078 0.802734 0.582031 0.804688 0.582031 0.806641 0.591797 0.806641 0.593750 0.804688 0.595703 0.804688 0.597656 0.802734 0.601562 0.802734 0.605469 0.798828 0.611328 0.798828 0.613281 0.800781 0.615234 0.800781 0.617188 0.802734 0.617188 0.804688 0.619141 0.802734 0.623047 0.802734 0.625000 0.800781 0.626953 0.800781 0.634766 0.792969 0.634766 0.783203 0.632812 0.781250 0.632812 0.779297 0.630859 0.777344 0.630859 0.775391 0.628906 0.775391 0.626953 0.773438 0.623047 0.773438 0.621094 0.771484
0 0.226562 0.791016 0.224609 0.792969 0.224609 0.794922 0.222656 0.796875 0.222656 0.800781 0.220703 0.802734 0.220703 0.804688 0.216797 0.808594 0.214844 0.808594 0.210938 0.812500 0.208984 0.812500 0.207031 0.814453 0.207031 0.816406 0.208984 0.818359 0.210938 0.818359 0.212891 0.820312 0.220703 0.820312 0.228516 0.812500 0.228516 0.810547 0.230469 0.808594 0.230469 0.804688 0.232422 0.802734 0.232422 0.800781 0.234375 0.798828 0.234375 0.791016
0 0.089844 0.769531 0.087891 0.771484 0.085938 0.771484 0.083984 0.773438 0.082031 0.773438 0.080078 0.775391 0.078125 0.775391 0.076172 0.777344 0.074219 0.777344 0.072266 0.779297 0.068359 0.779297 0.066406 0.781250 0.064453 0.781250 0.062500 0.783203 0.060547 0.783203 0.056641 0.787109 0.054688 0.787109 0.052734 0.789062 0.048828 0.789062 0.046875 0.791016 0.044922 0.791016 0.042969 0.792969 0.039062 0.792969 0.037109 0.794922 0.033203 0.794922 0.029297 0.798828 0.027344 0.798828 0.023438 0.802734 0.023438 0.804688 0.019531 0.808594 0.019531 0.810547 0.017578 0.812500 0.017578 0.814453 0.015625 0.816406 0.015625 0.828125 0.017578 0.830078 0.017578 0.833984 0.021484 0.837891 0.021484 0.839844 0.025391 0.843750 0.027344 0.843750 0.029297 0.845703 0.035156 0.845703 0.037109 0.843750 0.041016 0.843750 0.042969 0.841797 0.048828 0.841797 0.050781 0.839844 0.054688 0.839844 0.056641 0.837891 0.060547 0.837891 0.062500 0.835938 0.068359 0.835938 0.074219 0.830078 0.076172 0.830078 0.085938 0.820312 0.087891 0.820312 0.087891 0.818359 0.095703 0.810547 0.095703 0.808594 0.099609 0.804688 0.099609 0.802734 0.101562 0.800781 0.101562 0.798828 0.103516 0.796875 0.103516 0.781250 0.101562 0.779297 0.101562 0.777344 0.099609 0.775391 0.099609 0.773438 0.095703 0.769531
0 0.167969 0.796875 0.166016 0.798828 0.164062 0.798828 0.162109 0.800781 0.160156 0.800781 0.152344 0.808594 0.152344 0.810547 0.148438 0.814453 0.148438 0.818359 0.156250 0.818359 0.158203 0.816406 0.162109 0.816406 0.164062 0.814453 0.167969 0.814453 0.169922 0.812500 0.175781 0.812500 0.177734 0.810547 0.185547 0.810547 0.187500 0.808594 0.189453 0.808594 0.189453 0.800781 0.187500 0.798828 0.181641 0.798828 0.179688 0.796875
0 0.605469 0.800781 0.601562 0.804688 0.597656 0.804688 0.595703 0.806641 0.593750 0.806641 0.591797 0.808594 0.589844 0.808594 0.587891 0.810547 0.585938 0.810547 0.583984 0.812500 0.583984 0.826172 0.585938 0.828125 0.585938 0.830078 0.587891 0.832031 0.587891 0.833984 0.589844 0.835938 0.589844 0.837891 0.591797 0.839844 0.591797 0.841797 0.593750 0.843750 0.599609 0.843750 0.599609 0.841797 0.609375 0.832031 0.609375 0.828125 0.611328 0.826172 0.611328 0.820312 0.613281 0.818359 0.613281 0.814453 0.615234 0.812500 0.615234 0.802734 0.613281 0.802734 0.611328 0.800781
0 0.193359 0.820312 0.191406 0.822266 0.187500 0.822266 0.185547 0.824219 0.183594 0.824219 0.181641 0.826172 0.175781 0.826172 0.173828 0.828125 0.167969 0.828125 0.166016 0.830078 0.164062 0.830078 0.164062 0.833984 0.166016 0.835938 0.167969 0.835938 0.169922 0.837891 0.187500 0.837891 0.203125 0.822266 0.203125 0.820312
0 0.494141 0.837891 0.492188 0.839844 0.490234 0.839844 0.488281 0.841797 0.486328 0.841797 0.482422 0.845703 0.482422 0.847656 0.478516 0.851562 0.478516 0.855469 0.476562 0.857422 0.476562 0.863281 0.474609 0.865234 0.474609 0.890625 0.476562 0.892578 0.476562 0.894531 0.482422 0.900391 0.484375 0.900391 0.486328 0.902344 0.498047 0.902344 0.500000 0.900391 0.501953 0.900391 0.521484 0.880859 0.523438 0.880859 0.525391 0.878906 0.525391 0.876953 0.533203 0.869141 0.533203 0.855469 0.527344 0.849609 0.527344 0.847656 0.525391 0.845703 0.523438 0.845703 0.519531 0.841797 0.517578 0.841797 0.515625 0.839844 0.513672 0.839844 0.511719 0.837891
0 0.531250 0.898438 0.529297 0.900391 0.527344 0.900391 0.523438 0.904297 0.521484 0.904297 0.517578 0.908203 0.515625 0.908203 0.501953 0.921875 0.501953 0.925781 0.500000 0.927734 0.500000 0.935547 0.498047 0.937500 0.498047 0.958984 0.500000 0.960938 0.500000 0.962891 0.503906 0.966797 0.503906 0.968750 0.517578 0.968750 0.519531 0.966797 0.525391 0.966797 0.535156 0.957031 0.535156 0.955078 0.537109 0.953125 0.537109 0.951172 0.541016 0.947266 0.541016 0.945312 0.542969 0.943359 0.542969 0.941406 0.544922 0.939453 0.544922 0.937500 0.546875 0.935547 0.546875 0.931641 0.548828 0.929688 0.548828 0.906250 0.544922 0.902344 0.544922 0.900391 0.542969 0.898438
0 0.480469 0.978516 0.478516 0.980469 0.474609 0.980469 0.470703 0.984375 0.468750 0.984375 0.466797 0.986328 0.466797 0.988281 0.460938 0.994141 0.460938 0.998047 0.492188 0.998047 0.492188 0.992188 0.494141 0.990234 0.494141 0.984375 0.490234 0.980469 0.488281 0.980469 0.486328 0.978516
0 0.585938 0.986328 0.583984 0.988281 0.578125 0.988281 0.576172 0.990234 0.523438 0.990234 0.521484 0.992188 0.517578 0.992188 0.515625 0.994141 0.509766 0.994141 0.507812 0.996094 0.503906 0.996094 0.505859 0.998047 0.619141 0.998047 0.619141 0.996094 0.617188 0.996094 0.615234 0.994141 0.613281 0.994141 0.611328 0.992188 0.609375 0.992188 0.605469 0.988281 0.603516 0.988281 0.601562 0.986328
