0 0.431641 0.000000 0.439453 0.007812 0.441406 0.007812 0.443359 0.009766 0.445312 0.009766 0.447266 0.011719 0.470703 0.011719 0.474609 0.007812 0.476562 0.007812 0.478516 0.005859 0.480469 0.005859 0.482422 0.003906 0.484375 0.003906 0.484375 0.000000
0 0.232422 0.000000 0.232422 0.001953 0.236328 0.005859 0.236328 0.007812 0.238281 0.007812 0.242188 0.011719 0.244141 0.011719 0.248047 0.015625 0.261719 0.015625 0.261719 0.013672 0.263672 0.011719 0.263672 0.009766 0.265625 0.007812 0.265625 0.001953 0.263672 0.000000
0 0.742188 0.000000 0.742188 0.001953 0.748047 0.007812 0.750000 0.007812 0.751953 0.009766 0.753906 0.009766 0.755859 0.011719 0.765625 0.011719 0.769531 0.007812 0.771484 0.007812 0.771484 0.005859 0.777344 0.000000
0 0.490234 0.000000 0.492188 0.001953 0.492188 0.003906 0.496094 0.007812 0.498047 0.007812 0.500000 0.009766 0.501953 0.009766 0.503906 0.011719 0.507812 0.011719 0.511719 0.015625 0.513672 0.015625 0.517578 0.019531 0.521484 0.019531 0.523438 0.021484 0.525391 0.021484 0.527344 0.023438 0.531250 0.023438 0.533203 0.021484 0.535156 0.021484 0.537109 0.019531 0.539062 0.019531 0.539062 0.017578 0.541016 0.015625 0.541016 0.013672 0.542969 0.011719 0.542969 0.001953 0.541016 0.000000
0 0.341797 0.000000 0.341797 0.001953 0.345703 0.005859 0.345703 0.007812 0.349609 0.011719 0.349609 0.013672 0.353516 0.017578 0.353516 0.019531 0.355469 0.019531 0.357422 0.021484 0.359375 0.021484 0.363281 0.025391 0.365234 0.025391 0.367188 0.027344 0.390625 0.027344 0.390625 0.023438 0.392578 0.021484 0.392578 0.019531 0.394531 0.017578 0.394531 0.007812 0.396484 0.005859 0.396484 0.000000
0 0.789062 0.000000 0.787109 0.001953 0.787109 0.003906 0.785156 0.005859 0.785156 0.007812 0.783203 0.009766 0.783203 0.015625 0.785156 0.017578 0.785156 0.019531 0.787109 0.021484 0.787109 0.023438 0.789062 0.023438 0.791016 0.025391 0.794922 0.025391 0.796875 0.027344 0.800781 0.027344 0.802734 0.025391 0.804688 0.025391 0.804688 0.023438 0.808594 0.019531 0.808594 0.017578 0.810547 0.015625 0.810547 0.013672 0.812500 0.011719 0.812500 0.009766 0.814453 0.007812 0.814453 0.005859 0.816406 0.003906 0.816406 0.001953 0.818359 0.000000
0 0.880859 0.000000 0.880859 0.007812 0.882812 0.007812 0.886719 0.011719 0.888672 0.011719 0.896484 0.019531 0.898438 0.019531 0.902344 0.023438 0.904297 0.023438 0.908203 0.027344 0.910156 0.027344 0.912109 0.029297 0.912109 0.031250 0.914062 0.031250 0.916016 0.033203 0.917969 0.033203 0.923828 0.039062 0.935547 0.039062 0.939453 0.035156 0.941406 0.035156 0.943359 0.033203 0.945312 0.033203 0.947266 0.031250 0.953125 0.031250 0.955078 0.029297 0.957031 0.029297 0.958984 0.027344 0.964844 0.027344 0.972656 0.019531 0.972656 0.015625 0.974609 0.013672 0.974609 0.001953 0.972656 0.000000
0 0.160156 0.000000 0.158203 0.001953 0.158203 0.015625 0.160156 0.017578 0.160156 0.019531 0.162109 0.021484 0.162109 0.025391 0.164062 0.027344 0.164062 0.031250 0.166016 0.033203 0.166016 0.035156 0.169922 0.039062 0.169922 0.041016 0.175781 0.046875 0.177734 0.046875 0.181641 0.050781 0.183594 0.050781 0.185547 0.052734 0.185547 0.054688 0.197266 0.054688 0.199219 0.052734 0.205078 0.052734 0.207031 0.050781 0.210938 0.050781 0.210938 0.048828 0.212891 0.046875 0.214844 0.046875 0.214844 0.044922 0.216797 0.042969 0.216797 0.027344 0.214844 0.025391 0.214844 0.013672 0.210938 0.009766 0.210938 0.007812 0.207031 0.003906 0.205078 0.003906 0.203125 0.001953 0.201172 0.001953 0.199219 0.000000
0 0.994141 0.015625 0.992188 0.017578 0.990234 0.017578 0.984375 0.023438 0.984375 0.025391 0.982422 0.027344 0.982422 0.035156 0.978516 0.039062 0.978516 0.042969 0.976562 0.044922 0.976562 0.058594 0.978516 0.060547 0.978516 0.062500 0.992188 0.062500 0.996094 0.058594 0.996094 0.050781 0.998047 0.048828 0.998047 0.015625
0 0.843750 0.021484 0.839844 0.025391 0.837891 0.025391 0.828125 0.035156 0.828125 0.037109 0.818359 0.046875 0.818359 0.060547 0.820312 0.062500 0.820312 0.066406 0.822266 0.068359 0.822266 0.070312 0.837891 0.085938 0.876953 0.085938 0.880859 0.082031 0.882812 0.082031 0.882812 0.080078 0.884766 0.078125 0.886719 0.078125 0.886719 0.052734 0.882812 0.048828 0.882812 0.046875 0.875000 0.039062 0.875000 0.037109 0.863281 0.025391 0.861328 0.025391 0.857422 0.021484
0 0.324219 0.037109 0.320312 0.041016 0.318359 0.041016 0.310547 0.048828 0.310547 0.050781 0.308594 0.052734 0.306641 0.052734 0.306641 0.056641 0.304688 0.058594 0.304688 0.060547 0.302734 0.062500 0.302734 0.074219 0.304688 0.076172 0.304688 0.078125 0.306641 0.080078 0.306641 0.082031 0.308594 0.082031 0.310547 0.083984 0.316406 0.083984 0.318359 0.082031 0.328125 0.082031 0.330078 0.080078 0.333984 0.080078 0.335938 0.078125 0.347656 0.078125 0.349609 0.080078 0.353516 0.080078 0.355469 0.078125 0.357422 0.078125 0.357422 0.076172 0.359375 0.074219 0.359375 0.072266 0.361328 0.070312 0.363281 0.070312 0.363281 0.050781 0.361328 0.048828 0.359375 0.048828 0.355469 0.044922 0.353516 0.044922 0.349609 0.041016 0.347656 0.041016 0.343750 0.037109
0 0.417969 0.048828 0.416016 0.050781 0.412109 0.050781 0.400391 0.062500 0.400391 0.064453 0.398438 0.066406 0.396484 0.066406 0.396484 0.070312 0.394531 0.072266 0.392578 0.072266 0.392578 0.074219 0.390625 0.076172 0.390625 0.078125 0.388672 0.080078 0.388672 0.089844 0.390625 0.091797 0.390625 0.093750 0.392578 0.095703 0.392578 0.097656 0.394531 0.097656 0.398438 0.101562 0.400391 0.101562 0.404297 0.105469 0.433594 0.105469 0.435547 0.103516 0.437500 0.103516 0.439453 0.101562 0.445312 0.101562 0.447266 0.099609 0.449219 0.099609 0.451172 0.097656 0.455078 0.097656 0.460938 0.091797 0.460938 0.089844 0.464844 0.085938 0.464844 0.083984 0.466797 0.082031 0.466797 0.072266 0.464844 0.070312 0.464844 0.064453 0.460938 0.060547 0.458984 0.060547 0.457031 0.058594 0.457031 0.056641 0.453125 0.056641 0.449219 0.052734 0.447266 0.054688 0.445312 0.052734 0.435547 0.052734 0.431641 0.048828
0 0.251953 0.066406 0.250000 0.068359 0.246094 0.068359 0.244141 0.070312 0.244141 0.074219 0.240234 0.078125 0.240234 0.080078 0.238281 0.082031 0.238281 0.083984 0.236328 0.085938 0.236328 0.087891 0.234375 0.089844 0.234375 0.107422 0.236328 0.109375 0.236328 0.113281 0.238281 0.113281 0.240234 0.115234 0.240234 0.117188 0.242188 0.119141 0.242188 0.121094 0.244141 0.123047 0.244141 0.125000 0.246094 0.125000 0.251953 0.130859 0.251953 0.132812 0.253906 0.132812 0.257812 0.136719 0.259766 0.136719 0.263672 0.140625 0.281250 0.140625 0.281250 0.138672 0.283203 0.136719 0.285156 0.136719 0.285156 0.134766 0.289062 0.130859 0.289062 0.128906 0.292969 0.125000 0.292969 0.119141 0.294922 0.117188 0.294922 0.115234 0.296875 0.113281 0.296875 0.097656 0.287109 0.087891 0.285156 0.087891 0.281250 0.083984 0.279297 0.083984 0.275391 0.080078 0.273438 0.080078 0.269531 0.076172 0.267578 0.076172 0.263672 0.072266 0.261719 0.072266 0.257812 0.068359 0.255859 0.068359 0.253906 0.066406
0 0.335938 0.080078 0.333984 0.082031 0.330078 0.082031 0.328125 0.083984 0.318359 0.083984 0.314453 0.087891 0.312500 0.087891 0.312500 0.089844 0.310547 0.091797 0.310547 0.093750 0.308594 0.095703 0.306641 0.095703 0.306641 0.119141 0.310547 0.123047 0.310547 0.125000 0.312500 0.125000 0.314453 0.126953 0.314453 0.128906 0.316406 0.128906 0.318359 0.130859 0.320312 0.130859 0.322266 0.132812 0.324219 0.132812 0.326172 0.134766 0.328125 0.134766 0.330078 0.136719 0.332031 0.136719 0.333984 0.138672 0.335938 0.138672 0.337891 0.140625 0.347656 0.140625 0.351562 0.136719 0.353516 0.136719 0.357422 0.132812 0.359375 0.132812 0.363281 0.128906 0.363281 0.126953 0.369141 0.121094 0.369141 0.119141 0.371094 0.117188 0.371094 0.115234 0.373047 0.113281 0.373047 0.111328 0.375000 0.109375 0.375000 0.093750 0.371094 0.089844 0.369141 0.089844 0.367188 0.087891 0.365234 0.087891 0.361328 0.083984 0.359375 0.083984 0.357422 0.082031 0.349609 0.082031 0.347656 0.080078
0 0.777344 0.083984 0.775391 0.085938 0.775391 0.087891 0.769531 0.093750 0.769531 0.095703 0.763672 0.101562 0.763672 0.105469 0.761719 0.107422 0.761719 0.109375 0.759766 0.111328 0.759766 0.113281 0.757812 0.115234 0.757812 0.121094 0.759766 0.123047 0.759766 0.126953 0.763672 0.130859 0.763672 0.134766 0.765625 0.134766 0.767578 0.136719 0.769531 0.136719 0.771484 0.138672 0.792969 0.138672 0.794922 0.136719 0.800781 0.136719 0.802734 0.134766 0.804688 0.134766 0.804688 0.132812 0.806641 0.130859 0.806641 0.126953 0.808594 0.125000 0.808594 0.121094 0.810547 0.119141 0.810547 0.109375 0.808594 0.107422 0.808594 0.097656 0.806641 0.095703 0.806641 0.093750 0.804688 0.091797 0.804688 0.089844 0.798828 0.083984
0 0.984375 0.085938 0.982422 0.087891 0.980469 0.087891 0.978516 0.089844 0.976562 0.089844 0.974609 0.091797 0.974609 0.093750 0.970703 0.097656 0.970703 0.101562 0.968750 0.103516 0.966797 0.103516 0.966797 0.109375 0.964844 0.111328 0.964844 0.113281 0.962891 0.115234 0.962891 0.128906 0.964844 0.130859 0.964844 0.132812 0.966797 0.134766 0.966797 0.142578 0.970703 0.146484 0.982422 0.146484 0.984375 0.148438 0.992188 0.148438 0.994141 0.150391 0.994141 0.148438 0.998047 0.144531 0.998047 0.089844 0.996094 0.087891 0.994141 0.087891 0.992188 0.085938
0 0.501953 0.134766 0.500000 0.136719 0.494141 0.136719 0.492188 0.138672 0.482422 0.138672 0.480469 0.140625 0.478516 0.140625 0.476562 0.142578 0.474609 0.142578 0.470703 0.146484 0.468750 0.146484 0.458984 0.156250 0.458984 0.171875 0.460938 0.173828 0.460938 0.175781 0.466797 0.181641 0.466797 0.183594 0.474609 0.191406 0.476562 0.191406 0.480469 0.195312 0.482422 0.195312 0.486328 0.199219 0.500000 0.199219 0.503906 0.195312 0.505859 0.195312 0.507812 0.193359 0.507812 0.191406 0.509766 0.189453 0.509766 0.187500 0.511719 0.185547 0.511719 0.177734 0.513672 0.175781 0.513672 0.173828 0.515625 0.171875 0.515625 0.162109 0.517578 0.160156 0.517578 0.146484 0.515625 0.144531 0.515625 0.138672 0.513672 0.138672 0.509766 0.134766
0 0.552734 0.144531 0.544922 0.152344 0.544922 0.154297 0.542969 0.156250 0.542969 0.164062 0.544922 0.166016 0.544922 0.189453 0.548828 0.193359 0.548828 0.195312 0.556641 0.203125 0.558594 0.203125 0.560547 0.205078 0.560547 0.207031 0.562500 0.207031 0.564453 0.208984 0.578125 0.208984 0.580078 0.207031 0.583984 0.207031 0.587891 0.203125 0.589844 0.203125 0.597656 0.195312 0.597656 0.193359 0.599609 0.191406 0.601562 0.191406 0.601562 0.185547 0.603516 0.183594 0.603516 0.169922 0.601562 0.167969 0.601562 0.162109 0.593750 0.154297 0.591797 0.154297 0.589844 0.152344 0.589844 0.150391 0.583984 0.150391 0.582031 0.148438 0.576172 0.148438 0.574219 0.146484 0.564453 0.146484 0.562500 0.144531
0 0.634766 0.152344 0.632812 0.154297 0.630859 0.154297 0.630859 0.156250 0.628906 0.158203 0.626953 0.158203 0.626953 0.160156 0.625000 0.162109 0.625000 0.175781 0.626953 0.177734 0.626953 0.183594 0.628906 0.185547 0.628906 0.187500 0.634766 0.193359 0.634766 0.195312 0.636719 0.195312 0.638672 0.197266 0.638672 0.199219 0.640625 0.199219 0.644531 0.203125 0.648438 0.203125 0.650391 0.205078 0.664062 0.205078 0.666016 0.203125 0.667969 0.203125 0.669922 0.201172 0.671875 0.201172 0.673828 0.199219 0.673828 0.197266 0.675781 0.195312 0.675781 0.177734 0.671875 0.173828 0.671875 0.171875 0.667969 0.167969 0.667969 0.166016 0.666016 0.166016 0.664062 0.164062 0.664062 0.162109 0.662109 0.160156 0.658203 0.160156 0.656250 0.158203 0.652344 0.158203 0.650391 0.156250 0.646484 0.156250 0.644531 0.154297 0.642578 0.154297 0.640625 0.152344
0 0.232422 0.160156 0.230469 0.162109 0.228516 0.162109 0.222656 0.167969 0.222656 0.169922 0.220703 0.171875 0.220703 0.175781 0.218750 0.177734 0.218750 0.181641 0.216797 0.183594 0.216797 0.189453 0.218750 0.191406 0.218750 0.195312 0.220703 0.197266 0.220703 0.199219 0.232422 0.210938 0.232422 0.205078 0.238281 0.199219 0.248047 0.199219 0.259766 0.210938 0.259766 0.214844 0.261719 0.214844 0.263672 0.212891 0.265625 0.212891 0.267578 0.210938 0.267578 0.208984 0.271484 0.205078 0.271484 0.203125 0.273438 0.201172 0.273438 0.185547 0.271484 0.183594 0.271484 0.179688 0.269531 0.177734 0.269531 0.175781 0.263672 0.169922 0.261719 0.169922 0.257812 0.166016 0.255859 0.166016 0.251953 0.162109 0.248047 0.162109 0.246094 0.160156
0 0.775391 0.152344 0.773438 0.154297 0.771484 0.154297 0.763672 0.162109 0.763672 0.167969 0.759766 0.171875 0.759766 0.175781 0.757812 0.177734 0.757812 0.179688 0.755859 0.181641 0.755859 0.207031 0.757812 0.208984 0.757812 0.212891 0.759766 0.214844 0.759766 0.216797 0.765625 0.222656 0.785156 0.222656 0.787109 0.220703 0.791016 0.220703 0.792969 0.218750 0.800781 0.218750 0.802734 0.216797 0.804688 0.216797 0.806641 0.214844 0.808594 0.214844 0.808594 0.212891 0.810547 0.210938 0.812500 0.210938 0.812500 0.208984 0.814453 0.207031 0.814453 0.205078 0.816406 0.203125 0.816406 0.201172 0.818359 0.199219 0.820312 0.199219 0.820312 0.193359 0.822266 0.191406 0.822266 0.183594 0.820312 0.181641 0.820312 0.173828 0.818359 0.173828 0.816406 0.171875 0.816406 0.167969 0.810547 0.162109 0.808594 0.162109 0.804688 0.158203 0.802734 0.158203 0.800781 0.156250 0.800781 0.154297 0.798828 0.154297 0.796875 0.152344
0 0.388672 0.169922 0.384766 0.173828 0.382812 0.173828 0.378906 0.177734 0.378906 0.179688 0.373047 0.185547 0.373047 0.189453 0.371094 0.191406 0.371094 0.205078 0.373047 0.207031 0.373047 0.210938 0.376953 0.214844 0.376953 0.216797 0.378906 0.218750 0.380859 0.218750 0.384766 0.222656 0.386719 0.222656 0.390625 0.226562 0.421875 0.226562 0.421875 0.224609 0.423828 0.222656 0.427734 0.222656 0.433594 0.216797 0.433594 0.197266 0.431641 0.195312 0.431641 0.193359 0.429688 0.191406 0.429688 0.189453 0.425781 0.185547 0.425781 0.181641 0.423828 0.181641 0.421875 0.179688 0.421875 0.177734 0.419922 0.177734 0.417969 0.175781 0.416016 0.175781 0.410156 0.169922
0 0.294922 0.175781 0.287109 0.183594 0.287109 0.199219 0.289062 0.201172 0.289062 0.207031 0.291016 0.208984 0.291016 0.210938 0.294922 0.214844 0.294922 0.216797 0.298828 0.220703 0.298828 0.222656 0.300781 0.222656 0.302734 0.224609 0.302734 0.226562 0.304688 0.226562 0.308594 0.230469 0.310547 0.230469 0.314453 0.234375 0.328125 0.234375 0.330078 0.232422 0.332031 0.232422 0.333984 0.230469 0.335938 0.230469 0.335938 0.228516 0.337891 0.226562 0.339844 0.226562 0.339844 0.224609 0.341797 0.222656 0.341797 0.220703 0.343750 0.218750 0.343750 0.199219 0.339844 0.195312 0.339844 0.193359 0.337891 0.191406 0.337891 0.189453 0.335938 0.187500 0.333984 0.187500 0.330078 0.183594 0.328125 0.183594 0.326172 0.181641 0.318359 0.181641 0.316406 0.179688 0.314453 0.179688 0.312500 0.177734 0.306641 0.177734 0.304688 0.175781
0 0.238281 0.201172 0.234375 0.205078 0.234375 0.214844 0.236328 0.216797 0.236328 0.218750 0.240234 0.222656 0.240234 0.226562 0.242188 0.226562 0.244141 0.224609 0.255859 0.224609 0.257812 0.222656 0.257812 0.210938 0.248047 0.201172
0 0.708984 0.179688 0.707031 0.181641 0.701172 0.181641 0.699219 0.183594 0.697266 0.183594 0.697266 0.185547 0.695312 0.187500 0.695312 0.191406 0.693359 0.193359 0.693359 0.199219 0.691406 0.201172 0.691406 0.203125 0.689453 0.205078 0.689453 0.228516 0.691406 0.230469 0.691406 0.232422 0.693359 0.234375 0.693359 0.240234 0.699219 0.246094 0.703125 0.246094 0.705078 0.248047 0.705078 0.250000 0.714844 0.250000 0.718750 0.246094 0.720703 0.246094 0.722656 0.244141 0.726562 0.244141 0.728516 0.242188 0.734375 0.242188 0.734375 0.240234 0.736328 0.238281 0.738281 0.238281 0.738281 0.236328 0.740234 0.234375 0.742188 0.234375 0.742188 0.232422 0.744141 0.230469 0.746094 0.230469 0.746094 0.228516 0.748047 0.226562 0.748047 0.224609 0.750000 0.222656 0.750000 0.205078 0.746094 0.201172 0.746094 0.197266 0.744141 0.197266 0.742188 0.195312 0.742188 0.193359 0.738281 0.189453 0.738281 0.187500 0.736328 0.185547 0.734375 0.185547 0.730469 0.181641 0.728516 0.181641 0.726562 0.179688
0 0.876953 0.197266 0.875000 0.199219 0.873047 0.199219 0.871094 0.201172 0.869141 0.201172 0.869141 0.203125 0.867188 0.205078 0.863281 0.205078 0.861328 0.207031 0.855469 0.207031 0.853516 0.208984 0.849609 0.208984 0.847656 0.210938 0.843750 0.210938 0.841797 0.212891 0.839844 0.212891 0.837891 0.214844 0.833984 0.214844 0.833984 0.216797 0.832031 0.218750 0.830078 0.218750 0.828125 0.220703 0.826172 0.220703 0.824219 0.222656 0.822266 0.222656 0.820312 0.224609 0.818359 0.224609 0.812500 0.230469 0.812500 0.244141 0.814453 0.246094 0.814453 0.248047 0.818359 0.251953 0.818359 0.253906 0.822266 0.253906 0.824219 0.255859 0.832031 0.255859 0.833984 0.253906 0.837891 0.253906 0.843750 0.248047 0.843750 0.246094 0.847656 0.242188 0.847656 0.240234 0.851562 0.236328 0.851562 0.232422 0.853516 0.230469 0.855469 0.230469 0.855469 0.226562 0.863281 0.218750 0.863281 0.216797 0.865234 0.214844 0.867188 0.214844 0.871094 0.210938 0.873047 0.210938 0.876953 0.207031 0.878906 0.207031 0.878906 0.205078 0.882812 0.201172 0.882812 0.197266
0 0.523438 0.222656 0.521484 0.224609 0.515625 0.224609 0.511719 0.228516 0.509766 0.228516 0.503906 0.234375 0.503906 0.238281 0.501953 0.240234 0.501953 0.248047 0.503906 0.248047 0.505859 0.246094 0.546875 0.246094 0.544922 0.244141 0.542969 0.244141 0.537109 0.238281 0.537109 0.236328 0.535156 0.234375 0.535156 0.232422 0.533203 0.230469 0.533203 0.228516 0.531250 0.226562 0.531250 0.224609 0.529297 0.222656
0 0.652344 0.224609 0.650391 0.226562 0.646484 0.226562 0.640625 0.232422 0.640625 0.234375 0.630859 0.244141 0.630859 0.246094 0.628906 0.248047 0.628906 0.250000 0.625000 0.253906 0.625000 0.281250 0.626953 0.283203 0.626953 0.285156 0.628906 0.287109 0.630859 0.287109 0.632812 0.289062 0.632812 0.291016 0.650391 0.291016 0.652344 0.289062 0.654297 0.289062 0.656250 0.287109 0.658203 0.287109 0.660156 0.285156 0.662109 0.285156 0.667969 0.279297 0.669922 0.279297 0.679688 0.269531 0.679688 0.267578 0.683594 0.263672 0.683594 0.261719 0.685547 0.259766 0.685547 0.250000 0.683594 0.248047 0.683594 0.244141 0.681641 0.242188 0.681641 0.240234 0.677734 0.236328 0.677734 0.234375 0.667969 0.224609
0 0.373047 0.232422 0.371094 0.234375 0.359375 0.234375 0.355469 0.238281 0.355469 0.240234 0.351562 0.244141 0.351562 0.267578 0.353516 0.269531 0.353516 0.273438 0.357422 0.277344 0.357422 0.279297 0.361328 0.283203 0.363281 0.283203 0.373047 0.292969 0.375000 0.292969 0.376953 0.294922 0.378906 0.294922 0.380859 0.296875 0.382812 0.296875 0.384766 0.298828 0.384766 0.300781 0.398438 0.300781 0.402344 0.296875 0.404297 0.296875 0.404297 0.294922 0.406250 0.292969 0.406250 0.291016 0.408203 0.289062 0.408203 0.287109 0.410156 0.285156 0.410156 0.279297 0.412109 0.277344 0.412109 0.255859 0.410156 0.253906 0.410156 0.250000 0.404297 0.244141 0.402344 0.244141 0.398438 0.240234 0.396484 0.240234 0.394531 0.238281 0.392578 0.238281 0.390625 0.236328 0.384766 0.236328 0.382812 0.234375 0.378906 0.234375 0.376953 0.232422
0 0.869141 0.240234 0.867188 0.242188 0.863281 0.242188 0.861328 0.244141 0.859375 0.244141 0.859375 0.246094 0.857422 0.248047 0.857422 0.253906 0.855469 0.255859 0.855469 0.259766 0.853516 0.261719 0.853516 0.273438 0.855469 0.275391 0.855469 0.277344 0.865234 0.277344 0.869141 0.281250 0.871094 0.281250 0.873047 0.283203 0.873047 0.298828 0.871094 0.300781 0.875000 0.300781 0.878906 0.304688 0.882812 0.304688 0.884766 0.306641 0.898438 0.306641 0.900391 0.304688 0.906250 0.304688 0.906250 0.302734 0.904297 0.302734 0.898438 0.296875 0.898438 0.294922 0.896484 0.292969 0.896484 0.289062 0.912109 0.273438 0.914062 0.273438 0.914062 0.269531 0.912109 0.267578 0.912109 0.263672 0.910156 0.261719 0.910156 0.259766 0.906250 0.255859 0.904297 0.255859 0.902344 0.253906 0.902344 0.251953 0.900391 0.251953 0.896484 0.248047 0.892578 0.248047 0.890625 0.246094 0.890625 0.244141 0.888672 0.244141 0.886719 0.242188 0.884766 0.242188 0.882812 0.240234
0 0.505859 0.248047 0.503906 0.250000 0.500000 0.250000 0.498047 0.251953 0.490234 0.251953 0.484375 0.257812 0.482422 0.257812 0.482422 0.259766 0.468750 0.273438 0.468750 0.285156 0.470703 0.287109 0.470703 0.291016 0.474609 0.294922 0.474609 0.296875 0.476562 0.296875 0.478516 0.298828 0.478516 0.300781 0.480469 0.300781 0.482422 0.302734 0.482422 0.304688 0.484375 0.304688 0.490234 0.310547 0.490234 0.312500 0.492188 0.312500 0.494141 0.314453 0.494141 0.316406 0.501953 0.316406 0.505859 0.312500 0.507812 0.312500 0.511719 0.308594 0.511719 0.306641 0.513672 0.304688 0.513672 0.302734 0.515625 0.300781 0.515625 0.294922 0.517578 0.292969 0.517578 0.289062 0.519531 0.287109 0.519531 0.283203 0.523438 0.279297 0.523438 0.277344 0.533203 0.267578 0.535156 0.267578 0.541016 0.261719 0.542969 0.261719 0.544922 0.259766 0.546875 0.259766 0.548828 0.257812 0.558594 0.257812 0.558594 0.255859 0.560547 0.253906 0.562500 0.253906 0.560547 0.251953 0.558594 0.251953 0.556641 0.250000 0.554688 0.250000 0.552734 0.248047
0 0.009766 0.251953 0.007812 0.253906 0.005859 0.253906 0.003906 0.255859 0.001953 0.255859 0.001953 0.257812 0.000000 0.259766 0.000000 0.302734 0.001953 0.304688 0.001953 0.308594 0.003906 0.308594 0.005859 0.310547 0.007812 0.310547 0.009766 0.312500 0.011719 0.312500 0.013672 0.314453 0.013672 0.316406 0.021484 0.316406 0.025391 0.312500 0.031250 0.312500 0.031250 0.310547 0.033203 0.308594 0.035156 0.308594 0.035156 0.306641 0.037109 0.304688 0.039062 0.304688 0.039062 0.302734 0.042969 0.298828 0.042969 0.281250 0.041016 0.279297 0.041016 0.271484 0.039062 0.269531 0.039062 0.267578 0.037109 0.265625 0.037109 0.263672 0.035156 0.263672 0.031250 0.259766 0.029297 0.259766 0.025391 0.255859 0.023438 0.255859 0.019531 0.251953
0 0.912109 0.275391 0.898438 0.289062 0.898438 0.292969 0.900391 0.294922 0.900391 0.296875 0.904297 0.300781 0.939453 0.300781 0.943359 0.296875 0.943359 0.294922 0.945312 0.292969 0.945312 0.283203 0.941406 0.279297 0.939453 0.279297 0.937500 0.277344 0.937500 0.275391
0 0.845703 0.279297 0.841797 0.283203 0.839844 0.283203 0.841797 0.285156 0.841797 0.289062 0.843750 0.291016 0.843750 0.292969 0.845703 0.294922 0.845703 0.304688 0.865234 0.304688 0.871094 0.298828 0.871094 0.283203 0.869141 0.283203 0.865234 0.279297
0 0.814453 0.269531 0.808594 0.275391 0.808594 0.279297 0.806641 0.281250 0.806641 0.289062 0.804688 0.291016 0.804688 0.292969 0.802734 0.294922 0.802734 0.298828 0.800781 0.300781 0.800781 0.304688 0.798828 0.306641 0.798828 0.328125 0.804688 0.328125 0.806641 0.330078 0.808594 0.330078 0.810547 0.332031 0.824219 0.332031 0.826172 0.330078 0.828125 0.330078 0.828125 0.328125 0.832031 0.324219 0.833984 0.324219 0.841797 0.316406 0.841797 0.314453 0.843750 0.312500 0.843750 0.294922 0.841797 0.292969 0.841797 0.291016 0.839844 0.289062 0.839844 0.285156 0.837891 0.285156 0.832031 0.279297 0.830078 0.279297 0.826172 0.275391 0.824219 0.275391 0.820312 0.271484 0.818359 0.271484 0.816406 0.269531
0 0.556641 0.271484 0.554688 0.273438 0.550781 0.273438 0.548828 0.275391 0.542969 0.275391 0.539062 0.279297 0.537109 0.279297 0.537109 0.281250 0.533203 0.285156 0.533203 0.287109 0.529297 0.291016 0.529297 0.292969 0.525391 0.296875 0.525391 0.298828 0.523438 0.300781 0.523438 0.302734 0.521484 0.304688 0.521484 0.324219 0.523438 0.326172 0.523438 0.328125 0.525391 0.330078 0.525391 0.332031 0.529297 0.335938 0.529297 0.337891 0.533203 0.341797 0.533203 0.343750 0.541016 0.351562 0.542969 0.351562 0.546875 0.355469 0.566406 0.355469 0.568359 0.353516 0.570312 0.353516 0.572266 0.351562 0.574219 0.351562 0.574219 0.349609 0.576172 0.347656 0.578125 0.347656 0.582031 0.343750 0.582031 0.341797 0.583984 0.339844 0.585938 0.339844 0.585938 0.337891 0.591797 0.332031 0.591797 0.330078 0.597656 0.324219 0.597656 0.322266 0.601562 0.318359 0.601562 0.314453 0.599609 0.312500 0.599609 0.310547 0.597656 0.308594 0.597656 0.306641 0.595703 0.306641 0.589844 0.300781 0.587891 0.300781 0.585938 0.298828 0.583984 0.298828 0.582031 0.296875 0.582031 0.287109 0.580078 0.287109 0.578125 0.285156 0.578125 0.283203 0.576172 0.283203 0.574219 0.281250 0.574219 0.279297 0.572266 0.279297 0.570312 0.277344 0.568359 0.277344 0.562500 0.271484
0 0.658203 0.304688 0.656250 0.306641 0.644531 0.306641 0.642578 0.308594 0.640625 0.308594 0.638672 0.310547 0.634766 0.310547 0.632812 0.312500 0.630859 0.312500 0.626953 0.316406 0.626953 0.318359 0.625000 0.320312 0.625000 0.322266 0.623047 0.324219 0.623047 0.332031 0.621094 0.333984 0.621094 0.337891 0.619141 0.339844 0.619141 0.351562 0.623047 0.355469 0.652344 0.355469 0.656250 0.351562 0.658203 0.351562 0.662109 0.347656 0.664062 0.347656 0.664062 0.345703 0.669922 0.339844 0.669922 0.337891 0.675781 0.332031 0.675781 0.328125 0.679688 0.324219 0.679688 0.310547 0.677734 0.310547 0.675781 0.308594 0.675781 0.306641 0.669922 0.306641 0.667969 0.304688
0 0.185547 0.320312 0.183594 0.322266 0.177734 0.322266 0.173828 0.326172 0.173828 0.328125 0.177734 0.328125 0.185547 0.335938 0.185547 0.337891 0.189453 0.341797 0.189453 0.345703 0.191406 0.347656 0.191406 0.351562 0.193359 0.353516 0.193359 0.363281 0.195312 0.361328 0.197266 0.361328 0.199219 0.359375 0.201172 0.359375 0.205078 0.355469 0.207031 0.355469 0.207031 0.353516 0.210938 0.349609 0.210938 0.333984 0.203125 0.326172 0.201172 0.326172 0.197266 0.322266 0.195312 0.322266 0.193359 0.320312
0 0.144531 0.318359 0.142578 0.320312 0.138672 0.320312 0.136719 0.322266 0.136719 0.330078 0.134766 0.332031 0.134766 0.343750 0.138672 0.347656 0.138672 0.349609 0.142578 0.353516 0.142578 0.355469 0.150391 0.363281 0.152344 0.363281 0.158203 0.369141 0.160156 0.369141 0.162109 0.371094 0.181641 0.371094 0.185547 0.367188 0.187500 0.367188 0.191406 0.363281 0.191406 0.353516 0.189453 0.351562 0.189453 0.347656 0.187500 0.345703 0.187500 0.341797 0.183594 0.337891 0.183594 0.335938 0.177734 0.330078 0.173828 0.330078 0.171875 0.328125 0.171875 0.326172 0.169922 0.326172 0.167969 0.324219 0.166016 0.324219 0.164062 0.322266 0.162109 0.322266 0.160156 0.320312 0.158203 0.320312 0.156250 0.318359
0 0.429688 0.384766 0.427734 0.386719 0.421875 0.386719 0.419922 0.388672 0.416016 0.388672 0.414062 0.390625 0.412109 0.390625 0.410156 0.392578 0.408203 0.392578 0.404297 0.396484 0.402344 0.396484 0.400391 0.398438 0.398438 0.398438 0.396484 0.400391 0.396484 0.410156 0.398438 0.412109 0.402344 0.412109 0.404297 0.414062 0.412109 0.414062 0.414062 0.412109 0.416016 0.412109 0.417969 0.410156 0.419922 0.410156 0.421875 0.408203 0.423828 0.408203 0.425781 0.406250 0.458984 0.406250 0.460938 0.404297 0.462891 0.404297 0.464844 0.402344 0.464844 0.400391 0.462891 0.398438 0.462891 0.396484 0.460938 0.394531 0.460938 0.392578 0.458984 0.392578 0.455078 0.388672 0.453125 0.388672 0.451172 0.386719 0.447266 0.386719 0.445312 0.384766
0 0.222656 0.373047 0.220703 0.375000 0.220703 0.376953 0.216797 0.380859 0.216797 0.382812 0.214844 0.384766 0.214844 0.410156 0.216797 0.412109 0.216797 0.414062 0.220703 0.417969 0.220703 0.419922 0.224609 0.423828 0.224609 0.425781 0.226562 0.425781 0.228516 0.427734 0.228516 0.429688 0.230469 0.429688 0.234375 0.433594 0.236328 0.433594 0.238281 0.435547 0.238281 0.437500 0.244141 0.443359 0.246094 0.443359 0.248047 0.445312 0.251953 0.445312 0.253906 0.447266 0.255859 0.447266 0.257812 0.449219 0.273438 0.449219 0.275391 0.447266 0.285156 0.447266 0.287109 0.445312 0.296875 0.445312 0.289062 0.437500 0.289062 0.435547 0.287109 0.433594 0.287109 0.431641 0.285156 0.429688 0.285156 0.410156 0.287109 0.408203 0.287109 0.406250 0.289062 0.404297 0.287109 0.404297 0.285156 0.402344 0.285156 0.400391 0.281250 0.400391 0.277344 0.396484 0.275391 0.396484 0.273438 0.394531 0.271484 0.394531 0.265625 0.388672 0.263672 0.388672 0.261719 0.386719 0.259766 0.386719 0.257812 0.384766 0.255859 0.384766 0.251953 0.380859 0.250000 0.380859 0.246094 0.376953 0.242188 0.376953 0.238281 0.373047
0 0.302734 0.392578 0.300781 0.394531 0.298828 0.394531 0.292969 0.400391 0.292969 0.402344 0.289062 0.406250 0.289062 0.408203 0.287109 0.410156 0.287109 0.429688 0.289062 0.431641 0.289062 0.433594 0.291016 0.435547 0.291016 0.437500 0.298828 0.445312 0.300781 0.445312 0.304688 0.449219 0.306641 0.449219 0.310547 0.453125 0.328125 0.453125 0.330078 0.451172 0.332031 0.451172 0.333984 0.449219 0.335938 0.449219 0.339844 0.445312 0.343750 0.445312 0.343750 0.443359 0.345703 0.441406 0.347656 0.441406 0.351562 0.437500 0.351562 0.435547 0.353516 0.433594 0.355469 0.433594 0.355469 0.417969 0.353516 0.416016 0.351562 0.416016 0.349609 0.414062 0.349609 0.412109 0.345703 0.408203 0.343750 0.408203 0.339844 0.404297 0.337891 0.404297 0.335938 0.402344 0.335938 0.400391 0.333984 0.400391 0.332031 0.398438 0.330078 0.398438 0.328125 0.396484 0.322266 0.396484 0.318359 0.392578
0 0.964844 0.396484 0.962891 0.398438 0.958984 0.398438 0.957031 0.400391 0.955078 0.400391 0.951172 0.404297 0.949219 0.404297 0.949219 0.406250 0.945312 0.410156 0.945312 0.412109 0.943359 0.414062 0.943359 0.416016 0.939453 0.419922 0.939453 0.421875 0.935547 0.425781 0.935547 0.439453 0.939453 0.443359 0.939453 0.445312 0.941406 0.445312 0.943359 0.447266 0.943359 0.449219 0.945312 0.449219 0.949219 0.453125 0.951172 0.453125 0.953125 0.455078 0.968750 0.455078 0.970703 0.453125 0.976562 0.453125 0.980469 0.449219 0.982422 0.449219 0.986328 0.445312 0.988281 0.445312 0.988281 0.443359 0.992188 0.439453 0.992188 0.437500 0.996094 0.433594 0.996094 0.416016 0.994141 0.414062 0.994141 0.412109 0.992188 0.410156 0.992188 0.406250 0.988281 0.402344 0.988281 0.400391 0.986328 0.398438 0.984375 0.398438 0.982422 0.396484
0 0.515625 0.400391 0.509766 0.406250 0.509766 0.414062 0.511719 0.416016 0.511719 0.425781 0.513672 0.427734 0.513672 0.435547 0.517578 0.439453 0.517578 0.441406 0.519531 0.441406 0.521484 0.443359 0.521484 0.445312 0.523438 0.445312 0.525391 0.447266 0.525391 0.449219 0.529297 0.453125 0.529297 0.455078 0.537109 0.462891 0.537109 0.464844 0.539062 0.464844 0.542969 0.468750 0.544922 0.468750 0.546875 0.470703 0.558594 0.470703 0.560547 0.468750 0.564453 0.468750 0.568359 0.464844 0.570312 0.464844 0.578125 0.457031 0.578125 0.455078 0.580078 0.453125 0.580078 0.451172 0.582031 0.449219 0.582031 0.445312 0.583984 0.443359 0.583984 0.431641 0.582031 0.429688 0.582031 0.423828 0.580078 0.421875 0.580078 0.419922 0.578125 0.417969 0.578125 0.416016 0.572266 0.416016 0.570312 0.414062 0.568359 0.414062 0.566406 0.412109 0.562500 0.412109 0.560547 0.410156 0.556641 0.410156 0.554688 0.408203 0.548828 0.408203 0.546875 0.406250 0.542969 0.406250 0.541016 0.404297 0.533203 0.404297 0.531250 0.402344 0.529297 0.402344 0.527344 0.400391
0 0.458984 0.431641 0.458984 0.492188 0.460938 0.494141 0.460938 0.496094 0.462891 0.498047 0.462891 0.501953 0.466797 0.505859 0.468750 0.505859 0.472656 0.509766 0.474609 0.509766 0.476562 0.511719 0.486328 0.511719 0.488281 0.509766 0.492188 0.509766 0.494141 0.507812 0.501953 0.507812 0.503906 0.505859 0.505859 0.505859 0.519531 0.492188 0.519531 0.490234 0.521484 0.488281 0.521484 0.474609 0.519531 0.472656 0.519531 0.468750 0.515625 0.464844 0.515625 0.462891 0.503906 0.451172 0.501953 0.451172 0.500000 0.449219 0.500000 0.447266 0.498047 0.447266 0.496094 0.445312 0.496094 0.443359 0.494141 0.443359 0.490234 0.439453 0.486328 0.439453 0.484375 0.437500 0.484375 0.435547 0.478516 0.435547 0.476562 0.433594 0.474609 0.433594 0.472656 0.431641
0 0.781250 0.439453 0.779297 0.441406 0.773438 0.441406 0.773438 0.443359 0.771484 0.445312 0.781250 0.445312 0.785156 0.449219 0.787109 0.449219 0.789062 0.451172 0.789062 0.453125 0.791016 0.455078 0.791016 0.472656 0.794922 0.476562 0.796875 0.476562 0.800781 0.480469 0.802734 0.480469 0.808594 0.486328 0.814453 0.480469 0.816406 0.480469 0.818359 0.478516 0.824219 0.478516 0.826172 0.480469 0.830078 0.480469 0.833984 0.484375 0.835938 0.484375 0.837891 0.486328 0.837891 0.488281 0.839844 0.488281 0.841797 0.490234 0.839844 0.488281 0.839844 0.484375 0.837891 0.482422 0.837891 0.480469 0.835938 0.478516 0.835938 0.474609 0.832031 0.470703 0.832031 0.466797 0.830078 0.466797 0.828125 0.464844 0.828125 0.460938 0.824219 0.457031 0.822266 0.457031 0.820312 0.455078 0.818359 0.455078 0.814453 0.451172 0.812500 0.451172 0.808594 0.447266 0.806641 0.447266 0.802734 0.443359 0.794922 0.443359 0.792969 0.441406 0.792969 0.439453
0 0.744141 0.447266 0.742188 0.449219 0.738281 0.449219 0.736328 0.451172 0.732422 0.451172 0.732422 0.453125 0.730469 0.455078 0.728516 0.455078 0.728516 0.484375 0.730469 0.486328 0.730469 0.492188 0.732422 0.494141 0.732422 0.498047 0.736328 0.501953 0.736328 0.503906 0.740234 0.507812 0.740234 0.511719 0.742188 0.511719 0.744141 0.513672 0.744141 0.515625 0.746094 0.515625 0.748047 0.517578 0.748047 0.519531 0.750000 0.519531 0.751953 0.521484 0.757812 0.521484 0.759766 0.519531 0.761719 0.519531 0.763672 0.517578 0.765625 0.517578 0.767578 0.515625 0.767578 0.513672 0.769531 0.511719 0.769531 0.509766 0.771484 0.507812 0.773438 0.507812 0.773438 0.505859 0.775391 0.503906 0.775391 0.501953 0.777344 0.500000 0.777344 0.498047 0.779297 0.496094 0.781250 0.496094 0.781250 0.494141 0.783203 0.492188 0.783203 0.490234 0.785156 0.488281 0.785156 0.486328 0.787109 0.484375 0.787109 0.482422 0.789062 0.480469 0.789062 0.455078 0.787109 0.453125 0.787109 0.451172 0.785156 0.451172 0.781250 0.447266
0 0.347656 0.464844 0.345703 0.466797 0.341797 0.466797 0.341797 0.468750 0.328125 0.482422 0.326172 0.482422 0.322266 0.486328 0.318359 0.486328 0.318359 0.488281 0.316406 0.490234 0.312500 0.490234 0.308594 0.494141 0.304688 0.494141 0.300781 0.498047 0.298828 0.498047 0.298828 0.500000 0.296875 0.501953 0.294922 0.501953 0.294922 0.523438 0.298828 0.527344 0.300781 0.527344 0.304688 0.531250 0.339844 0.531250 0.343750 0.527344 0.347656 0.527344 0.347656 0.525391 0.349609 0.523438 0.353516 0.523438 0.357422 0.519531 0.359375 0.519531 0.359375 0.515625 0.363281 0.511719 0.363281 0.509766 0.367188 0.505859 0.367188 0.474609 0.365234 0.472656 0.365234 0.470703 0.361328 0.466797 0.359375 0.466797 0.357422 0.464844
0 0.818359 0.480469 0.816406 0.482422 0.814453 0.482422 0.806641 0.490234 0.806641 0.498047 0.802734 0.501953 0.802734 0.505859 0.798828 0.509766 0.798828 0.531250 0.800781 0.533203 0.800781 0.535156 0.808594 0.542969 0.810547 0.542969 0.812500 0.544922 0.812500 0.546875 0.814453 0.546875 0.818359 0.550781 0.820312 0.550781 0.822266 0.552734 0.833984 0.552734 0.835938 0.550781 0.839844 0.550781 0.841797 0.548828 0.843750 0.548828 0.845703 0.546875 0.847656 0.546875 0.847656 0.544922 0.849609 0.542969 0.851562 0.542969 0.851562 0.541016 0.853516 0.539062 0.853516 0.537109 0.855469 0.535156 0.855469 0.505859 0.853516 0.505859 0.851562 0.503906 0.851562 0.500000 0.843750 0.492188 0.841797 0.492188 0.839844 0.490234 0.837891 0.490234 0.835938 0.488281 0.835938 0.486328 0.833984 0.486328 0.830078 0.482422 0.826172 0.482422 0.824219 0.480469
0 0.939453 0.498047 0.937500 0.500000 0.929688 0.500000 0.927734 0.501953 0.925781 0.501953 0.923828 0.503906 0.921875 0.503906 0.919922 0.505859 0.916016 0.505859 0.914062 0.507812 0.912109 0.507812 0.912109 0.511719 0.910156 0.513672 0.908203 0.513672 0.908203 0.515625 0.906250 0.517578 0.906250 0.523438 0.908203 0.525391 0.908203 0.531250 0.910156 0.533203 0.910156 0.535156 0.912109 0.535156 0.919922 0.542969 0.921875 0.542969 0.923828 0.544922 0.935547 0.544922 0.937500 0.542969 0.941406 0.542969 0.943359 0.541016 0.945312 0.541016 0.951172 0.535156 0.953125 0.535156 0.953125 0.533203 0.955078 0.531250 0.955078 0.529297 0.960938 0.523438 0.960938 0.505859 0.958984 0.503906 0.958984 0.501953 0.957031 0.500000 0.957031 0.498047
0 0.142578 0.482422 0.140625 0.484375 0.132812 0.484375 0.130859 0.486328 0.113281 0.486328 0.111328 0.488281 0.103516 0.488281 0.103516 0.490234 0.095703 0.498047 0.095703 0.500000 0.093750 0.501953 0.091797 0.501953 0.091797 0.525391 0.093750 0.527344 0.093750 0.531250 0.095703 0.533203 0.095703 0.535156 0.097656 0.537109 0.097656 0.542969 0.099609 0.544922 0.099609 0.548828 0.103516 0.552734 0.103516 0.556641 0.107422 0.560547 0.107422 0.562500 0.109375 0.562500 0.111328 0.564453 0.113281 0.564453 0.115234 0.566406 0.117188 0.566406 0.119141 0.568359 0.128906 0.568359 0.130859 0.566406 0.132812 0.566406 0.132812 0.564453 0.136719 0.560547 0.136719 0.558594 0.140625 0.554688 0.140625 0.552734 0.144531 0.548828 0.144531 0.546875 0.148438 0.542969 0.148438 0.541016 0.150391 0.539062 0.152344 0.539062 0.152344 0.537109 0.156250 0.533203 0.156250 0.531250 0.160156 0.527344 0.160156 0.525391 0.164062 0.521484 0.164062 0.519531 0.169922 0.513672 0.169922 0.511719 0.171875 0.509766 0.171875 0.494141 0.167969 0.490234 0.167969 0.488281 0.162109 0.482422
0 0.673828 0.498047 0.671875 0.500000 0.669922 0.500000 0.667969 0.501953 0.666016 0.501953 0.652344 0.515625 0.652344 0.519531 0.650391 0.521484 0.650391 0.546875 0.652344 0.548828 0.652344 0.550781 0.654297 0.552734 0.654297 0.554688 0.658203 0.558594 0.658203 0.560547 0.662109 0.564453 0.662109 0.566406 0.664062 0.566406 0.667969 0.570312 0.699219 0.570312 0.701172 0.568359 0.703125 0.568359 0.705078 0.566406 0.707031 0.566406 0.708984 0.564453 0.710938 0.564453 0.712891 0.562500 0.714844 0.562500 0.726562 0.550781 0.726562 0.548828 0.728516 0.546875 0.728516 0.529297 0.726562 0.527344 0.726562 0.521484 0.724609 0.521484 0.722656 0.519531 0.722656 0.517578 0.718750 0.513672 0.718750 0.511719 0.716797 0.511719 0.714844 0.509766 0.714844 0.507812 0.712891 0.507812 0.707031 0.501953 0.705078 0.501953 0.703125 0.500000 0.701172 0.500000 0.699219 0.498047
0 0.244141 0.523438 0.242188 0.525391 0.216797 0.525391 0.214844 0.527344 0.212891 0.527344 0.210938 0.529297 0.208984 0.529297 0.205078 0.533203 0.203125 0.533203 0.191406 0.544922 0.191406 0.546875 0.189453 0.548828 0.189453 0.550781 0.185547 0.554688 0.185547 0.568359 0.189453 0.572266 0.189453 0.574219 0.193359 0.578125 0.197266 0.578125 0.199219 0.580078 0.222656 0.580078 0.224609 0.578125 0.234375 0.578125 0.236328 0.576172 0.238281 0.576172 0.240234 0.574219 0.246094 0.574219 0.246094 0.572266 0.248047 0.570312 0.250000 0.570312 0.257812 0.562500 0.259766 0.562500 0.259766 0.560547 0.265625 0.554688 0.265625 0.552734 0.269531 0.548828 0.269531 0.535156 0.265625 0.531250 0.265625 0.529297 0.263672 0.529297 0.261719 0.527344 0.261719 0.525391 0.259766 0.525391 0.257812 0.523438
0 0.482422 0.531250 0.480469 0.533203 0.476562 0.533203 0.474609 0.535156 0.474609 0.537109 0.470703 0.541016 0.470703 0.542969 0.468750 0.544922 0.466797 0.544922 0.466797 0.570312 0.468750 0.572266 0.468750 0.578125 0.470703 0.580078 0.470703 0.582031 0.474609 0.585938 0.476562 0.585938 0.480469 0.589844 0.482422 0.589844 0.486328 0.593750 0.490234 0.593750 0.492188 0.595703 0.511719 0.595703 0.513672 0.593750 0.521484 0.593750 0.525391 0.589844 0.529297 0.589844 0.533203 0.585938 0.535156 0.585938 0.539062 0.582031 0.541016 0.582031 0.544922 0.578125 0.546875 0.578125 0.548828 0.576172 0.550781 0.576172 0.552734 0.574219 0.554688 0.574219 0.554688 0.572266 0.556641 0.570312 0.558594 0.570312 0.558594 0.564453 0.556641 0.562500 0.556641 0.560547 0.552734 0.556641 0.548828 0.556641 0.546875 0.554688 0.546875 0.552734 0.544922 0.552734 0.542969 0.550781 0.541016 0.550781 0.539062 0.548828 0.537109 0.548828 0.533203 0.544922 0.531250 0.544922 0.527344 0.541016 0.525391 0.541016 0.523438 0.539062 0.523438 0.537109 0.521484 0.537109 0.519531 0.535156 0.515625 0.535156 0.513672 0.533203 0.505859 0.533203 0.503906 0.531250
0 0.003906 0.531250 0.000000 0.535156 0.000000 0.605469 0.011719 0.605469 0.013672 0.603516 0.015625 0.603516 0.017578 0.601562 0.031250 0.601562 0.033203 0.599609 0.046875 0.599609 0.050781 0.595703 0.050781 0.591797 0.052734 0.589844 0.052734 0.585938 0.054688 0.583984 0.054688 0.564453 0.052734 0.562500 0.052734 0.560547 0.050781 0.558594 0.050781 0.552734 0.048828 0.552734 0.046875 0.550781 0.046875 0.548828 0.044922 0.546875 0.044922 0.544922 0.042969 0.544922 0.039062 0.541016 0.037109 0.541016 0.035156 0.539062 0.033203 0.539062 0.031250 0.537109 0.027344 0.537109 0.025391 0.535156 0.023438 0.535156 0.021484 0.533203 0.013672 0.533203 0.011719 0.531250
0 0.373047 0.521484 0.371094 0.523438 0.369141 0.523438 0.367188 0.525391 0.365234 0.525391 0.357422 0.533203 0.353516 0.533203 0.339844 0.546875 0.339844 0.548828 0.341797 0.550781 0.343750 0.550781 0.347656 0.554688 0.349609 0.554688 0.353516 0.558594 0.355469 0.558594 0.357422 0.560547 0.357422 0.562500 0.359375 0.562500 0.361328 0.564453 0.361328 0.566406 0.365234 0.570312 0.365234 0.576172 0.367188 0.578125 0.367188 0.585938 0.369141 0.587891 0.369141 0.593750 0.367188 0.595703 0.367188 0.597656 0.365234 0.599609 0.363281 0.599609 0.359375 0.603516 0.355469 0.603516 0.353516 0.605469 0.349609 0.605469 0.347656 0.603516 0.345703 0.603516 0.345703 0.605469 0.347656 0.607422 0.347656 0.609375 0.349609 0.611328 0.349609 0.613281 0.353516 0.613281 0.355469 0.615234 0.367188 0.615234 0.369141 0.613281 0.376953 0.613281 0.384766 0.605469 0.386719 0.605469 0.402344 0.589844 0.402344 0.587891 0.404297 0.585938 0.406250 0.585938 0.406250 0.582031 0.410156 0.578125 0.410156 0.574219 0.412109 0.572266 0.412109 0.568359 0.414062 0.566406 0.414062 0.542969 0.410156 0.539062 0.410156 0.535156 0.406250 0.531250 0.406250 0.529297 0.402344 0.525391 0.398438 0.525391 0.394531 0.521484
0 0.294922 0.542969 0.292969 0.544922 0.287109 0.544922 0.287109 0.546875 0.285156 0.548828 0.283203 0.548828 0.263672 0.568359 0.263672 0.589844 0.265625 0.591797 0.265625 0.593750 0.267578 0.595703 0.267578 0.599609 0.271484 0.603516 0.271484 0.605469 0.273438 0.605469 0.275391 0.607422 0.277344 0.607422 0.279297 0.609375 0.289062 0.609375 0.291016 0.607422 0.292969 0.607422 0.294922 0.605469 0.296875 0.605469 0.300781 0.601562 0.302734 0.601562 0.306641 0.597656 0.308594 0.597656 0.310547 0.595703 0.322266 0.595703 0.324219 0.597656 0.333984 0.597656 0.337891 0.601562 0.347656 0.601562 0.349609 0.603516 0.353516 0.603516 0.355469 0.601562 0.359375 0.601562 0.363281 0.597656 0.365234 0.597656 0.365234 0.595703 0.367188 0.593750 0.367188 0.587891 0.365234 0.585938 0.365234 0.578125 0.363281 0.576172 0.363281 0.570312 0.359375 0.566406 0.359375 0.564453 0.357422 0.564453 0.355469 0.562500 0.355469 0.560547 0.353516 0.560547 0.349609 0.556641 0.347656 0.556641 0.343750 0.552734 0.341797 0.552734 0.337891 0.548828 0.335938 0.548828 0.333984 0.546875 0.332031 0.546875 0.330078 0.544922 0.326172 0.544922 0.324219 0.542969
0 0.843750 0.568359 0.841797 0.570312 0.839844 0.570312 0.837891 0.572266 0.835938 0.572266 0.833984 0.574219 0.833984 0.576172 0.832031 0.578125 0.832031 0.601562 0.833984 0.603516 0.833984 0.609375 0.835938 0.609375 0.837891 0.611328 0.837891 0.615234 0.839844 0.617188 0.859375 0.617188 0.863281 0.613281 0.867188 0.613281 0.867188 0.611328 0.869141 0.609375 0.871094 0.609375 0.871094 0.607422 0.873047 0.605469 0.875000 0.605469 0.875000 0.603516 0.876953 0.601562 0.878906 0.601562 0.878906 0.597656 0.882812 0.593750 0.882812 0.583984 0.880859 0.582031 0.880859 0.580078 0.878906 0.578125 0.878906 0.576172 0.875000 0.572266 0.873047 0.572266 0.871094 0.570312 0.869141 0.570312 0.867188 0.568359
0 0.767578 0.582031 0.765625 0.583984 0.759766 0.583984 0.753906 0.589844 0.751953 0.589844 0.748047 0.593750 0.748047 0.595703 0.744141 0.599609 0.744141 0.601562 0.740234 0.605469 0.740234 0.621094 0.742188 0.623047 0.742188 0.625000 0.744141 0.625000 0.746094 0.626953 0.751953 0.621094 0.753906 0.621094 0.755859 0.619141 0.757812 0.619141 0.759766 0.617188 0.771484 0.617188 0.773438 0.615234 0.787109 0.615234 0.789062 0.613281 0.789062 0.599609 0.787109 0.597656 0.787109 0.591797 0.785156 0.589844 0.785156 0.587891 0.781250 0.583984 0.779297 0.583984 0.777344 0.582031
0 0.177734 0.597656 0.175781 0.599609 0.162109 0.599609 0.162109 0.605469 0.160156 0.607422 0.160156 0.615234 0.162109 0.617188 0.162109 0.625000 0.166016 0.628906 0.166016 0.632812 0.169922 0.636719 0.169922 0.638672 0.173828 0.642578 0.173828 0.644531 0.175781 0.644531 0.177734 0.646484 0.179688 0.646484 0.187500 0.654297 0.201172 0.654297 0.203125 0.652344 0.208984 0.652344 0.212891 0.648438 0.216797 0.648438 0.220703 0.644531 0.222656 0.644531 0.224609 0.642578 0.226562 0.642578 0.226562 0.640625 0.228516 0.638672 0.230469 0.638672 0.230469 0.634766 0.232422 0.632812 0.234375 0.632812 0.234375 0.623047 0.222656 0.611328 0.222656 0.609375 0.220703 0.607422 0.218750 0.607422 0.214844 0.603516 0.212891 0.603516 0.210938 0.601562 0.208984 0.601562 0.207031 0.599609 0.197266 0.599609 0.195312 0.597656
0 0.472656 0.603516 0.468750 0.607422 0.466797 0.607422 0.462891 0.611328 0.462891 0.613281 0.460938 0.615234 0.458984 0.615234 0.458984 0.621094 0.457031 0.623047 0.457031 0.630859 0.455078 0.632812 0.455078 0.642578 0.462891 0.650391 0.464844 0.650391 0.466797 0.652344 0.484375 0.652344 0.486328 0.650391 0.488281 0.650391 0.490234 0.648438 0.492188 0.648438 0.496094 0.644531 0.496094 0.642578 0.498047 0.640625 0.498047 0.638672 0.500000 0.636719 0.500000 0.626953 0.498047 0.625000 0.498047 0.623047 0.496094 0.621094 0.496094 0.617188 0.492188 0.613281 0.492188 0.611328 0.490234 0.611328 0.486328 0.607422 0.484375 0.607422 0.482422 0.605469 0.480469 0.605469 0.478516 0.603516
0 0.916016 0.603516 0.914062 0.605469 0.912109 0.605469 0.910156 0.607422 0.908203 0.607422 0.908203 0.611328 0.904297 0.615234 0.904297 0.619141 0.902344 0.621094 0.902344 0.625000 0.900391 0.626953 0.900391 0.632812 0.898438 0.634766 0.898438 0.644531 0.900391 0.646484 0.900391 0.652344 0.904297 0.656250 0.904297 0.658203 0.906250 0.660156 0.910156 0.660156 0.912109 0.662109 0.919922 0.662109 0.921875 0.660156 0.927734 0.660156 0.929688 0.658203 0.953125 0.658203 0.955078 0.656250 0.957031 0.656250 0.960938 0.652344 0.960938 0.650391 0.962891 0.648438 0.962891 0.646484 0.964844 0.644531 0.964844 0.636719 0.962891 0.634766 0.962891 0.630859 0.960938 0.628906 0.960938 0.625000 0.957031 0.621094 0.957031 0.619141 0.953125 0.615234 0.951172 0.615234 0.949219 0.613281 0.949219 0.611328 0.947266 0.611328 0.945312 0.609375 0.945312 0.607422 0.943359 0.607422 0.941406 0.605469 0.937500 0.605469 0.935547 0.603516
0 0.630859 0.611328 0.628906 0.613281 0.626953 0.613281 0.625000 0.615234 0.619141 0.615234 0.619141 0.619141 0.617188 0.621094 0.617188 0.623047 0.615234 0.625000 0.615234 0.626953 0.613281 0.628906 0.613281 0.630859 0.611328 0.632812 0.611328 0.638672 0.613281 0.640625 0.613281 0.642578 0.615234 0.644531 0.615234 0.652344 0.619141 0.656250 0.619141 0.658203 0.632812 0.671875 0.634766 0.671875 0.638672 0.675781 0.640625 0.675781 0.642578 0.677734 0.660156 0.677734 0.662109 0.675781 0.667969 0.675781 0.667969 0.673828 0.669922 0.671875 0.669922 0.650391 0.667969 0.648438 0.667969 0.642578 0.666016 0.640625 0.666016 0.638672 0.664062 0.636719 0.664062 0.632812 0.660156 0.628906 0.660156 0.626953 0.656250 0.623047 0.654297 0.623047 0.652344 0.621094 0.652344 0.619141 0.650391 0.619141 0.646484 0.615234 0.644531 0.615234 0.640625 0.611328
0 0.773438 0.617188 0.771484 0.619141 0.759766 0.619141 0.757812 0.621094 0.755859 0.621094 0.753906 0.623047 0.751953 0.623047 0.748047 0.626953 0.748047 0.628906 0.744141 0.632812 0.744141 0.644531 0.746094 0.646484 0.746094 0.652344 0.748047 0.654297 0.748047 0.656250 0.750000 0.658203 0.750000 0.660156 0.759766 0.669922 0.761719 0.669922 0.767578 0.675781 0.806641 0.675781 0.810547 0.671875 0.812500 0.671875 0.812500 0.669922 0.814453 0.667969 0.816406 0.667969 0.816406 0.662109 0.818359 0.660156 0.818359 0.658203 0.820312 0.656250 0.820312 0.638672 0.816406 0.634766 0.816406 0.630859 0.814453 0.630859 0.810547 0.626953 0.808594 0.626953 0.804688 0.623047 0.802734 0.623047 0.800781 0.621094 0.800781 0.619141 0.798828 0.619141 0.796875 0.617188
0 0.306641 0.619141 0.304688 0.621094 0.302734 0.621094 0.300781 0.623047 0.298828 0.623047 0.296875 0.625000 0.294922 0.625000 0.291016 0.628906 0.289062 0.628906 0.283203 0.634766 0.281250 0.634766 0.279297 0.636719 0.279297 0.638672 0.275391 0.642578 0.275391 0.644531 0.273438 0.646484 0.273438 0.648438 0.271484 0.650391 0.271484 0.666016 0.275391 0.669922 0.275391 0.671875 0.277344 0.671875 0.281250 0.675781 0.318359 0.675781 0.322266 0.671875 0.324219 0.671875 0.324219 0.669922 0.326172 0.667969 0.328125 0.667969 0.328125 0.666016 0.332031 0.662109 0.332031 0.656250 0.333984 0.654297 0.333984 0.650391 0.335938 0.648438 0.335938 0.636719 0.332031 0.632812 0.332031 0.630859 0.330078 0.630859 0.328125 0.628906 0.328125 0.626953 0.324219 0.626953 0.320312 0.623047 0.318359 0.623047 0.314453 0.619141
0 0.371094 0.644531 0.369141 0.646484 0.357422 0.646484 0.355469 0.648438 0.353516 0.648438 0.349609 0.652344 0.347656 0.652344 0.345703 0.654297 0.345703 0.656250 0.343750 0.658203 0.341797 0.658203 0.341797 0.660156 0.333984 0.667969 0.333984 0.669922 0.332031 0.671875 0.332031 0.675781 0.330078 0.677734 0.330078 0.683594 0.332031 0.685547 0.332031 0.691406 0.333984 0.693359 0.333984 0.699219 0.335938 0.699219 0.337891 0.701172 0.337891 0.703125 0.341797 0.707031 0.343750 0.707031 0.345703 0.708984 0.347656 0.708984 0.349609 0.710938 0.375000 0.710938 0.378906 0.707031 0.380859 0.707031 0.384766 0.703125 0.386719 0.703125 0.386719 0.701172 0.388672 0.699219 0.388672 0.697266 0.390625 0.695312 0.390625 0.693359 0.392578 0.691406 0.394531 0.691406 0.394531 0.689453 0.396484 0.687500 0.396484 0.685547 0.398438 0.683594 0.398438 0.681641 0.400391 0.679688 0.402344 0.679688 0.402344 0.660156 0.400391 0.658203 0.400391 0.656250 0.394531 0.650391 0.392578 0.650391 0.388672 0.646484 0.386719 0.646484 0.384766 0.644531
0 0.511719 0.654297 0.509766 0.656250 0.505859 0.656250 0.503906 0.658203 0.494141 0.658203 0.490234 0.662109 0.488281 0.662109 0.486328 0.664062 0.486328 0.666016 0.484375 0.667969 0.484375 0.669922 0.482422 0.671875 0.482422 0.679688 0.484375 0.681641 0.484375 0.683594 0.486328 0.685547 0.486328 0.693359 0.490234 0.697266 0.490234 0.699219 0.492188 0.699219 0.494141 0.701172 0.494141 0.703125 0.498047 0.707031 0.500000 0.707031 0.501953 0.708984 0.501953 0.710938 0.509766 0.710938 0.509766 0.708984 0.515625 0.703125 0.515625 0.701172 0.517578 0.699219 0.519531 0.699219 0.519531 0.697266 0.521484 0.695312 0.521484 0.693359 0.523438 0.691406 0.523438 0.687500 0.525391 0.685547 0.525391 0.683594 0.527344 0.681641 0.527344 0.667969 0.525391 0.666016 0.525391 0.664062 0.523438 0.662109 0.523438 0.660156 0.517578 0.654297
0 0.699219 0.652344 0.697266 0.654297 0.695312 0.654297 0.687500 0.662109 0.685547 0.662109 0.675781 0.671875 0.675781 0.695312 0.677734 0.697266 0.677734 0.701172 0.687500 0.701172 0.689453 0.703125 0.697266 0.703125 0.699219 0.705078 0.703125 0.705078 0.705078 0.707031 0.707031 0.707031 0.708984 0.708984 0.708984 0.710938 0.710938 0.710938 0.714844 0.714844 0.720703 0.714844 0.720703 0.712891 0.722656 0.710938 0.722656 0.708984 0.724609 0.707031 0.724609 0.705078 0.726562 0.703125 0.726562 0.681641 0.724609 0.679688 0.724609 0.673828 0.722656 0.671875 0.722656 0.667969 0.718750 0.664062 0.718750 0.662109 0.714844 0.658203 0.714844 0.656250 0.710938 0.652344
0 0.865234 0.662109 0.857422 0.669922 0.857422 0.671875 0.855469 0.673828 0.855469 0.675781 0.853516 0.677734 0.853516 0.679688 0.851562 0.681641 0.851562 0.683594 0.849609 0.685547 0.849609 0.691406 0.847656 0.693359 0.847656 0.697266 0.845703 0.699219 0.845703 0.708984 0.847656 0.710938 0.847656 0.712891 0.849609 0.714844 0.849609 0.718750 0.851562 0.718750 0.853516 0.720703 0.853516 0.722656 0.855469 0.724609 0.855469 0.726562 0.863281 0.726562 0.867188 0.722656 0.869141 0.722656 0.873047 0.718750 0.875000 0.718750 0.876953 0.716797 0.878906 0.716797 0.880859 0.714844 0.882812 0.714844 0.884766 0.712891 0.886719 0.712891 0.888672 0.710938 0.890625 0.710938 0.890625 0.708984 0.892578 0.707031 0.894531 0.707031 0.894531 0.705078 0.896484 0.703125 0.896484 0.695312 0.894531 0.693359 0.894531 0.681641 0.892578 0.679688 0.892578 0.677734 0.890625 0.675781 0.890625 0.673828 0.882812 0.666016 0.880859 0.666016 0.878906 0.664062 0.878906 0.662109
0 0.236328 0.675781 0.234375 0.677734 0.224609 0.677734 0.220703 0.681641 0.220703 0.683594 0.212891 0.691406 0.212891 0.693359 0.220703 0.701172 0.220703 0.703125 0.224609 0.707031 0.226562 0.707031 0.234375 0.714844 0.236328 0.714844 0.240234 0.718750 0.242188 0.718750 0.246094 0.722656 0.248047 0.722656 0.251953 0.726562 0.255859 0.726562 0.257812 0.728516 0.265625 0.728516 0.267578 0.726562 0.271484 0.726562 0.275391 0.722656 0.277344 0.722656 0.285156 0.714844 0.285156 0.712891 0.287109 0.710938 0.289062 0.710938 0.289062 0.708984 0.291016 0.707031 0.291016 0.697266 0.289062 0.695312 0.289062 0.693359 0.287109 0.693359 0.277344 0.683594 0.275391 0.683594 0.273438 0.681641 0.271484 0.681641 0.267578 0.677734 0.263672 0.677734 0.261719 0.675781
0 0.611328 0.681641 0.599609 0.693359 0.599609 0.703125 0.603516 0.703125 0.607422 0.707031 0.609375 0.707031 0.611328 0.708984 0.613281 0.708984 0.615234 0.710938 0.617188 0.710938 0.621094 0.714844 0.623047 0.714844 0.626953 0.718750 0.628906 0.718750 0.630859 0.720703 0.630859 0.722656 0.634766 0.726562 0.634766 0.728516 0.636719 0.728516 0.638672 0.726562 0.640625 0.726562 0.640625 0.724609 0.644531 0.720703 0.644531 0.718750 0.648438 0.714844 0.648438 0.712891 0.650391 0.710938 0.650391 0.701172 0.648438 0.699219 0.648438 0.695312 0.644531 0.691406 0.642578 0.691406 0.640625 0.689453 0.636719 0.689453 0.634766 0.687500 0.632812 0.687500 0.630859 0.685547 0.626953 0.685547 0.625000 0.683594 0.625000 0.681641
0 0.410156 0.679688 0.402344 0.687500 0.402344 0.697266 0.400391 0.699219 0.400391 0.710938 0.398438 0.712891 0.398438 0.732422 0.400391 0.734375 0.400391 0.738281 0.402344 0.740234 0.402344 0.742188 0.404297 0.744141 0.404297 0.746094 0.406250 0.746094 0.408203 0.748047 0.408203 0.750000 0.427734 0.750000 0.427734 0.748047 0.429688 0.746094 0.429688 0.744141 0.431641 0.742188 0.431641 0.740234 0.433594 0.738281 0.433594 0.736328 0.437500 0.732422 0.437500 0.730469 0.441406 0.726562 0.441406 0.720703 0.443359 0.718750 0.443359 0.716797 0.445312 0.714844 0.445312 0.701172 0.443359 0.699219 0.443359 0.697266 0.441406 0.695312 0.441406 0.689453 0.439453 0.689453 0.437500 0.687500 0.437500 0.685547 0.433594 0.681641 0.431641 0.681641 0.429688 0.679688
0 0.763672 0.701172 0.761719 0.703125 0.757812 0.703125 0.755859 0.705078 0.755859 0.707031 0.753906 0.708984 0.751953 0.708984 0.751953 0.710938 0.748047 0.714844 0.748047 0.730469 0.751953 0.734375 0.751953 0.738281 0.755859 0.742188 0.757812 0.742188 0.761719 0.746094 0.767578 0.746094 0.771484 0.750000 0.773438 0.750000 0.777344 0.753906 0.781250 0.753906 0.783203 0.755859 0.783203 0.757812 0.794922 0.757812 0.796875 0.755859 0.798828 0.755859 0.800781 0.753906 0.804688 0.753906 0.808594 0.750000 0.808594 0.728516 0.806641 0.726562 0.806641 0.722656 0.804688 0.720703 0.804688 0.716797 0.802734 0.714844 0.802734 0.712891 0.798828 0.712891 0.796875 0.710938 0.796875 0.708984 0.794922 0.708984 0.792969 0.707031 0.791016 0.707031 0.789062 0.705078 0.785156 0.705078 0.783203 0.703125 0.779297 0.703125 0.777344 0.701172
0 0.585938 0.701172 0.583984 0.703125 0.583984 0.705078 0.582031 0.707031 0.582031 0.708984 0.580078 0.710938 0.580078 0.718750 0.578125 0.720703 0.578125 0.724609 0.576172 0.726562 0.576172 0.761719 0.578125 0.763672 0.578125 0.765625 0.580078 0.767578 0.580078 0.769531 0.587891 0.769531 0.589844 0.767578 0.593750 0.767578 0.595703 0.765625 0.601562 0.765625 0.603516 0.763672 0.609375 0.763672 0.611328 0.761719 0.617188 0.761719 0.621094 0.757812 0.623047 0.757812 0.626953 0.753906 0.628906 0.753906 0.628906 0.751953 0.632812 0.748047 0.632812 0.746094 0.634766 0.744141 0.634766 0.736328 0.632812 0.734375 0.632812 0.726562 0.628906 0.722656 0.628906 0.720703 0.626953 0.720703 0.623047 0.716797 0.621094 0.716797 0.617188 0.712891 0.615234 0.712891 0.613281 0.710938 0.611328 0.710938 0.609375 0.708984 0.607422 0.708984 0.603516 0.705078 0.599609 0.705078 0.595703 0.701172
0 0.677734 0.703125 0.675781 0.705078 0.673828 0.705078 0.669922 0.708984 0.669922 0.710938 0.667969 0.712891 0.667969 0.714844 0.666016 0.716797 0.666016 0.744141 0.669922 0.748047 0.669922 0.751953 0.673828 0.755859 0.673828 0.757812 0.675781 0.757812 0.677734 0.759766 0.677734 0.761719 0.679688 0.761719 0.683594 0.765625 0.685547 0.765625 0.689453 0.769531 0.691406 0.769531 0.693359 0.771484 0.695312 0.771484 0.697266 0.773438 0.710938 0.773438 0.712891 0.771484 0.716797 0.771484 0.718750 0.769531 0.722656 0.769531 0.724609 0.767578 0.726562 0.767578 0.728516 0.765625 0.732422 0.765625 0.732422 0.759766 0.730469 0.757812 0.730469 0.750000 0.728516 0.748047 0.728516 0.746094 0.726562 0.744141 0.726562 0.736328 0.724609 0.734375 0.724609 0.732422 0.722656 0.730469 0.722656 0.726562 0.718750 0.722656 0.718750 0.720703 0.710938 0.712891 0.708984 0.712891 0.707031 0.710938 0.707031 0.708984 0.705078 0.708984 0.703125 0.707031 0.699219 0.707031 0.697266 0.705078 0.689453 0.705078 0.687500 0.703125
0 0.216797 0.726562 0.205078 0.738281 0.203125 0.738281 0.203125 0.742188 0.201172 0.744141 0.201172 0.748047 0.199219 0.750000 0.199219 0.753906 0.197266 0.755859 0.197266 0.757812 0.195312 0.759766 0.195312 0.781250 0.197266 0.783203 0.197266 0.785156 0.201172 0.789062 0.201172 0.791016 0.205078 0.794922 0.207031 0.794922 0.208984 0.796875 0.210938 0.796875 0.212891 0.798828 0.214844 0.798828 0.216797 0.800781 0.234375 0.800781 0.236328 0.798828 0.240234 0.798828 0.242188 0.796875 0.244141 0.796875 0.248047 0.792969 0.253906 0.792969 0.255859 0.791016 0.255859 0.789062 0.257812 0.787109 0.257812 0.785156 0.259766 0.783203 0.259766 0.779297 0.261719 0.777344 0.261719 0.775391 0.263672 0.773438 0.263672 0.771484 0.261719 0.769531 0.261719 0.765625 0.257812 0.761719 0.257812 0.759766 0.255859 0.759766 0.253906 0.757812 0.253906 0.755859 0.250000 0.751953 0.248047 0.751953 0.246094 0.750000 0.246094 0.748047 0.232422 0.734375 0.232422 0.732422 0.230469 0.732422 0.226562 0.728516 0.224609 0.728516 0.222656 0.726562
0 0.488281 0.732422 0.484375 0.736328 0.480469 0.736328 0.476562 0.740234 0.476562 0.742188 0.472656 0.746094 0.472656 0.748047 0.470703 0.750000 0.470703 0.751953 0.472656 0.753906 0.474609 0.753906 0.482422 0.761719 0.484375 0.761719 0.486328 0.763672 0.486328 0.765625 0.488281 0.765625 0.490234 0.767578 0.490234 0.769531 0.492188 0.771484 0.492188 0.773438 0.494141 0.775391 0.494141 0.792969 0.501953 0.792969 0.503906 0.791016 0.505859 0.791016 0.507812 0.789062 0.511719 0.789062 0.517578 0.783203 0.517578 0.781250 0.519531 0.779297 0.519531 0.777344 0.521484 0.775391 0.521484 0.773438 0.523438 0.771484 0.523438 0.755859 0.521484 0.753906 0.521484 0.751953 0.519531 0.750000 0.519531 0.748047 0.513672 0.742188 0.511719 0.742188 0.509766 0.740234 0.507812 0.740234 0.503906 0.736328 0.501953 0.736328 0.500000 0.734375 0.498047 0.734375 0.496094 0.732422
0 0.884766 0.728516 0.882812 0.730469 0.880859 0.730469 0.878906 0.732422 0.876953 0.732422 0.876953 0.734375 0.875000 0.736328 0.873047 0.736328 0.873047 0.738281 0.871094 0.740234 0.869141 0.740234 0.865234 0.744141 0.865234 0.746094 0.863281 0.748047 0.861328 0.748047 0.861328 0.750000 0.859375 0.751953 0.859375 0.753906 0.857422 0.755859 0.857422 0.785156 0.859375 0.787109 0.859375 0.789062 0.865234 0.794922 0.865234 0.796875 0.869141 0.800781 0.869141 0.802734 0.871094 0.802734 0.873047 0.804688 0.875000 0.804688 0.876953 0.806641 0.876953 0.808594 0.880859 0.808594 0.884766 0.812500 0.902344 0.812500 0.906250 0.808594 0.906250 0.804688 0.910156 0.800781 0.910156 0.785156 0.908203 0.783203 0.908203 0.777344 0.906250 0.775391 0.906250 0.767578 0.908203 0.765625 0.908203 0.763672 0.910156 0.761719 0.910156 0.757812 0.914062 0.753906 0.914062 0.740234 0.912109 0.740234 0.910156 0.738281 0.910156 0.734375 0.908203 0.734375 0.906250 0.732422 0.904297 0.732422 0.902344 0.730469 0.902344 0.728516
0 0.279297 0.765625 0.277344 0.767578 0.273438 0.767578 0.269531 0.771484 0.265625 0.771484 0.265625 0.773438 0.263672 0.775391 0.263672 0.777344 0.261719 0.779297 0.261719 0.783203 0.259766 0.785156 0.259766 0.787109 0.257812 0.789062 0.257812 0.791016 0.255859 0.792969 0.255859 0.800781 0.267578 0.800781 0.269531 0.802734 0.271484 0.802734 0.273438 0.804688 0.279297 0.804688 0.283203 0.808594 0.285156 0.808594 0.287109 0.810547 0.287109 0.812500 0.289062 0.812500 0.292969 0.808594 0.294922 0.808594 0.296875 0.806641 0.296875 0.804688 0.300781 0.800781 0.300781 0.798828 0.304688 0.794922 0.304688 0.777344 0.300781 0.773438 0.300781 0.771484 0.298828 0.771484 0.296875 0.769531 0.294922 0.769531 0.292969 0.767578 0.289062 0.767578 0.287109 0.765625
0 0.457031 0.751953 0.455078 0.753906 0.453125 0.753906 0.451172 0.755859 0.449219 0.755859 0.441406 0.763672 0.431641 0.763672 0.429688 0.765625 0.425781 0.765625 0.423828 0.767578 0.419922 0.767578 0.416016 0.771484 0.414062 0.771484 0.408203 0.777344 0.408203 0.787109 0.410156 0.789062 0.410156 0.792969 0.412109 0.794922 0.412109 0.798828 0.416016 0.802734 0.416016 0.804688 0.417969 0.804688 0.419922 0.806641 0.419922 0.808594 0.421875 0.808594 0.423828 0.810547 0.423828 0.812500 0.427734 0.816406 0.429688 0.816406 0.431641 0.818359 0.431641 0.820312 0.433594 0.820312 0.437500 0.824219 0.439453 0.824219 0.443359 0.828125 0.453125 0.828125 0.455078 0.826172 0.457031 0.826172 0.458984 0.824219 0.464844 0.824219 0.464844 0.822266 0.466797 0.820312 0.470703 0.820312 0.474609 0.816406 0.476562 0.816406 0.480469 0.812500 0.482422 0.812500 0.482422 0.810547 0.492188 0.800781 0.492188 0.775391 0.490234 0.773438 0.490234 0.771484 0.488281 0.769531 0.488281 0.767578 0.486328 0.767578 0.484375 0.765625 0.484375 0.763672 0.482422 0.763672 0.474609 0.755859 0.472656 0.755859 0.468750 0.751953
0 0.642578 0.755859 0.640625 0.757812 0.638672 0.757812 0.636719 0.759766 0.636719 0.761719 0.630859 0.767578 0.630859 0.769531 0.626953 0.773438 0.626953 0.775391 0.623047 0.779297 0.623047 0.785156 0.619141 0.789062 0.619141 0.791016 0.615234 0.794922 0.615234 0.796875 0.613281 0.798828 0.611328 0.798828 0.611328 0.800781 0.609375 0.802734 0.607422 0.802734 0.607422 0.804688 0.605469 0.806641 0.603516 0.806641 0.603516 0.828125 0.605469 0.830078 0.605469 0.832031 0.607422 0.832031 0.611328 0.835938 0.640625 0.835938 0.642578 0.833984 0.648438 0.833984 0.650391 0.832031 0.652344 0.832031 0.654297 0.830078 0.656250 0.830078 0.662109 0.824219 0.664062 0.824219 0.664062 0.822266 0.667969 0.818359 0.667969 0.816406 0.669922 0.814453 0.669922 0.812500 0.671875 0.810547 0.671875 0.800781 0.673828 0.798828 0.673828 0.783203 0.671875 0.781250 0.671875 0.771484 0.669922 0.771484 0.667969 0.769531 0.667969 0.767578 0.664062 0.763672 0.662109 0.763672 0.660156 0.761719 0.660156 0.759766 0.658203 0.759766 0.654297 0.755859
0 0.150391 0.765625 0.148438 0.767578 0.146484 0.767578 0.144531 0.769531 0.142578 0.769531 0.140625 0.771484 0.138672 0.771484 0.136719 0.773438 0.134766 0.773438 0.132812 0.775391 0.132812 0.777344 0.128906 0.781250 0.126953 0.781250 0.123047 0.785156 0.123047 0.787109 0.115234 0.794922 0.115234 0.796875 0.113281 0.798828 0.113281 0.800781 0.111328 0.802734 0.111328 0.812500 0.117188 0.818359 0.117188 0.820312 0.119141 0.820312 0.123047 0.824219 0.125000 0.824219 0.128906 0.828125 0.130859 0.828125 0.134766 0.832031 0.136719 0.832031 0.140625 0.835938 0.144531 0.835938 0.146484 0.837891 0.146484 0.839844 0.148438 0.839844 0.152344 0.843750 0.158203 0.843750 0.162109 0.839844 0.164062 0.839844 0.164062 0.837891 0.166016 0.835938 0.167969 0.835938 0.167969 0.833984 0.171875 0.830078 0.171875 0.828125 0.175781 0.824219 0.175781 0.820312 0.177734 0.818359 0.177734 0.806641 0.175781 0.804688 0.175781 0.798828 0.173828 0.798828 0.171875 0.796875 0.171875 0.794922 0.167969 0.791016 0.167969 0.789062 0.166016 0.787109 0.166016 0.785156 0.164062 0.783203 0.164062 0.779297 0.160156 0.775391 0.160156 0.771484 0.158203 0.771484 0.156250 0.769531 0.156250 0.767578 0.154297 0.767578 0.152344 0.765625
0 0.804688 0.777344 0.802734 0.779297 0.798828 0.779297 0.796875 0.781250 0.765625 0.781250 0.763672 0.783203 0.761719 0.783203 0.759766 0.785156 0.759766 0.796875 0.763672 0.800781 0.763672 0.802734 0.767578 0.806641 0.767578 0.808594 0.769531 0.808594 0.771484 0.810547 0.771484 0.812500 0.779297 0.820312 0.779297 0.822266 0.781250 0.822266 0.783203 0.824219 0.783203 0.826172 0.785156 0.828125 0.787109 0.828125 0.789062 0.830078 0.791016 0.830078 0.792969 0.832031 0.796875 0.832031 0.798828 0.833984 0.800781 0.833984 0.804688 0.830078 0.806641 0.830078 0.808594 0.828125 0.826172 0.828125 0.828125 0.826172 0.828125 0.824219 0.832031 0.820312 0.832031 0.800781 0.830078 0.798828 0.830078 0.794922 0.828125 0.792969 0.828125 0.789062 0.824219 0.785156 0.822266 0.785156 0.820312 0.783203 0.818359 0.783203 0.814453 0.779297 0.812500 0.779297 0.810547 0.777344
0 0.251953 0.802734 0.250000 0.804688 0.246094 0.804688 0.244141 0.806641 0.238281 0.806641 0.220703 0.824219 0.220703 0.832031 0.230469 0.832031 0.232422 0.833984 0.234375 0.833984 0.236328 0.835938 0.242188 0.835938 0.244141 0.837891 0.246094 0.837891 0.248047 0.839844 0.250000 0.839844 0.255859 0.845703 0.257812 0.845703 0.259766 0.847656 0.273438 0.847656 0.275391 0.845703 0.277344 0.845703 0.279297 0.843750 0.281250 0.843750 0.283203 0.841797 0.285156 0.841797 0.287109 0.839844 0.289062 0.839844 0.289062 0.837891 0.291016 0.835938 0.291016 0.824219 0.289062 0.822266 0.289062 0.814453 0.287109 0.814453 0.285156 0.812500 0.285156 0.810547 0.283203 0.810547 0.279297 0.806641 0.273438 0.806641 0.271484 0.804688 0.269531 0.804688 0.267578 0.802734
0 0.392578 0.824219 0.390625 0.826172 0.384766 0.826172 0.380859 0.830078 0.378906 0.830078 0.375000 0.833984 0.373047 0.833984 0.371094 0.835938 0.371094 0.837891 0.367188 0.841797 0.367188 0.843750 0.365234 0.845703 0.365234 0.867188 0.367188 0.869141 0.367188 0.871094 0.369141 0.873047 0.369141 0.875000 0.371094 0.875000 0.375000 0.878906 0.378906 0.878906 0.380859 0.880859 0.382812 0.880859 0.384766 0.882812 0.386719 0.882812 0.388672 0.884766 0.390625 0.884766 0.392578 0.886719 0.398438 0.886719 0.400391 0.888672 0.421875 0.888672 0.421875 0.884766 0.423828 0.882812 0.423828 0.876953 0.425781 0.875000 0.425781 0.869141 0.427734 0.867188 0.427734 0.865234 0.429688 0.863281 0.429688 0.857422 0.431641 0.855469 0.431641 0.853516 0.433594 0.851562 0.433594 0.849609 0.435547 0.847656 0.437500 0.847656 0.437500 0.843750 0.427734 0.833984 0.425781 0.833984 0.421875 0.830078 0.419922 0.830078 0.416016 0.826172 0.410156 0.826172 0.408203 0.824219
0 0.759766 0.830078 0.757812 0.832031 0.755859 0.832031 0.748047 0.839844 0.748047 0.845703 0.744141 0.849609 0.744141 0.865234 0.746094 0.867188 0.746094 0.869141 0.748047 0.871094 0.748047 0.875000 0.750000 0.875000 0.755859 0.880859 0.755859 0.882812 0.757812 0.882812 0.759766 0.884766 0.761719 0.884766 0.763672 0.886719 0.765625 0.886719 0.769531 0.890625 0.789062 0.890625 0.792969 0.886719 0.796875 0.886719 0.796875 0.880859 0.794922 0.878906 0.794922 0.876953 0.792969 0.875000 0.792969 0.869141 0.791016 0.867188 0.791016 0.853516 0.792969 0.851562 0.792969 0.849609 0.794922 0.847656 0.794922 0.845703 0.796875 0.843750 0.796875 0.837891 0.794922 0.837891 0.792969 0.835938 0.792969 0.833984 0.791016 0.832031 0.789062 0.832031 0.787109 0.830078
0 0.808594 0.830078 0.806641 0.832031 0.804688 0.832031 0.802734 0.833984 0.802734 0.835938 0.800781 0.837891 0.800781 0.839844 0.798828 0.841797 0.798828 0.843750 0.796875 0.845703 0.796875 0.847656 0.794922 0.849609 0.794922 0.851562 0.792969 0.853516 0.792969 0.867188 0.794922 0.869141 0.794922 0.875000 0.796875 0.876953 0.796875 0.878906 0.798828 0.880859 0.798828 0.882812 0.802734 0.886719 0.804688 0.886719 0.808594 0.890625 0.832031 0.890625 0.833984 0.888672 0.835938 0.888672 0.837891 0.886719 0.839844 0.886719 0.839844 0.884766 0.841797 0.882812 0.841797 0.880859 0.843750 0.878906 0.843750 0.876953 0.847656 0.873047 0.847656 0.865234 0.849609 0.863281 0.849609 0.855469 0.847656 0.853516 0.847656 0.847656 0.843750 0.843750 0.843750 0.841797 0.839844 0.837891 0.837891 0.837891 0.833984 0.833984 0.832031 0.833984 0.830078 0.832031 0.826172 0.832031 0.824219 0.830078
0 0.212891 0.833984 0.210938 0.835938 0.208984 0.835938 0.207031 0.837891 0.205078 0.837891 0.205078 0.839844 0.203125 0.841797 0.203125 0.849609 0.201172 0.851562 0.201172 0.876953 0.205078 0.880859 0.205078 0.882812 0.207031 0.882812 0.210938 0.886719 0.212891 0.886719 0.216797 0.890625 0.218750 0.888672 0.220703 0.888672 0.222656 0.886719 0.228516 0.886719 0.230469 0.884766 0.265625 0.884766 0.265625 0.857422 0.263672 0.857422 0.261719 0.855469 0.261719 0.851562 0.257812 0.847656 0.255859 0.847656 0.250000 0.841797 0.248047 0.841797 0.246094 0.839844 0.244141 0.839844 0.242188 0.837891 0.236328 0.837891 0.234375 0.835938 0.232422 0.835938 0.230469 0.833984
0 0.093750 0.837891 0.085938 0.845703 0.082031 0.845703 0.076172 0.851562 0.076172 0.855469 0.072266 0.859375 0.072266 0.861328 0.068359 0.865234 0.068359 0.871094 0.066406 0.873047 0.064453 0.873047 0.064453 0.890625 0.068359 0.894531 0.070312 0.894531 0.072266 0.896484 0.072266 0.898438 0.076172 0.898438 0.078125 0.900391 0.080078 0.898438 0.095703 0.898438 0.099609 0.894531 0.101562 0.894531 0.105469 0.890625 0.109375 0.890625 0.109375 0.888672 0.111328 0.886719 0.113281 0.886719 0.113281 0.884766 0.117188 0.880859 0.117188 0.853516 0.115234 0.851562 0.115234 0.849609 0.113281 0.847656 0.113281 0.845703 0.111328 0.845703 0.109375 0.843750 0.109375 0.841797 0.107422 0.841797 0.105469 0.839844 0.103516 0.839844 0.101562 0.837891
0 0.443359 0.845703 0.441406 0.847656 0.439453 0.847656 0.437500 0.849609 0.435547 0.849609 0.435547 0.851562 0.433594 0.853516 0.433594 0.855469 0.431641 0.857422 0.431641 0.863281 0.429688 0.865234 0.429688 0.867188 0.427734 0.869141 0.427734 0.875000 0.425781 0.876953 0.425781 0.882812 0.423828 0.884766 0.423828 0.902344 0.425781 0.904297 0.425781 0.910156 0.427734 0.912109 0.427734 0.916016 0.431641 0.919922 0.431641 0.921875 0.435547 0.925781 0.437500 0.925781 0.439453 0.927734 0.443359 0.927734 0.445312 0.929688 0.457031 0.929688 0.458984 0.927734 0.460938 0.927734 0.462891 0.925781 0.468750 0.925781 0.470703 0.923828 0.472656 0.923828 0.474609 0.921875 0.478516 0.921875 0.482422 0.917969 0.484375 0.917969 0.484375 0.916016 0.486328 0.914062 0.486328 0.912109 0.488281 0.910156 0.488281 0.908203 0.492188 0.904297 0.492188 0.880859 0.490234 0.878906 0.490234 0.876953 0.488281 0.875000 0.488281 0.869141 0.484375 0.865234 0.482422 0.865234 0.480469 0.863281 0.480469 0.861328 0.476562 0.857422 0.476562 0.855469 0.474609 0.853516 0.472656 0.853516 0.468750 0.849609 0.464844 0.849609 0.460938 0.845703
0 0.960938 0.837891 0.957031 0.841797 0.955078 0.841797 0.951172 0.845703 0.951172 0.847656 0.949219 0.849609 0.947266 0.849609 0.947266 0.867188 0.949219 0.869141 0.949219 0.871094 0.951172 0.873047 0.951172 0.875000 0.953125 0.875000 0.955078 0.876953 0.955078 0.880859 0.958984 0.884766 0.958984 0.890625 0.957031 0.892578 0.957031 0.925781 0.958984 0.927734 0.958984 0.929688 0.960938 0.931641 0.960938 0.933594 0.964844 0.937500 0.974609 0.937500 0.978516 0.933594 0.982422 0.933594 0.982422 0.931641 0.984375 0.929688 0.986328 0.929688 0.986328 0.927734 0.996094 0.917969 0.996094 0.916016 0.998047 0.914062 0.998047 0.853516 0.994141 0.849609 0.992188 0.849609 0.988281 0.845703 0.986328 0.845703 0.980469 0.839844 0.978516 0.839844 0.976562 0.837891
0 0.230469 0.886719 0.228516 0.888672 0.222656 0.888672 0.220703 0.890625 0.218750 0.890625 0.216797 0.892578 0.216797 0.894531 0.214844 0.896484 0.212891 0.896484 0.210938 0.898438 0.210938 0.912109 0.216797 0.917969 0.218750 0.917969 0.222656 0.921875 0.226562 0.921875 0.228516 0.923828 0.244141 0.923828 0.246094 0.921875 0.253906 0.921875 0.255859 0.919922 0.257812 0.919922 0.259766 0.917969 0.261719 0.917969 0.261719 0.916016 0.263672 0.914062 0.267578 0.914062 0.271484 0.910156 0.273438 0.910156 0.277344 0.906250 0.277344 0.904297 0.279297 0.902344 0.281250 0.902344 0.281250 0.890625 0.277344 0.886719
0 0.496094 0.916016 0.490234 0.921875 0.490234 0.923828 0.488281 0.925781 0.488281 0.927734 0.486328 0.929688 0.486328 0.931641 0.484375 0.933594 0.484375 0.935547 0.482422 0.937500 0.482422 0.941406 0.480469 0.943359 0.478516 0.943359 0.478516 0.949219 0.480469 0.951172 0.480469 0.957031 0.482422 0.958984 0.482422 0.964844 0.484375 0.964844 0.486328 0.966797 0.486328 0.968750 0.488281 0.968750 0.492188 0.972656 0.515625 0.972656 0.517578 0.970703 0.519531 0.970703 0.521484 0.968750 0.523438 0.968750 0.523438 0.966797 0.525391 0.964844 0.525391 0.962891 0.527344 0.960938 0.527344 0.958984 0.531250 0.955078 0.531250 0.935547 0.529297 0.935547 0.527344 0.933594 0.527344 0.931641 0.521484 0.925781 0.521484 0.923828 0.519531 0.923828 0.515625 0.919922 0.511719 0.919922 0.507812 0.916016
0 0.126953 0.912109 0.125000 0.914062 0.123047 0.914062 0.121094 0.916016 0.113281 0.916016 0.109375 0.919922 0.105469 0.919922 0.101562 0.923828 0.099609 0.923828 0.097656 0.925781 0.097656 0.927734 0.089844 0.935547 0.089844 0.937500 0.087891 0.939453 0.087891 0.953125 0.089844 0.953125 0.091797 0.955078 0.091797 0.960938 0.097656 0.966797 0.097656 0.968750 0.099609 0.970703 0.099609 0.976562 0.101562 0.978516 0.101562 0.980469 0.103516 0.982422 0.103516 0.988281 0.105469 0.988281 0.107422 0.990234 0.107422 0.992188 0.111328 0.996094 0.113281 0.996094 0.115234 0.998047 0.158203 0.998047 0.160156 0.996094 0.160156 0.986328 0.162109 0.984375 0.162109 0.978516 0.164062 0.976562 0.164062 0.958984 0.167969 0.955078 0.167969 0.951172 0.169922 0.949219 0.169922 0.947266 0.171875 0.945312 0.171875 0.931641 0.167969 0.927734 0.167969 0.925781 0.164062 0.921875 0.164062 0.919922 0.160156 0.916016 0.158203 0.916016 0.156250 0.914062 0.156250 0.912109
0 0.857422 0.935547 0.853516 0.939453 0.849609 0.939453 0.849609 0.941406 0.847656 0.943359 0.845703 0.943359 0.843750 0.945312 0.843750 0.957031 0.841797 0.958984 0.841797 0.976562 0.849609 0.984375 0.851562 0.984375 0.853516 0.986328 0.880859 0.986328 0.882812 0.984375 0.888672 0.984375 0.892578 0.980469 0.894531 0.980469 0.894531 0.978516 0.896484 0.976562 0.898438 0.976562 0.898438 0.974609 0.896484 0.974609 0.894531 0.972656 0.894531 0.970703 0.892578 0.968750 0.892578 0.966797 0.890625 0.964844 0.890625 0.953125 0.892578 0.951172 0.892578 0.949219 0.890625 0.947266 0.888672 0.947266 0.884766 0.943359 0.882812 0.943359 0.878906 0.939453 0.876953 0.939453 0.873047 0.935547
0 0.042969 0.927734 0.041016 0.929688 0.039062 0.929688 0.037109 0.931641 0.027344 0.931641 0.025391 0.933594 0.021484 0.933594 0.017578 0.937500 0.017578 0.939453 0.013672 0.943359 0.013672 0.957031 0.015625 0.958984 0.015625 0.960938 0.017578 0.962891 0.017578 0.964844 0.023438 0.970703 0.023438 0.972656 0.025391 0.974609 0.025391 0.980469 0.027344 0.982422 0.027344 0.998047 0.085938 0.998047 0.085938 0.955078 0.083984 0.953125 0.083984 0.951172 0.082031 0.949219 0.082031 0.941406 0.078125 0.937500 0.076172 0.937500 0.074219 0.935547 0.072266 0.935547 0.068359 0.931641 0.066406 0.931641 0.064453 0.929688 0.062500 0.929688 0.060547 0.927734
0 0.908203 0.941406 0.906250 0.943359 0.898438 0.943359 0.896484 0.945312 0.894531 0.945312 0.894531 0.951172 0.892578 0.953125 0.892578 0.964844 0.894531 0.966797 0.894531 0.968750 0.896484 0.970703 0.896484 0.972656 0.898438 0.972656 0.900391 0.974609 0.902344 0.974609 0.904297 0.976562 0.914062 0.976562 0.916016 0.978516 0.927734 0.978516 0.929688 0.980469 0.933594 0.980469 0.935547 0.982422 0.945312 0.982422 0.947266 0.980469 0.949219 0.980469 0.949219 0.970703 0.947266 0.968750 0.947266 0.964844 0.945312 0.962891 0.945312 0.955078 0.943359 0.955078 0.941406 0.953125 0.941406 0.951172 0.939453 0.951172 0.935547 0.947266 0.933594 0.947266 0.929688 0.943359 0.923828 0.943359 0.921875 0.941406
0 0.757812 0.939453 0.753906 0.943359 0.753906 0.945312 0.750000 0.949219 0.750000 0.953125 0.748047 0.955078 0.748047 0.957031 0.746094 0.958984 0.746094 0.970703 0.748047 0.972656 0.748047 0.974609 0.751953 0.978516 0.751953 0.980469 0.757812 0.980469 0.759766 0.982422 0.761719 0.982422 0.763672 0.984375 0.771484 0.984375 0.773438 0.986328 0.775391 0.986328 0.777344 0.988281 0.800781 0.988281 0.800781 0.970703 0.798828 0.968750 0.798828 0.964844 0.796875 0.962891 0.796875 0.957031 0.792969 0.953125 0.792969 0.951172 0.791016 0.949219 0.791016 0.947266 0.787109 0.943359 0.785156 0.943359 0.781250 0.939453
0 0.974609 0.962891 0.966797 0.970703 0.966797 0.974609 0.962891 0.978516 0.962891 0.980469 0.958984 0.984375 0.958984 0.992188 0.960938 0.994141 0.960938 0.996094 0.962891 0.998047 0.998047 0.998047 0.998047 0.966797 0.996094 0.966797 0.992188 0.962891
0 0.710938 0.966797 0.708984 0.968750 0.707031 0.968750 0.705078 0.970703 0.701172 0.970703 0.701172 0.972656 0.699219 0.974609 0.697266 0.974609 0.697266 0.976562 0.695312 0.978516 0.693359 0.978516 0.693359 0.990234 0.691406 0.992188 0.691406 0.994141 0.689453 0.996094 0.689453 0.998047 0.744141 0.998047 0.744141 0.992188 0.742188 0.990234 0.742188 0.986328 0.738281 0.982422 0.736328 0.982422 0.726562 0.972656 0.724609 0.972656 0.722656 0.970703 0.720703 0.970703 0.718750 0.968750 0.718750 0.966797
0 0.619141 0.976562 0.617188 0.978516 0.611328 0.978516 0.601562 0.988281 0.601562 0.992188 0.599609 0.994141 0.599609 0.996094 0.601562 0.998047 0.664062 0.998047 0.666016 0.996094 0.666016 0.986328 0.664062 0.984375 0.664062 0.982422 0.662109 0.982422 0.658203 0.978516 0.654297 0.978516 0.652344 0.976562
