0 0.650391 0.000000 0.650391 0.009766 0.652344 0.011719 0.652344 0.017578 0.660156 0.025391 0.662109 0.025391 0.669922 0.033203 0.669922 0.035156 0.671875 0.037109 0.673828 0.037109 0.675781 0.039062 0.687500 0.039062 0.689453 0.037109 0.689453 0.035156 0.691406 0.033203 0.691406 0.027344 0.693359 0.025391 0.693359 0.017578 0.695312 0.015625 0.695312 0.011719 0.697266 0.009766 0.697266 0.007812 0.699219 0.005859 0.699219 0.001953 0.697266 0.001953 0.695312 0.000000
0 0.261719 0.000000 0.257812 0.003906 0.257812 0.005859 0.253906 0.009766 0.253906 0.011719 0.248047 0.017578 0.248047 0.019531 0.246094 0.021484 0.246094 0.031250 0.248047 0.033203 0.248047 0.035156 0.250000 0.037109 0.250000 0.039062 0.261719 0.050781 0.263672 0.050781 0.265625 0.052734 0.277344 0.052734 0.279297 0.050781 0.285156 0.050781 0.287109 0.048828 0.289062 0.048828 0.294922 0.042969 0.294922 0.041016 0.296875 0.039062 0.296875 0.037109 0.298828 0.035156 0.298828 0.033203 0.300781 0.031250 0.300781 0.000000
0 0.716797 0.000000 0.712891 0.003906 0.712891 0.005859 0.710938 0.007812 0.710938 0.023438 0.712891 0.025391 0.712891 0.031250 0.714844 0.033203 0.714844 0.035156 0.716797 0.037109 0.716797 0.041016 0.718750 0.042969 0.718750 0.044922 0.720703 0.046875 0.720703 0.048828 0.724609 0.052734 0.726562 0.052734 0.730469 0.056641 0.732422 0.056641 0.734375 0.058594 0.748047 0.058594 0.750000 0.056641 0.751953 0.056641 0.753906 0.054688 0.753906 0.025391 0.751953 0.023438 0.751953 0.017578 0.748047 0.013672 0.748047 0.011719 0.738281 0.001953 0.738281 0.000000
0 0.783203 0.005859 0.781250 0.007812 0.779297 0.007812 0.779297 0.009766 0.777344 0.011719 0.777344 0.029297 0.779297 0.031250 0.779297 0.039062 0.781250 0.041016 0.781250 0.048828 0.783203 0.050781 0.783203 0.052734 0.785156 0.054688 0.787109 0.054688 0.789062 0.056641 0.791016 0.056641 0.794922 0.060547 0.814453 0.060547 0.816406 0.058594 0.818359 0.058594 0.822266 0.054688 0.824219 0.054688 0.832031 0.046875 0.832031 0.037109 0.830078 0.035156 0.830078 0.033203 0.828125 0.031250 0.828125 0.029297 0.826172 0.027344 0.824219 0.027344 0.822266 0.025391 0.822266 0.023438 0.818359 0.019531 0.816406 0.019531 0.810547 0.013672 0.808594 0.013672 0.806641 0.011719 0.804688 0.011719 0.800781 0.007812 0.796875 0.007812 0.794922 0.005859
0 0.601562 0.000000 0.601562 0.001953 0.599609 0.003906 0.599609 0.007812 0.595703 0.011719 0.595703 0.019531 0.593750 0.021484 0.593750 0.025391 0.591797 0.027344 0.591797 0.033203 0.589844 0.035156 0.589844 0.054688 0.591797 0.056641 0.591797 0.060547 0.593750 0.062500 0.593750 0.064453 0.595703 0.066406 0.595703 0.068359 0.601562 0.074219 0.603516 0.074219 0.605469 0.072266 0.607422 0.072266 0.611328 0.068359 0.613281 0.068359 0.615234 0.066406 0.617188 0.066406 0.619141 0.064453 0.621094 0.064453 0.628906 0.056641 0.628906 0.054688 0.630859 0.052734 0.630859 0.048828 0.632812 0.046875 0.632812 0.042969 0.634766 0.041016 0.634766 0.037109 0.636719 0.035156 0.636719 0.033203 0.638672 0.031250 0.638672 0.029297 0.640625 0.027344 0.640625 0.025391 0.642578 0.023438 0.642578 0.019531 0.644531 0.017578 0.644531 0.015625 0.646484 0.013672 0.646484 0.001953 0.644531 0.000000
0 0.216797 0.068359 0.216797 0.070312 0.212891 0.074219 0.212891 0.076172 0.210938 0.078125 0.210938 0.080078 0.212891 0.082031 0.212891 0.083984 0.214844 0.085938 0.214844 0.087891 0.218750 0.091797 0.230469 0.091797 0.238281 0.083984 0.238281 0.078125 0.236328 0.076172 0.236328 0.074219 0.234375 0.072266 0.230469 0.072266 0.228516 0.070312 0.222656 0.070312 0.220703 0.068359
0 0.642578 0.066406 0.638672 0.070312 0.638672 0.072266 0.634766 0.076172 0.634766 0.080078 0.632812 0.082031 0.632812 0.109375 0.642578 0.119141 0.650391 0.119141 0.652344 0.117188 0.660156 0.117188 0.662109 0.115234 0.664062 0.115234 0.669922 0.109375 0.669922 0.107422 0.671875 0.105469 0.671875 0.095703 0.669922 0.093750 0.669922 0.087891 0.667969 0.085938 0.667969 0.083984 0.666016 0.082031 0.666016 0.078125 0.656250 0.068359 0.656250 0.066406
0 0.757812 0.085938 0.755859 0.087891 0.753906 0.087891 0.753906 0.089844 0.751953 0.091797 0.750000 0.091797 0.748047 0.093750 0.753906 0.099609 0.753906 0.101562 0.757812 0.105469 0.757812 0.107422 0.759766 0.109375 0.759766 0.111328 0.761719 0.113281 0.761719 0.117188 0.763672 0.119141 0.763672 0.123047 0.765625 0.125000 0.767578 0.125000 0.771484 0.128906 0.773438 0.128906 0.775391 0.130859 0.783203 0.130859 0.783203 0.115234 0.785156 0.113281 0.785156 0.111328 0.787109 0.109375 0.789062 0.109375 0.792969 0.105469 0.794922 0.105469 0.796875 0.103516 0.794922 0.101562 0.794922 0.099609 0.789062 0.093750 0.787109 0.093750 0.785156 0.091797 0.783203 0.091797 0.781250 0.089844 0.777344 0.089844 0.775391 0.087891 0.773438 0.087891 0.771484 0.085938
0 0.582031 0.091797 0.580078 0.093750 0.576172 0.093750 0.576172 0.107422 0.578125 0.109375 0.583984 0.109375 0.587891 0.113281 0.589844 0.113281 0.595703 0.119141 0.595703 0.121094 0.597656 0.123047 0.597656 0.125000 0.597656 0.123047 0.599609 0.121094 0.599609 0.119141 0.601562 0.117188 0.601562 0.109375 0.599609 0.107422 0.599609 0.105469 0.597656 0.103516 0.597656 0.101562 0.595703 0.101562 0.593750 0.099609 0.593750 0.097656 0.591797 0.097656 0.587891 0.093750 0.585938 0.093750 0.583984 0.091797
0 0.726562 0.087891 0.720703 0.093750 0.720703 0.101562 0.722656 0.103516 0.722656 0.107422 0.724609 0.109375 0.724609 0.111328 0.726562 0.113281 0.728516 0.113281 0.730469 0.115234 0.730469 0.117188 0.732422 0.117188 0.738281 0.123047 0.738281 0.125000 0.748047 0.134766 0.757812 0.134766 0.761719 0.130859 0.761719 0.119141 0.759766 0.117188 0.759766 0.113281 0.757812 0.111328 0.757812 0.109375 0.755859 0.107422 0.755859 0.105469 0.751953 0.101562 0.751953 0.099609 0.740234 0.087891
0 0.886719 0.087891 0.882812 0.091797 0.882812 0.109375 0.884766 0.111328 0.884766 0.121094 0.886719 0.123047 0.886719 0.125000 0.888672 0.126953 0.888672 0.134766 0.890625 0.136719 0.890625 0.142578 0.892578 0.144531 0.898438 0.144531 0.900391 0.146484 0.906250 0.146484 0.908203 0.148438 0.912109 0.148438 0.916016 0.144531 0.917969 0.144531 0.919922 0.142578 0.921875 0.142578 0.923828 0.140625 0.923828 0.138672 0.925781 0.136719 0.925781 0.132812 0.927734 0.130859 0.927734 0.117188 0.925781 0.115234 0.925781 0.111328 0.923828 0.109375 0.923828 0.105469 0.921875 0.103516 0.921875 0.101562 0.917969 0.097656 0.917969 0.095703 0.916016 0.095703 0.914062 0.093750 0.912109 0.093750 0.908203 0.089844 0.902344 0.089844 0.900391 0.087891
0 0.851562 0.093750 0.849609 0.095703 0.847656 0.095703 0.843750 0.099609 0.843750 0.115234 0.845703 0.117188 0.845703 0.123047 0.847656 0.125000 0.847656 0.126953 0.849609 0.128906 0.849609 0.130859 0.851562 0.132812 0.851562 0.136719 0.855469 0.140625 0.855469 0.142578 0.865234 0.152344 0.867188 0.152344 0.869141 0.154297 0.878906 0.154297 0.880859 0.152344 0.884766 0.152344 0.888672 0.148438 0.888672 0.136719 0.886719 0.134766 0.886719 0.126953 0.884766 0.125000 0.884766 0.123047 0.882812 0.121094 0.882812 0.119141 0.880859 0.117188 0.880859 0.115234 0.876953 0.111328 0.876953 0.109375 0.867188 0.099609 0.865234 0.099609 0.861328 0.095703 0.859375 0.095703 0.857422 0.093750
0 0.796875 0.105469 0.794922 0.107422 0.792969 0.107422 0.789062 0.111328 0.787109 0.111328 0.787109 0.113281 0.785156 0.115234 0.785156 0.130859 0.787109 0.132812 0.787109 0.134766 0.789062 0.136719 0.789062 0.138672 0.796875 0.146484 0.798828 0.146484 0.804688 0.152344 0.806641 0.152344 0.808594 0.150391 0.814453 0.150391 0.816406 0.152344 0.818359 0.152344 0.820312 0.150391 0.824219 0.150391 0.830078 0.144531 0.830078 0.142578 0.832031 0.140625 0.832031 0.132812 0.830078 0.130859 0.830078 0.123047 0.828125 0.121094 0.828125 0.119141 0.826172 0.119141 0.822266 0.115234 0.820312 0.115234 0.816406 0.111328 0.814453 0.111328 0.810547 0.107422 0.808594 0.107422 0.806641 0.105469
0 0.564453 0.111328 0.564453 0.113281 0.560547 0.117188 0.560547 0.119141 0.556641 0.123047 0.556641 0.140625 0.558594 0.142578 0.558594 0.152344 0.560547 0.154297 0.560547 0.158203 0.562500 0.160156 0.562500 0.164062 0.566406 0.167969 0.568359 0.167969 0.576172 0.160156 0.576172 0.158203 0.578125 0.156250 0.578125 0.154297 0.583984 0.148438 0.583984 0.146484 0.585938 0.144531 0.585938 0.142578 0.591797 0.136719 0.591797 0.134766 0.593750 0.132812 0.593750 0.130859 0.595703 0.128906 0.595703 0.123047 0.593750 0.121094 0.593750 0.119141 0.589844 0.115234 0.587891 0.115234 0.583984 0.111328
0 0.714844 0.134766 0.710938 0.138672 0.710938 0.148438 0.714844 0.152344 0.714844 0.156250 0.716797 0.158203 0.716797 0.162109 0.718750 0.164062 0.718750 0.166016 0.720703 0.166016 0.722656 0.167969 0.744141 0.167969 0.746094 0.166016 0.746094 0.162109 0.744141 0.160156 0.744141 0.154297 0.740234 0.150391 0.740234 0.148438 0.736328 0.144531 0.734375 0.144531 0.724609 0.134766
0 0.291016 0.134766 0.289062 0.136719 0.283203 0.136719 0.281250 0.138672 0.279297 0.138672 0.273438 0.144531 0.271484 0.144531 0.263672 0.152344 0.263672 0.154297 0.261719 0.156250 0.261719 0.162109 0.259766 0.164062 0.259766 0.175781 0.261719 0.177734 0.261719 0.181641 0.263672 0.183594 0.263672 0.189453 0.265625 0.191406 0.265625 0.193359 0.267578 0.195312 0.267578 0.197266 0.273438 0.203125 0.275391 0.203125 0.277344 0.205078 0.287109 0.205078 0.289062 0.203125 0.291016 0.203125 0.292969 0.201172 0.294922 0.201172 0.308594 0.187500 0.308594 0.185547 0.310547 0.183594 0.310547 0.179688 0.312500 0.177734 0.312500 0.169922 0.310547 0.167969 0.310547 0.160156 0.308594 0.158203 0.308594 0.154297 0.306641 0.152344 0.306641 0.150391 0.304688 0.148438 0.304688 0.146484 0.296875 0.138672 0.296875 0.136719 0.294922 0.136719 0.292969 0.134766
0 0.367188 0.148438 0.365234 0.150391 0.365234 0.154297 0.367188 0.156250 0.367188 0.158203 0.365234 0.160156 0.365234 0.164062 0.363281 0.166016 0.363281 0.167969 0.361328 0.169922 0.361328 0.185547 0.363281 0.187500 0.363281 0.189453 0.365234 0.191406 0.365234 0.193359 0.371094 0.199219 0.373047 0.199219 0.376953 0.203125 0.378906 0.203125 0.380859 0.201172 0.378906 0.199219 0.375000 0.199219 0.367188 0.191406 0.367188 0.185547 0.376953 0.175781 0.378906 0.175781 0.380859 0.173828 0.382812 0.173828 0.384766 0.171875 0.386719 0.171875 0.386719 0.164062 0.384766 0.162109 0.384766 0.158203 0.382812 0.156250 0.382812 0.152344 0.378906 0.148438
0 0.808594 0.152344 0.806641 0.154297 0.802734 0.154297 0.798828 0.158203 0.798828 0.160156 0.796875 0.162109 0.796875 0.185547 0.800781 0.189453 0.800781 0.191406 0.802734 0.193359 0.802734 0.195312 0.810547 0.203125 0.812500 0.203125 0.814453 0.205078 0.828125 0.205078 0.830078 0.203125 0.832031 0.203125 0.832031 0.201172 0.835938 0.197266 0.835938 0.195312 0.837891 0.193359 0.837891 0.177734 0.835938 0.175781 0.835938 0.173828 0.833984 0.171875 0.833984 0.169922 0.828125 0.164062 0.828125 0.162109 0.824219 0.158203 0.822266 0.158203 0.820312 0.156250 0.820312 0.154297 0.816406 0.154297 0.814453 0.152344
0 0.615234 0.164062 0.613281 0.166016 0.611328 0.166016 0.609375 0.167969 0.609375 0.169922 0.605469 0.173828 0.605469 0.175781 0.603516 0.177734 0.603516 0.189453 0.605469 0.191406 0.605469 0.195312 0.607422 0.195312 0.611328 0.199219 0.613281 0.199219 0.617188 0.203125 0.626953 0.203125 0.630859 0.199219 0.632812 0.199219 0.634766 0.197266 0.636719 0.197266 0.638672 0.195312 0.638672 0.193359 0.640625 0.191406 0.640625 0.187500 0.638672 0.185547 0.638672 0.181641 0.636719 0.179688 0.636719 0.177734 0.634766 0.175781 0.634766 0.173828 0.632812 0.173828 0.630859 0.171875 0.630859 0.169922 0.625000 0.164062
0 0.400391 0.166016 0.396484 0.169922 0.394531 0.169922 0.392578 0.171875 0.388672 0.171875 0.386719 0.173828 0.384766 0.173828 0.382812 0.175781 0.380859 0.175781 0.378906 0.177734 0.376953 0.177734 0.369141 0.185547 0.369141 0.191406 0.375000 0.197266 0.378906 0.197266 0.380859 0.199219 0.384766 0.199219 0.386719 0.201172 0.392578 0.201172 0.394531 0.203125 0.406250 0.203125 0.408203 0.205078 0.417969 0.205078 0.419922 0.207031 0.441406 0.207031 0.443359 0.205078 0.447266 0.205078 0.449219 0.203125 0.451172 0.203125 0.451172 0.201172 0.453125 0.199219 0.453125 0.187500 0.449219 0.183594 0.449219 0.181641 0.441406 0.173828 0.439453 0.173828 0.437500 0.171875 0.435547 0.171875 0.431641 0.167969 0.423828 0.167969 0.421875 0.166016
0 0.185547 0.158203 0.183594 0.160156 0.171875 0.160156 0.169922 0.162109 0.158203 0.162109 0.156250 0.164062 0.142578 0.164062 0.140625 0.166016 0.128906 0.166016 0.126953 0.167969 0.115234 0.167969 0.113281 0.169922 0.101562 0.169922 0.099609 0.171875 0.087891 0.171875 0.085938 0.173828 0.072266 0.173828 0.070312 0.175781 0.058594 0.175781 0.060547 0.177734 0.062500 0.177734 0.064453 0.179688 0.066406 0.179688 0.068359 0.181641 0.070312 0.181641 0.072266 0.183594 0.074219 0.183594 0.076172 0.185547 0.078125 0.185547 0.080078 0.187500 0.082031 0.187500 0.083984 0.189453 0.085938 0.189453 0.087891 0.191406 0.089844 0.191406 0.091797 0.193359 0.093750 0.193359 0.095703 0.195312 0.097656 0.195312 0.099609 0.197266 0.101562 0.197266 0.103516 0.199219 0.105469 0.199219 0.107422 0.201172 0.109375 0.201172 0.111328 0.203125 0.113281 0.203125 0.115234 0.205078 0.117188 0.205078 0.119141 0.207031 0.121094 0.207031 0.123047 0.208984 0.125000 0.208984 0.126953 0.210938 0.128906 0.210938 0.130859 0.212891 0.132812 0.212891 0.134766 0.214844 0.136719 0.214844 0.138672 0.216797 0.140625 0.216797 0.142578 0.218750 0.144531 0.218750 0.146484 0.220703 0.148438 0.220703 0.150391 0.222656 0.152344 0.222656 0.154297 0.224609 0.156250 0.224609 0.158203 0.226562 0.160156 0.226562 0.162109 0.228516 0.175781 0.228516 0.177734 0.226562 0.183594 0.226562 0.187500 0.222656 0.189453 0.222656 0.191406 0.220703 0.193359 0.220703 0.197266 0.216797 0.199219 0.216797 0.212891 0.203125 0.212891 0.201172 0.214844 0.199219 0.214844 0.197266 0.216797 0.195312 0.216797 0.191406 0.218750 0.189453 0.218750 0.173828 0.216797 0.171875 0.216797 0.169922 0.214844 0.167969 0.214844 0.166016 0.210938 0.162109 0.208984 0.162109 0.207031 0.160156 0.205078 0.160156 0.203125 0.158203
0 0.691406 0.201172 0.689453 0.203125 0.689453 0.207031 0.687500 0.208984 0.687500 0.220703 0.689453 0.222656 0.689453 0.226562 0.695312 0.232422 0.695312 0.234375 0.699219 0.238281 0.703125 0.238281 0.705078 0.236328 0.707031 0.236328 0.708984 0.234375 0.710938 0.234375 0.710938 0.224609 0.708984 0.222656 0.708984 0.220703 0.705078 0.216797 0.705078 0.214844 0.701172 0.210938 0.701172 0.208984 0.693359 0.201172
0 0.343750 0.203125 0.333984 0.212891 0.333984 0.218750 0.332031 0.220703 0.332031 0.236328 0.333984 0.238281 0.333984 0.242188 0.335938 0.244141 0.335938 0.246094 0.337891 0.248047 0.337891 0.250000 0.339844 0.250000 0.341797 0.251953 0.343750 0.251953 0.347656 0.255859 0.351562 0.255859 0.353516 0.257812 0.369141 0.257812 0.371094 0.255859 0.373047 0.255859 0.380859 0.248047 0.380859 0.226562 0.378906 0.224609 0.378906 0.222656 0.375000 0.218750 0.375000 0.216797 0.373047 0.216797 0.371094 0.214844 0.371094 0.212891 0.369141 0.212891 0.365234 0.208984 0.363281 0.208984 0.361328 0.207031 0.359375 0.207031 0.357422 0.205078 0.353516 0.205078 0.351562 0.203125
0 0.441406 0.224609 0.439453 0.226562 0.437500 0.226562 0.437500 0.228516 0.433594 0.232422 0.433594 0.242188 0.435547 0.244141 0.435547 0.246094 0.437500 0.248047 0.437500 0.250000 0.439453 0.251953 0.441406 0.251953 0.445312 0.255859 0.447266 0.255859 0.453125 0.261719 0.455078 0.261719 0.460938 0.267578 0.462891 0.267578 0.468750 0.273438 0.472656 0.273438 0.474609 0.275391 0.476562 0.275391 0.478516 0.277344 0.488281 0.277344 0.490234 0.275391 0.503906 0.275391 0.505859 0.273438 0.505859 0.265625 0.503906 0.263672 0.501953 0.263672 0.496094 0.257812 0.494141 0.257812 0.490234 0.253906 0.488281 0.253906 0.482422 0.248047 0.480469 0.248047 0.476562 0.244141 0.474609 0.244141 0.466797 0.236328 0.464844 0.236328 0.460938 0.232422 0.458984 0.232422 0.457031 0.230469 0.455078 0.230469 0.451172 0.226562 0.449219 0.226562 0.447266 0.224609
0 0.855469 0.226562 0.853516 0.228516 0.851562 0.228516 0.849609 0.230469 0.847656 0.230469 0.845703 0.232422 0.843750 0.232422 0.830078 0.246094 0.830078 0.248047 0.828125 0.250000 0.828125 0.263672 0.830078 0.265625 0.830078 0.269531 0.832031 0.271484 0.832031 0.273438 0.833984 0.275391 0.833984 0.277344 0.841797 0.285156 0.843750 0.285156 0.845703 0.287109 0.851562 0.287109 0.853516 0.289062 0.871094 0.289062 0.876953 0.283203 0.876953 0.281250 0.878906 0.279297 0.878906 0.277344 0.880859 0.275391 0.880859 0.271484 0.882812 0.269531 0.882812 0.253906 0.880859 0.251953 0.880859 0.244141 0.876953 0.240234 0.876953 0.238281 0.871094 0.232422 0.869141 0.232422 0.863281 0.226562
0 0.511719 0.271484 0.511719 0.275391 0.513672 0.277344 0.513672 0.283203 0.515625 0.285156 0.515625 0.287109 0.519531 0.291016 0.521484 0.291016 0.525391 0.294922 0.527344 0.294922 0.531250 0.298828 0.539062 0.298828 0.541016 0.300781 0.546875 0.300781 0.548828 0.302734 0.554688 0.302734 0.556641 0.300781 0.558594 0.300781 0.558594 0.292969 0.556641 0.291016 0.554688 0.291016 0.550781 0.287109 0.548828 0.287109 0.542969 0.281250 0.541016 0.281250 0.537109 0.277344 0.535156 0.277344 0.533203 0.275391 0.531250 0.275391 0.529297 0.273438 0.523438 0.273438 0.521484 0.271484
0 0.935547 0.275391 0.931641 0.279297 0.929688 0.279297 0.925781 0.283203 0.925781 0.285156 0.923828 0.287109 0.923828 0.291016 0.921875 0.292969 0.921875 0.316406 0.931641 0.326172 0.935547 0.326172 0.939453 0.330078 0.941406 0.330078 0.943359 0.332031 0.960938 0.332031 0.962891 0.330078 0.964844 0.330078 0.966797 0.328125 0.966797 0.326172 0.968750 0.324219 0.968750 0.320312 0.970703 0.318359 0.970703 0.292969 0.968750 0.291016 0.968750 0.289062 0.964844 0.285156 0.964844 0.283203 0.962891 0.281250 0.962891 0.279297 0.960938 0.277344 0.958984 0.277344 0.957031 0.275391
0 0.837891 0.316406 0.835938 0.318359 0.832031 0.318359 0.830078 0.320312 0.828125 0.320312 0.826172 0.322266 0.826172 0.324219 0.824219 0.326172 0.824219 0.341797 0.826172 0.343750 0.826172 0.349609 0.828125 0.351562 0.828125 0.357422 0.830078 0.359375 0.830078 0.361328 0.832031 0.363281 0.835938 0.363281 0.837891 0.365234 0.841797 0.365234 0.843750 0.367188 0.853516 0.367188 0.855469 0.365234 0.857422 0.365234 0.861328 0.361328 0.861328 0.359375 0.863281 0.357422 0.863281 0.337891 0.861328 0.335938 0.861328 0.332031 0.859375 0.330078 0.859375 0.328125 0.857422 0.326172 0.857422 0.324219 0.851562 0.318359 0.849609 0.318359 0.847656 0.316406
0 0.054688 0.320312 0.052734 0.322266 0.050781 0.322266 0.044922 0.328125 0.044922 0.335938 0.046875 0.337891 0.046875 0.341797 0.050781 0.345703 0.050781 0.347656 0.052734 0.347656 0.056641 0.351562 0.056641 0.353516 0.060547 0.357422 0.064453 0.357422 0.066406 0.359375 0.070312 0.359375 0.074219 0.363281 0.078125 0.363281 0.080078 0.365234 0.082031 0.365234 0.083984 0.367188 0.097656 0.367188 0.101562 0.363281 0.103516 0.363281 0.103516 0.361328 0.105469 0.359375 0.105469 0.357422 0.107422 0.355469 0.107422 0.337891 0.099609 0.330078 0.097656 0.330078 0.095703 0.328125 0.093750 0.328125 0.091797 0.326172 0.091797 0.324219 0.089844 0.324219 0.087891 0.322266 0.082031 0.322266 0.080078 0.320312
0 0.802734 0.316406 0.798828 0.320312 0.796875 0.320312 0.794922 0.322266 0.794922 0.324219 0.792969 0.326172 0.792969 0.335938 0.791016 0.337891 0.791016 0.343750 0.789062 0.345703 0.789062 0.351562 0.787109 0.353516 0.787109 0.355469 0.785156 0.357422 0.785156 0.367188 0.787109 0.369141 0.787109 0.373047 0.789062 0.375000 0.789062 0.376953 0.791016 0.376953 0.792969 0.378906 0.792969 0.380859 0.796875 0.380859 0.798828 0.382812 0.812500 0.382812 0.814453 0.380859 0.816406 0.380859 0.824219 0.373047 0.824219 0.371094 0.826172 0.369141 0.826172 0.351562 0.824219 0.349609 0.824219 0.343750 0.822266 0.341797 0.822266 0.337891 0.820312 0.335938 0.820312 0.333984 0.816406 0.330078 0.816406 0.328125 0.808594 0.320312 0.806641 0.320312
0 0.369141 0.318359 0.365234 0.322266 0.365234 0.324219 0.363281 0.326172 0.363281 0.328125 0.361328 0.330078 0.361328 0.373047 0.363281 0.375000 0.363281 0.376953 0.365234 0.378906 0.365234 0.382812 0.367188 0.384766 0.367188 0.386719 0.369141 0.386719 0.371094 0.388672 0.373047 0.388672 0.376953 0.392578 0.378906 0.392578 0.380859 0.394531 0.382812 0.394531 0.384766 0.396484 0.386719 0.396484 0.388672 0.398438 0.392578 0.398438 0.394531 0.400391 0.398438 0.400391 0.400391 0.402344 0.410156 0.402344 0.412109 0.400391 0.412109 0.382812 0.410156 0.380859 0.410156 0.376953 0.408203 0.375000 0.408203 0.369141 0.406250 0.367188 0.406250 0.365234 0.404297 0.363281 0.404297 0.357422 0.402344 0.355469 0.402344 0.353516 0.400391 0.351562 0.400391 0.347656 0.398438 0.345703 0.398438 0.341797 0.396484 0.339844 0.396484 0.337891 0.394531 0.335938 0.394531 0.333984 0.384766 0.324219 0.382812 0.324219 0.380859 0.322266 0.378906 0.322266 0.375000 0.318359
0 0.998047 0.335938 0.990234 0.343750 0.988281 0.343750 0.984375 0.347656 0.984375 0.349609 0.980469 0.353516 0.980469 0.355469 0.978516 0.357422 0.978516 0.361328 0.976562 0.363281 0.976562 0.378906 0.978516 0.380859 0.978516 0.384766 0.982422 0.388672 0.984375 0.388672 0.986328 0.390625 0.986328 0.392578 0.988281 0.392578 0.994141 0.398438 0.996094 0.398438 0.998047 0.400391
0 0.912109 0.351562 0.904297 0.359375 0.904297 0.378906 0.906250 0.380859 0.906250 0.382812 0.908203 0.382812 0.914062 0.388672 0.916016 0.388672 0.923828 0.396484 0.925781 0.396484 0.927734 0.398438 0.931641 0.398438 0.933594 0.400391 0.945312 0.400391 0.947266 0.398438 0.951172 0.398438 0.953125 0.396484 0.957031 0.396484 0.958984 0.394531 0.958984 0.392578 0.960938 0.390625 0.960938 0.388672 0.962891 0.386719 0.962891 0.378906 0.960938 0.376953 0.960938 0.375000 0.958984 0.373047 0.958984 0.371094 0.957031 0.369141 0.957031 0.367188 0.947266 0.357422 0.945312 0.357422 0.943359 0.355469 0.941406 0.355469 0.939453 0.353516 0.935547 0.353516 0.933594 0.351562
0 0.156250 0.386719 0.154297 0.388672 0.152344 0.388672 0.150391 0.390625 0.148438 0.390625 0.146484 0.392578 0.144531 0.392578 0.130859 0.406250 0.130859 0.412109 0.142578 0.423828 0.142578 0.425781 0.144531 0.425781 0.152344 0.433594 0.154297 0.433594 0.156250 0.435547 0.162109 0.435547 0.164062 0.433594 0.166016 0.433594 0.167969 0.431641 0.169922 0.431641 0.169922 0.429688 0.177734 0.421875 0.177734 0.419922 0.181641 0.416016 0.181641 0.414062 0.183594 0.412109 0.183594 0.410156 0.185547 0.408203 0.185547 0.394531 0.181641 0.390625 0.179688 0.390625 0.177734 0.388672 0.171875 0.388672 0.169922 0.386719
0 0.876953 0.392578 0.875000 0.394531 0.871094 0.394531 0.869141 0.396484 0.867188 0.396484 0.863281 0.400391 0.863281 0.402344 0.859375 0.406250 0.859375 0.408203 0.855469 0.412109 0.855469 0.425781 0.863281 0.433594 0.863281 0.435547 0.865234 0.437500 0.867188 0.437500 0.871094 0.441406 0.873047 0.441406 0.876953 0.445312 0.878906 0.445312 0.882812 0.449219 0.890625 0.449219 0.892578 0.451172 0.904297 0.451172 0.906250 0.449219 0.908203 0.449219 0.912109 0.445312 0.912109 0.443359 0.916016 0.439453 0.916016 0.423828 0.914062 0.421875 0.914062 0.416016 0.912109 0.414062 0.912109 0.410156 0.910156 0.408203 0.910156 0.406250 0.908203 0.404297 0.908203 0.402344 0.904297 0.398438 0.902344 0.398438 0.900391 0.396484 0.898438 0.396484 0.896484 0.394531 0.892578 0.394531 0.890625 0.392578
0 0.490234 0.416016 0.488281 0.417969 0.488281 0.419922 0.486328 0.421875 0.486328 0.423828 0.484375 0.425781 0.484375 0.427734 0.486328 0.429688 0.486328 0.431641 0.490234 0.435547 0.490234 0.437500 0.494141 0.441406 0.496094 0.441406 0.509766 0.455078 0.535156 0.455078 0.535156 0.451172 0.531250 0.447266 0.531250 0.445312 0.523438 0.437500 0.523438 0.435547 0.521484 0.433594 0.521484 0.431641 0.511719 0.421875 0.509766 0.421875 0.507812 0.419922 0.503906 0.419922 0.501953 0.417969 0.496094 0.417969 0.494141 0.416016
0 0.998047 0.421875 0.998047 0.423828 0.996094 0.425781 0.994141 0.425781 0.992188 0.427734 0.992188 0.429688 0.988281 0.433594 0.988281 0.445312 0.990234 0.447266 0.990234 0.451172 0.992188 0.453125 0.992188 0.455078 0.994141 0.457031 0.996094 0.457031 0.998047 0.458984 0.998047 0.460938
0 0.060547 0.445312 0.058594 0.447266 0.056641 0.447266 0.054688 0.449219 0.052734 0.449219 0.048828 0.453125 0.046875 0.453125 0.044922 0.455078 0.042969 0.455078 0.041016 0.457031 0.041016 0.460938 0.039062 0.462891 0.039062 0.480469 0.041016 0.482422 0.042969 0.482422 0.044922 0.484375 0.046875 0.484375 0.048828 0.486328 0.050781 0.486328 0.052734 0.488281 0.070312 0.488281 0.072266 0.486328 0.074219 0.486328 0.076172 0.484375 0.085938 0.484375 0.087891 0.482422 0.091797 0.482422 0.095703 0.478516 0.095703 0.476562 0.097656 0.474609 0.097656 0.464844 0.095703 0.462891 0.095703 0.458984 0.091797 0.455078 0.089844 0.455078 0.085938 0.451172 0.083984 0.451172 0.082031 0.449219 0.080078 0.449219 0.078125 0.447266 0.070312 0.447266 0.068359 0.445312
0 0.226562 0.439453 0.224609 0.441406 0.212891 0.441406 0.208984 0.445312 0.207031 0.445312 0.207031 0.447266 0.205078 0.449219 0.205078 0.484375 0.203125 0.486328 0.203125 0.498047 0.207031 0.501953 0.208984 0.501953 0.212891 0.505859 0.228516 0.505859 0.234375 0.500000 0.234375 0.496094 0.236328 0.494141 0.236328 0.490234 0.238281 0.488281 0.238281 0.447266 0.234375 0.443359 0.234375 0.441406 0.232422 0.441406 0.230469 0.439453
0 0.646484 0.480469 0.642578 0.484375 0.642578 0.521484 0.644531 0.523438 0.644531 0.529297 0.646484 0.531250 0.646484 0.533203 0.648438 0.535156 0.648438 0.537109 0.652344 0.541016 0.652344 0.542969 0.656250 0.546875 0.666016 0.546875 0.667969 0.544922 0.671875 0.544922 0.675781 0.541016 0.677734 0.541016 0.679688 0.539062 0.681641 0.539062 0.691406 0.529297 0.691406 0.527344 0.699219 0.519531 0.699219 0.517578 0.708984 0.507812 0.708984 0.505859 0.716797 0.498047 0.716797 0.496094 0.718750 0.494141 0.718750 0.492188 0.708984 0.492188 0.707031 0.494141 0.695312 0.494141 0.693359 0.492188 0.673828 0.492188 0.671875 0.490234 0.664062 0.490234 0.662109 0.488281 0.660156 0.488281 0.658203 0.486328 0.654297 0.486328 0.652344 0.484375 0.650391 0.484375
0 0.000000 0.501953 0.000000 0.527344 0.005859 0.527344 0.007812 0.529297 0.009766 0.529297 0.011719 0.531250 0.013672 0.531250 0.015625 0.533203 0.021484 0.533203 0.025391 0.529297 0.025391 0.527344 0.027344 0.525391 0.027344 0.521484 0.025391 0.519531 0.025391 0.515625 0.023438 0.513672 0.023438 0.511719 0.021484 0.511719 0.015625 0.505859 0.013672 0.505859 0.011719 0.503906 0.003906 0.503906 0.001953 0.501953
0 0.164062 0.503906 0.162109 0.505859 0.160156 0.505859 0.158203 0.507812 0.156250 0.507812 0.150391 0.513672 0.150391 0.519531 0.148438 0.521484 0.148438 0.531250 0.150391 0.533203 0.150391 0.544922 0.154297 0.548828 0.154297 0.550781 0.156250 0.552734 0.158203 0.552734 0.162109 0.556641 0.162109 0.558594 0.167969 0.564453 0.167969 0.566406 0.171875 0.570312 0.173828 0.570312 0.175781 0.572266 0.185547 0.572266 0.187500 0.570312 0.189453 0.570312 0.195312 0.564453 0.195312 0.562500 0.197266 0.560547 0.197266 0.535156 0.195312 0.533203 0.195312 0.531250 0.193359 0.529297 0.193359 0.527344 0.189453 0.523438 0.189453 0.521484 0.179688 0.511719 0.177734 0.511719 0.173828 0.507812 0.171875 0.507812 0.167969 0.503906
0 0.740234 0.517578 0.734375 0.523438 0.732422 0.523438 0.726562 0.529297 0.726562 0.531250 0.724609 0.533203 0.724609 0.552734 0.726562 0.554688 0.726562 0.558594 0.728516 0.560547 0.728516 0.562500 0.732422 0.566406 0.736328 0.566406 0.738281 0.568359 0.742188 0.568359 0.744141 0.570312 0.750000 0.570312 0.751953 0.568359 0.753906 0.568359 0.755859 0.566406 0.757812 0.566406 0.761719 0.562500 0.761719 0.560547 0.767578 0.554688 0.767578 0.552734 0.771484 0.548828 0.771484 0.542969 0.773438 0.541016 0.773438 0.527344 0.771484 0.525391 0.771484 0.523438 0.769531 0.521484 0.767578 0.521484 0.765625 0.519531 0.759766 0.519531 0.757812 0.517578
0 0.242188 0.546875 0.240234 0.548828 0.236328 0.548828 0.232422 0.552734 0.232422 0.554688 0.228516 0.558594 0.228516 0.570312 0.232422 0.574219 0.234375 0.574219 0.236328 0.576172 0.240234 0.576172 0.242188 0.578125 0.251953 0.578125 0.257812 0.572266 0.257812 0.568359 0.255859 0.566406 0.255859 0.562500 0.251953 0.558594 0.251953 0.556641 0.248047 0.552734 0.248047 0.548828 0.246094 0.546875
0 0.337891 0.541016 0.335938 0.542969 0.333984 0.542969 0.330078 0.546875 0.328125 0.546875 0.324219 0.550781 0.324219 0.560547 0.326172 0.562500 0.326172 0.566406 0.328125 0.568359 0.328125 0.570312 0.341797 0.583984 0.367188 0.583984 0.376953 0.574219 0.376953 0.558594 0.373047 0.554688 0.373047 0.552734 0.371094 0.552734 0.367188 0.548828 0.365234 0.548828 0.363281 0.546875 0.361328 0.546875 0.359375 0.544922 0.355469 0.544922 0.353516 0.542969 0.347656 0.542969 0.345703 0.541016
0 0.919922 0.566406 0.917969 0.568359 0.914062 0.568359 0.900391 0.582031 0.900391 0.591797 0.906250 0.597656 0.912109 0.597656 0.914062 0.599609 0.923828 0.599609 0.925781 0.597656 0.931641 0.597656 0.933594 0.595703 0.937500 0.595703 0.939453 0.593750 0.939453 0.591797 0.941406 0.589844 0.941406 0.583984 0.943359 0.582031 0.943359 0.574219 0.941406 0.572266 0.941406 0.570312 0.939453 0.568359 0.939453 0.566406
0 0.490234 0.654297 0.486328 0.658203 0.484375 0.658203 0.482422 0.660156 0.482422 0.669922 0.484375 0.671875 0.484375 0.673828 0.488281 0.677734 0.488281 0.679688 0.494141 0.685547 0.496094 0.685547 0.500000 0.689453 0.500000 0.691406 0.503906 0.695312 0.503906 0.697266 0.505859 0.699219 0.505859 0.701172 0.507812 0.703125 0.507812 0.708984 0.509766 0.710938 0.511719 0.710938 0.513672 0.712891 0.519531 0.712891 0.521484 0.714844 0.525391 0.714844 0.533203 0.722656 0.533203 0.726562 0.535156 0.728516 0.535156 0.732422 0.544922 0.732422 0.544922 0.720703 0.542969 0.718750 0.542969 0.712891 0.541016 0.710938 0.541016 0.708984 0.539062 0.707031 0.539062 0.705078 0.537109 0.703125 0.537109 0.701172 0.535156 0.699219 0.535156 0.697266 0.533203 0.695312 0.533203 0.693359 0.529297 0.689453 0.529297 0.687500 0.527344 0.685547 0.527344 0.679688 0.525391 0.677734 0.525391 0.673828 0.523438 0.671875 0.523438 0.669922 0.521484 0.667969 0.521484 0.666016 0.513672 0.658203 0.511719 0.658203 0.507812 0.654297
0 0.468750 0.705078 0.468750 0.710938 0.472656 0.714844 0.472656 0.718750 0.474609 0.720703 0.476562 0.720703 0.482422 0.726562 0.488281 0.726562 0.490234 0.728516 0.501953 0.728516 0.503906 0.730469 0.511719 0.730469 0.513672 0.732422 0.517578 0.732422 0.519531 0.734375 0.523438 0.734375 0.525391 0.736328 0.531250 0.736328 0.533203 0.734375 0.533203 0.728516 0.531250 0.726562 0.531250 0.722656 0.525391 0.716797 0.521484 0.716797 0.519531 0.714844 0.513672 0.714844 0.511719 0.712891 0.486328 0.712891 0.484375 0.710938 0.482422 0.710938 0.478516 0.707031 0.476562 0.707031 0.474609 0.705078
0 0.169922 0.708984 0.169922 0.710938 0.162109 0.718750 0.162109 0.720703 0.160156 0.722656 0.160156 0.726562 0.162109 0.728516 0.162109 0.732422 0.164062 0.734375 0.164062 0.736328 0.167969 0.740234 0.167969 0.742188 0.171875 0.746094 0.171875 0.748047 0.173828 0.750000 0.175781 0.750000 0.179688 0.753906 0.183594 0.753906 0.185547 0.755859 0.189453 0.755859 0.191406 0.757812 0.210938 0.757812 0.212891 0.755859 0.214844 0.755859 0.214844 0.753906 0.216797 0.751953 0.216797 0.750000 0.214844 0.748047 0.214844 0.738281 0.212891 0.736328 0.212891 0.734375 0.210938 0.732422 0.210938 0.730469 0.207031 0.726562 0.207031 0.724609 0.205078 0.722656 0.205078 0.720703 0.195312 0.710938 0.193359 0.710938 0.191406 0.708984
0 0.000000 0.732422 0.000000 0.787109 0.001953 0.789062 0.007812 0.789062 0.009766 0.787109 0.015625 0.787109 0.017578 0.785156 0.031250 0.785156 0.037109 0.779297 0.037109 0.777344 0.039062 0.775391 0.039062 0.765625 0.037109 0.763672 0.037109 0.759766 0.035156 0.757812 0.035156 0.755859 0.033203 0.753906 0.033203 0.751953 0.031250 0.750000 0.029297 0.750000 0.027344 0.748047 0.027344 0.746094 0.025391 0.746094 0.023438 0.744141 0.021484 0.744141 0.019531 0.742188 0.017578 0.742188 0.015625 0.740234 0.013672 0.740234 0.009766 0.736328 0.007812 0.736328 0.005859 0.734375 0.003906 0.734375 0.001953 0.732422
0 0.296875 0.812500 0.294922 0.814453 0.294922 0.816406 0.292969 0.818359 0.292969 0.820312 0.291016 0.822266 0.291016 0.824219 0.285156 0.830078 0.283203 0.830078 0.279297 0.833984 0.279297 0.835938 0.277344 0.837891 0.277344 0.843750 0.279297 0.845703 0.279297 0.847656 0.281250 0.849609 0.281250 0.851562 0.285156 0.851562 0.287109 0.853516 0.289062 0.853516 0.291016 0.855469 0.292969 0.855469 0.296875 0.859375 0.322266 0.859375 0.324219 0.857422 0.326172 0.857422 0.333984 0.849609 0.333984 0.843750 0.335938 0.841797 0.335938 0.830078 0.333984 0.828125 0.333984 0.826172 0.332031 0.826172 0.328125 0.822266 0.326172 0.822266 0.322266 0.818359 0.320312 0.818359 0.318359 0.816406 0.314453 0.816406 0.312500 0.814453 0.310547 0.814453 0.308594 0.812500
0 0.136719 0.814453 0.134766 0.816406 0.132812 0.816406 0.130859 0.818359 0.130859 0.820312 0.123047 0.828125 0.123047 0.830078 0.121094 0.832031 0.121094 0.849609 0.123047 0.851562 0.123047 0.855469 0.125000 0.857422 0.125000 0.859375 0.126953 0.861328 0.126953 0.863281 0.128906 0.863281 0.130859 0.865234 0.130859 0.867188 0.132812 0.869141 0.134766 0.869141 0.138672 0.873047 0.142578 0.873047 0.144531 0.875000 0.150391 0.875000 0.152344 0.876953 0.158203 0.876953 0.160156 0.878906 0.177734 0.878906 0.179688 0.876953 0.181641 0.876953 0.181641 0.865234 0.179688 0.863281 0.179688 0.859375 0.177734 0.857422 0.177734 0.851562 0.175781 0.849609 0.175781 0.847656 0.173828 0.845703 0.173828 0.843750 0.171875 0.841797 0.171875 0.839844 0.167969 0.835938 0.167969 0.833984 0.162109 0.828125 0.160156 0.828125 0.154297 0.822266 0.152344 0.822266 0.148438 0.818359 0.146484 0.818359 0.142578 0.814453
0 0.212891 0.820312 0.210938 0.822266 0.207031 0.822266 0.203125 0.826172 0.201172 0.826172 0.199219 0.828125 0.199219 0.859375 0.201172 0.861328 0.201172 0.865234 0.203125 0.865234 0.205078 0.867188 0.205078 0.871094 0.212891 0.878906 0.214844 0.878906 0.222656 0.886719 0.232422 0.886719 0.234375 0.884766 0.236328 0.884766 0.236328 0.882812 0.240234 0.878906 0.240234 0.876953 0.242188 0.875000 0.242188 0.873047 0.244141 0.871094 0.244141 0.869141 0.246094 0.867188 0.246094 0.847656 0.244141 0.845703 0.244141 0.841797 0.242188 0.839844 0.242188 0.835938 0.238281 0.832031 0.236328 0.832031 0.226562 0.822266 0.224609 0.822266 0.222656 0.820312
0 0.689453 0.871094 0.685547 0.875000 0.685547 0.878906 0.683594 0.880859 0.683594 0.896484 0.685547 0.898438 0.685547 0.902344 0.687500 0.904297 0.687500 0.906250 0.689453 0.908203 0.701172 0.908203 0.703125 0.906250 0.705078 0.906250 0.707031 0.904297 0.708984 0.904297 0.710938 0.902344 0.710938 0.888672 0.708984 0.886719 0.708984 0.884766 0.703125 0.878906 0.701172 0.878906 0.693359 0.871094
0 0.298828 0.873047 0.294922 0.876953 0.292969 0.876953 0.291016 0.878906 0.289062 0.878906 0.289062 0.880859 0.285156 0.884766 0.285156 0.898438 0.289062 0.902344 0.291016 0.902344 0.294922 0.906250 0.296875 0.906250 0.298828 0.908203 0.314453 0.908203 0.316406 0.906250 0.320312 0.906250 0.326172 0.900391 0.328125 0.900391 0.330078 0.898438 0.330078 0.886719 0.328125 0.884766 0.328125 0.882812 0.322266 0.876953 0.320312 0.876953 0.316406 0.873047
0 0.552734 0.867188 0.550781 0.869141 0.544922 0.869141 0.539062 0.875000 0.539062 0.898438 0.541016 0.900391 0.541016 0.902344 0.542969 0.904297 0.542969 0.906250 0.548828 0.912109 0.548828 0.914062 0.550781 0.914062 0.556641 0.919922 0.558594 0.919922 0.560547 0.921875 0.562500 0.921875 0.564453 0.923828 0.566406 0.923828 0.568359 0.925781 0.578125 0.925781 0.580078 0.923828 0.582031 0.923828 0.583984 0.921875 0.585938 0.921875 0.589844 0.917969 0.591797 0.917969 0.595703 0.914062 0.595703 0.904297 0.593750 0.902344 0.593750 0.896484 0.591797 0.894531 0.591797 0.890625 0.587891 0.886719 0.587891 0.884766 0.583984 0.880859 0.583984 0.878906 0.578125 0.873047 0.576172 0.873047 0.574219 0.871094 0.570312 0.871094 0.568359 0.869141 0.562500 0.869141 0.560547 0.867188
0 0.037109 0.888672 0.033203 0.892578 0.031250 0.892578 0.027344 0.896484 0.025391 0.896484 0.019531 0.902344 0.019531 0.908203 0.021484 0.910156 0.021484 0.912109 0.023438 0.914062 0.023438 0.916016 0.029297 0.921875 0.035156 0.921875 0.037109 0.923828 0.039062 0.923828 0.041016 0.925781 0.044922 0.925781 0.048828 0.929688 0.050781 0.929688 0.052734 0.931641 0.064453 0.931641 0.066406 0.929688 0.066406 0.927734 0.068359 0.925781 0.068359 0.910156 0.066406 0.908203 0.066406 0.900391 0.062500 0.896484 0.062500 0.894531 0.060547 0.894531 0.056641 0.890625 0.054688 0.890625 0.052734 0.888672
0 0.277344 0.904297 0.267578 0.914062 0.267578 0.916016 0.265625 0.917969 0.265625 0.923828 0.271484 0.929688 0.285156 0.929688 0.289062 0.925781 0.291016 0.925781 0.294922 0.921875 0.294922 0.919922 0.298828 0.916016 0.298828 0.910156 0.296875 0.908203 0.294922 0.908203 0.291016 0.904297
0 0.900391 0.894531 0.898438 0.896484 0.896484 0.896484 0.894531 0.898438 0.892578 0.898438 0.890625 0.900391 0.890625 0.919922 0.894531 0.923828 0.894531 0.925781 0.898438 0.929688 0.898438 0.933594 0.900391 0.935547 0.900391 0.939453 0.902344 0.941406 0.904297 0.941406 0.906250 0.943359 0.916016 0.943359 0.917969 0.941406 0.917969 0.937500 0.919922 0.935547 0.919922 0.933594 0.925781 0.927734 0.927734 0.927734 0.929688 0.925781 0.931641 0.925781 0.927734 0.921875 0.927734 0.919922 0.925781 0.917969 0.925781 0.916016 0.923828 0.914062 0.923828 0.912109 0.917969 0.906250 0.917969 0.904297 0.914062 0.900391 0.912109 0.900391 0.908203 0.896484 0.906250 0.896484 0.904297 0.894531
0 0.466797 0.910156 0.464844 0.912109 0.460938 0.912109 0.460938 0.917969 0.462891 0.919922 0.462891 0.931641 0.466797 0.935547 0.466797 0.937500 0.468750 0.937500 0.472656 0.941406 0.474609 0.941406 0.476562 0.943359 0.478516 0.943359 0.480469 0.945312 0.484375 0.945312 0.486328 0.947266 0.501953 0.947266 0.501953 0.941406 0.498047 0.937500 0.498047 0.935547 0.494141 0.931641 0.494141 0.929688 0.484375 0.919922 0.484375 0.917969 0.482422 0.917969 0.478516 0.914062 0.478516 0.912109 0.474609 0.912109 0.472656 0.910156
0 0.716797 0.902344 0.714844 0.904297 0.712891 0.904297 0.710938 0.906250 0.710938 0.908203 0.708984 0.910156 0.708984 0.912109 0.707031 0.914062 0.707031 0.941406 0.708984 0.943359 0.708984 0.945312 0.710938 0.947266 0.710938 0.949219 0.718750 0.957031 0.720703 0.957031 0.722656 0.958984 0.730469 0.958984 0.732422 0.957031 0.738281 0.957031 0.740234 0.955078 0.740234 0.949219 0.738281 0.947266 0.738281 0.941406 0.736328 0.939453 0.736328 0.933594 0.734375 0.931641 0.734375 0.927734 0.732422 0.925781 0.732422 0.923828 0.730469 0.921875 0.730469 0.916016 0.728516 0.914062 0.728516 0.912109 0.724609 0.908203 0.724609 0.906250 0.722656 0.906250 0.718750 0.902344
0 0.126953 0.921875 0.123047 0.925781 0.121094 0.925781 0.119141 0.927734 0.119141 0.939453 0.121094 0.941406 0.121094 0.945312 0.125000 0.949219 0.125000 0.951172 0.126953 0.951172 0.128906 0.953125 0.130859 0.953125 0.132812 0.955078 0.142578 0.955078 0.144531 0.953125 0.146484 0.953125 0.146484 0.935547 0.144531 0.933594 0.144531 0.931641 0.142578 0.929688 0.142578 0.927734 0.136719 0.921875
0 0.857422 0.929688 0.853516 0.933594 0.851562 0.933594 0.847656 0.937500 0.847656 0.941406 0.845703 0.943359 0.845703 0.957031 0.847656 0.958984 0.847656 0.960938 0.851562 0.964844 0.853516 0.964844 0.855469 0.966797 0.857422 0.966797 0.859375 0.968750 0.869141 0.968750 0.871094 0.966797 0.876953 0.966797 0.876953 0.964844 0.878906 0.962891 0.878906 0.953125 0.876953 0.951172 0.876953 0.949219 0.875000 0.947266 0.875000 0.945312 0.871094 0.941406 0.871094 0.939453 0.869141 0.939453 0.861328 0.931641 0.859375 0.931641
0 0.933594 0.925781 0.931641 0.927734 0.929688 0.927734 0.927734 0.929688 0.925781 0.929688 0.921875 0.933594 0.921875 0.935547 0.919922 0.937500 0.919922 0.941406 0.917969 0.943359 0.917969 0.951172 0.919922 0.953125 0.919922 0.955078 0.925781 0.960938 0.927734 0.960938 0.931641 0.964844 0.933594 0.964844 0.937500 0.968750 0.939453 0.968750 0.941406 0.970703 0.943359 0.970703 0.945312 0.972656 0.947266 0.972656 0.949219 0.974609 0.964844 0.974609 0.966797 0.972656 0.968750 0.972656 0.972656 0.968750 0.972656 0.966797 0.974609 0.964844 0.976562 0.964844 0.976562 0.962891 0.978516 0.960938 0.978516 0.958984 0.984375 0.953125 0.984375 0.951172 0.986328 0.949219 0.986328 0.943359 0.984375 0.941406 0.984375 0.937500 0.980469 0.933594 0.980469 0.931641 0.978516 0.929688 0.964844 0.929688 0.964844 0.931641 0.962891 0.933594 0.947266 0.933594 0.945312 0.931641 0.941406 0.931641 0.935547 0.925781
0 0.564453 0.941406 0.562500 0.943359 0.558594 0.943359 0.556641 0.945312 0.556641 0.955078 0.558594 0.957031 0.562500 0.957031 0.564453 0.958984 0.566406 0.958984 0.572266 0.964844 0.574219 0.964844 0.576172 0.966797 0.576172 0.968750 0.578125 0.970703 0.580078 0.970703 0.582031 0.968750 0.582031 0.966797 0.583984 0.964844 0.583984 0.953125 0.582031 0.951172 0.582031 0.949219 0.576172 0.943359 0.574219 0.943359 0.572266 0.941406
0 0.619141 0.931641 0.619141 0.933594 0.617188 0.935547 0.617188 0.937500 0.613281 0.941406 0.613281 0.943359 0.611328 0.945312 0.611328 0.949219 0.609375 0.951172 0.609375 0.955078 0.611328 0.957031 0.611328 0.972656 0.613281 0.974609 0.613281 0.978516 0.615234 0.980469 0.615234 0.984375 0.617188 0.986328 0.617188 0.998047 0.640625 0.998047 0.642578 0.996094 0.642578 0.994141 0.644531 0.992188 0.644531 0.990234 0.646484 0.988281 0.646484 0.982422 0.648438 0.980469 0.648438 0.953125 0.646484 0.951172 0.646484 0.947266 0.644531 0.945312 0.644531 0.941406 0.642578 0.939453 0.642578 0.937500 0.640625 0.937500 0.636719 0.933594 0.632812 0.933594 0.630859 0.931641
0 0.546875 0.953125 0.544922 0.955078 0.539062 0.955078 0.537109 0.957031 0.535156 0.957031 0.533203 0.958984 0.533203 0.962891 0.531250 0.964844 0.531250 0.974609 0.533203 0.976562 0.533203 0.982422 0.537109 0.986328 0.537109 0.988281 0.539062 0.990234 0.541016 0.990234 0.544922 0.994141 0.546875 0.994141 0.550781 0.998047 0.585938 0.998047 0.585938 0.986328 0.583984 0.984375 0.583984 0.980469 0.582031 0.978516 0.582031 0.976562 0.580078 0.976562 0.578125 0.974609 0.578125 0.972656 0.574219 0.968750 0.574219 0.966797 0.572266 0.966797 0.566406 0.960938 0.564453 0.960938 0.562500 0.958984 0.558594 0.958984 0.556641 0.957031 0.554688 0.957031 0.550781 0.953125
