0 0.193359 0.000000 0.197266 0.003906 0.203125 0.003906 0.205078 0.005859 0.207031 0.005859 0.208984 0.007812 0.226562 0.007812 0.226562 0.005859 0.228516 0.003906 0.230469 0.003906 0.230469 0.000000
0 0.320312 0.000000 0.324219 0.003906 0.324219 0.005859 0.328125 0.005859 0.330078 0.007812 0.333984 0.007812 0.335938 0.009766 0.341797 0.009766 0.345703 0.005859 0.345703 0.000000
0 0.232422 0.000000 0.234375 0.001953 0.234375 0.003906 0.236328 0.003906 0.240234 0.007812 0.242188 0.007812 0.250000 0.015625 0.251953 0.015625 0.253906 0.017578 0.261719 0.017578 0.263672 0.015625 0.269531 0.015625 0.269531 0.013672 0.271484 0.011719 0.273438 0.011719 0.277344 0.007812 0.279297 0.007812 0.283203 0.003906 0.287109 0.003906 0.289062 0.001953 0.291016 0.001953 0.292969 0.000000 0.296875 0.000000
0 0.037109 0.000000 0.037109 0.003906 0.039062 0.003906 0.041016 0.005859 0.041016 0.007812 0.042969 0.007812 0.044922 0.009766 0.044922 0.011719 0.046875 0.011719 0.048828 0.013672 0.048828 0.015625 0.052734 0.019531 0.054688 0.019531 0.056641 0.021484 0.060547 0.021484 0.062500 0.023438 0.089844 0.023438 0.091797 0.021484 0.095703 0.021484 0.097656 0.019531 0.101562 0.019531 0.103516 0.017578 0.105469 0.017578 0.107422 0.015625 0.109375 0.015625 0.113281 0.011719 0.117188 0.011719 0.117188 0.007812 0.119141 0.005859 0.119141 0.003906 0.121094 0.001953 0.121094 0.000000
0 0.548828 0.000000 0.548828 0.005859 0.550781 0.007812 0.550781 0.009766 0.552734 0.011719 0.552734 0.013672 0.556641 0.017578 0.556641 0.019531 0.558594 0.019531 0.562500 0.023438 0.564453 0.023438 0.568359 0.027344 0.593750 0.027344 0.595703 0.025391 0.601562 0.025391 0.603516 0.023438 0.605469 0.023438 0.607422 0.021484 0.609375 0.021484 0.609375 0.019531 0.613281 0.015625 0.613281 0.009766 0.615234 0.007812 0.615234 0.000000
0 0.361328 0.000000 0.359375 0.001953 0.359375 0.003906 0.355469 0.007812 0.355469 0.009766 0.353516 0.011719 0.353516 0.017578 0.355469 0.019531 0.355469 0.021484 0.357422 0.023438 0.357422 0.025391 0.365234 0.033203 0.365234 0.035156 0.371094 0.041016 0.373047 0.041016 0.378906 0.046875 0.380859 0.046875 0.382812 0.048828 0.390625 0.048828 0.390625 0.035156 0.392578 0.033203 0.392578 0.021484 0.394531 0.019531 0.394531 0.015625 0.396484 0.013672 0.396484 0.007812 0.404297 0.000000
0 0.746094 0.000000 0.744141 0.001953 0.744141 0.021484 0.746094 0.023438 0.746094 0.025391 0.748047 0.027344 0.748047 0.031250 0.751953 0.035156 0.751953 0.037109 0.757812 0.042969 0.759766 0.042969 0.767578 0.050781 0.769531 0.050781 0.771484 0.052734 0.777344 0.052734 0.779297 0.050781 0.785156 0.050781 0.789062 0.046875 0.791016 0.046875 0.794922 0.042969 0.796875 0.042969 0.796875 0.041016 0.800781 0.037109 0.800781 0.033203 0.802734 0.031250 0.802734 0.027344 0.804688 0.025391 0.804688 0.000000
0 0.000000 0.005859 0.000000 0.074219 0.003906 0.070312 0.005859 0.070312 0.005859 0.068359 0.011719 0.062500 0.011719 0.060547 0.013672 0.058594 0.015625 0.058594 0.015625 0.056641 0.019531 0.052734 0.019531 0.050781 0.023438 0.046875 0.023438 0.044922 0.025391 0.042969 0.027344 0.042969 0.027344 0.027344 0.023438 0.023438 0.023438 0.019531 0.019531 0.015625 0.017578 0.015625 0.015625 0.013672 0.013672 0.013672 0.011719 0.011719 0.011719 0.009766 0.007812 0.009766 0.003906 0.005859
0 0.996094 0.033203 0.992188 0.037109 0.990234 0.037109 0.982422 0.044922 0.982422 0.046875 0.978516 0.050781 0.978516 0.072266 0.998047 0.072266 0.998047 0.033203
0 0.298828 0.029297 0.294922 0.033203 0.292969 0.033203 0.289062 0.037109 0.281250 0.037109 0.279297 0.039062 0.277344 0.039062 0.275391 0.041016 0.273438 0.041016 0.271484 0.042969 0.271484 0.062500 0.273438 0.064453 0.273438 0.072266 0.279297 0.078125 0.281250 0.078125 0.285156 0.082031 0.289062 0.082031 0.291016 0.083984 0.292969 0.083984 0.294922 0.085938 0.337891 0.085938 0.339844 0.083984 0.343750 0.083984 0.345703 0.082031 0.351562 0.082031 0.351562 0.080078 0.353516 0.078125 0.357422 0.078125 0.361328 0.074219 0.363281 0.074219 0.363281 0.072266 0.365234 0.070312 0.367188 0.070312 0.373047 0.064453 0.373047 0.052734 0.371094 0.052734 0.367188 0.048828 0.365234 0.048828 0.363281 0.046875 0.361328 0.046875 0.359375 0.044922 0.357422 0.044922 0.355469 0.042969 0.353516 0.042969 0.351562 0.041016 0.349609 0.041016 0.347656 0.039062 0.347656 0.037109 0.341797 0.037109 0.339844 0.035156 0.337891 0.035156 0.335938 0.033203 0.330078 0.033203 0.328125 0.031250 0.324219 0.031250 0.322266 0.029297
0 0.419922 0.025391 0.416016 0.029297 0.414062 0.029297 0.410156 0.033203 0.408203 0.033203 0.406250 0.035156 0.404297 0.035156 0.396484 0.042969 0.396484 0.046875 0.394531 0.048828 0.394531 0.054688 0.392578 0.056641 0.392578 0.066406 0.390625 0.068359 0.390625 0.078125 0.394531 0.078125 0.396484 0.076172 0.445312 0.076172 0.445312 0.048828 0.441406 0.044922 0.441406 0.042969 0.437500 0.039062 0.437500 0.037109 0.435547 0.035156 0.435547 0.033203 0.433594 0.031250 0.433594 0.029297 0.431641 0.029297 0.429688 0.027344 0.429688 0.025391
0 0.611328 0.025391 0.609375 0.027344 0.605469 0.027344 0.603516 0.029297 0.601562 0.029297 0.601562 0.031250 0.595703 0.037109 0.595703 0.039062 0.591797 0.042969 0.591797 0.062500 0.595703 0.066406 0.595703 0.068359 0.599609 0.072266 0.599609 0.074219 0.601562 0.074219 0.603516 0.076172 0.603516 0.078125 0.605469 0.080078 0.605469 0.082031 0.611328 0.087891 0.611328 0.089844 0.619141 0.097656 0.621094 0.097656 0.625000 0.101562 0.642578 0.101562 0.650391 0.093750 0.652344 0.093750 0.652344 0.091797 0.656250 0.087891 0.656250 0.085938 0.660156 0.082031 0.660156 0.076172 0.662109 0.074219 0.662109 0.064453 0.660156 0.062500 0.660156 0.050781 0.656250 0.046875 0.656250 0.044922 0.648438 0.037109 0.646484 0.037109 0.644531 0.035156 0.644531 0.033203 0.642578 0.033203 0.638672 0.029297 0.634766 0.029297 0.632812 0.027344 0.632812 0.025391
0 0.130859 0.041016 0.128906 0.042969 0.125000 0.042969 0.117188 0.050781 0.117188 0.070312 0.119141 0.072266 0.119141 0.078125 0.121094 0.080078 0.121094 0.082031 0.123047 0.083984 0.123047 0.085938 0.125000 0.085938 0.126953 0.087891 0.126953 0.089844 0.128906 0.089844 0.130859 0.091797 0.130859 0.093750 0.132812 0.093750 0.138672 0.099609 0.148438 0.099609 0.150391 0.097656 0.160156 0.097656 0.162109 0.095703 0.164062 0.095703 0.167969 0.091797 0.167969 0.089844 0.171875 0.085938 0.171875 0.083984 0.173828 0.082031 0.173828 0.072266 0.171875 0.070312 0.171875 0.058594 0.167969 0.054688 0.167969 0.050781 0.164062 0.046875 0.162109 0.046875 0.160156 0.044922 0.158203 0.044922 0.156250 0.042969 0.156250 0.041016
0 0.496094 0.044922 0.492188 0.048828 0.490234 0.048828 0.488281 0.050781 0.486328 0.050781 0.482422 0.054688 0.480469 0.054688 0.476562 0.058594 0.474609 0.058594 0.472656 0.060547 0.472656 0.070312 0.474609 0.072266 0.474609 0.078125 0.478516 0.082031 0.478516 0.085938 0.482422 0.089844 0.484375 0.089844 0.486328 0.091797 0.486328 0.093750 0.490234 0.093750 0.492188 0.095703 0.500000 0.095703 0.501953 0.097656 0.509766 0.097656 0.511719 0.099609 0.525391 0.099609 0.535156 0.089844 0.539062 0.089844 0.541016 0.087891 0.542969 0.087891 0.544922 0.085938 0.544922 0.083984 0.546875 0.082031 0.546875 0.070312 0.542969 0.066406 0.542969 0.064453 0.541016 0.062500 0.541016 0.060547 0.535156 0.054688 0.533203 0.054688 0.531250 0.052734 0.529297 0.052734 0.525391 0.048828 0.521484 0.048828 0.519531 0.046875 0.515625 0.046875 0.513672 0.044922
0 0.037109 0.056641 0.035156 0.058594 0.031250 0.058594 0.017578 0.072266 0.017578 0.085938 0.019531 0.087891 0.019531 0.093750 0.021484 0.095703 0.021484 0.099609 0.025391 0.103516 0.025391 0.105469 0.027344 0.105469 0.029297 0.107422 0.029297 0.109375 0.031250 0.109375 0.035156 0.113281 0.039062 0.113281 0.042969 0.117188 0.062500 0.117188 0.064453 0.115234 0.068359 0.115234 0.070312 0.113281 0.076172 0.113281 0.080078 0.109375 0.082031 0.109375 0.082031 0.107422 0.083984 0.105469 0.085938 0.105469 0.085938 0.101562 0.087891 0.099609 0.087891 0.093750 0.085938 0.091797 0.085938 0.080078 0.083984 0.080078 0.082031 0.078125 0.082031 0.074219 0.078125 0.070312 0.078125 0.068359 0.076172 0.068359 0.072266 0.064453 0.070312 0.064453 0.066406 0.060547 0.064453 0.060547 0.062500 0.058594 0.060547 0.058594 0.058594 0.056641
0 0.701172 0.060547 0.699219 0.062500 0.697266 0.062500 0.697266 0.064453 0.695312 0.066406 0.695312 0.080078 0.697266 0.082031 0.697266 0.087891 0.701172 0.091797 0.701172 0.093750 0.703125 0.093750 0.705078 0.095703 0.705078 0.099609 0.708984 0.103516 0.708984 0.105469 0.710938 0.105469 0.712891 0.107422 0.712891 0.109375 0.716797 0.113281 0.718750 0.113281 0.720703 0.115234 0.720703 0.117188 0.730469 0.117188 0.730469 0.113281 0.734375 0.109375 0.734375 0.091797 0.732422 0.089844 0.732422 0.083984 0.730469 0.082031 0.730469 0.080078 0.726562 0.076172 0.726562 0.072266 0.724609 0.070312 0.724609 0.068359 0.720703 0.064453 0.718750 0.064453 0.714844 0.060547
0 0.222656 0.048828 0.220703 0.050781 0.218750 0.050781 0.218750 0.052734 0.216797 0.054688 0.216797 0.056641 0.214844 0.058594 0.214844 0.074219 0.216797 0.076172 0.216797 0.101562 0.218750 0.103516 0.218750 0.105469 0.220703 0.107422 0.220703 0.115234 0.224609 0.119141 0.224609 0.121094 0.228516 0.125000 0.230469 0.125000 0.234375 0.128906 0.236328 0.128906 0.238281 0.130859 0.240234 0.130859 0.242188 0.132812 0.273438 0.132812 0.273438 0.123047 0.277344 0.119141 0.277344 0.115234 0.285156 0.107422 0.283203 0.107422 0.281250 0.105469 0.281250 0.103516 0.279297 0.101562 0.279297 0.099609 0.269531 0.089844 0.269531 0.087891 0.265625 0.083984 0.265625 0.082031 0.261719 0.078125 0.261719 0.076172 0.259766 0.076172 0.257812 0.074219 0.257812 0.070312 0.253906 0.066406 0.253906 0.064453 0.250000 0.060547 0.250000 0.058594 0.246094 0.054688 0.246094 0.052734 0.244141 0.052734 0.242188 0.050781 0.242188 0.048828
0 0.810547 0.056641 0.808594 0.058594 0.804688 0.058594 0.798828 0.064453 0.798828 0.066406 0.794922 0.070312 0.794922 0.072266 0.792969 0.074219 0.792969 0.076172 0.791016 0.078125 0.791016 0.082031 0.787109 0.085938 0.787109 0.087891 0.783203 0.091797 0.783203 0.093750 0.781250 0.095703 0.781250 0.097656 0.779297 0.099609 0.779297 0.101562 0.777344 0.103516 0.775391 0.103516 0.775391 0.117188 0.777344 0.119141 0.777344 0.121094 0.779297 0.123047 0.779297 0.125000 0.783203 0.128906 0.785156 0.128906 0.787109 0.130859 0.787109 0.132812 0.792969 0.132812 0.794922 0.134766 0.796875 0.134766 0.798828 0.136719 0.816406 0.136719 0.818359 0.134766 0.820312 0.134766 0.820312 0.132812 0.822266 0.130859 0.824219 0.130859 0.824219 0.128906 0.828125 0.125000 0.828125 0.123047 0.830078 0.121094 0.832031 0.121094 0.832031 0.115234 0.833984 0.113281 0.833984 0.111328 0.835938 0.109375 0.835938 0.087891 0.833984 0.085938 0.833984 0.083984 0.832031 0.082031 0.832031 0.076172 0.830078 0.074219 0.830078 0.070312 0.828125 0.068359 0.828125 0.064453 0.826172 0.064453 0.818359 0.056641
0 0.980469 0.074219 0.978516 0.076172 0.974609 0.076172 0.974609 0.078125 0.972656 0.080078 0.970703 0.080078 0.966797 0.083984 0.966797 0.089844 0.964844 0.091797 0.962891 0.091797 0.962891 0.093750 0.960938 0.095703 0.960938 0.097656 0.958984 0.099609 0.958984 0.117188 0.960938 0.119141 0.960938 0.121094 0.962891 0.123047 0.962891 0.125000 0.964844 0.125000 0.966797 0.126953 0.966797 0.128906 0.982422 0.128906 0.986328 0.125000 0.988281 0.125000 0.988281 0.121094 0.992188 0.117188 0.992188 0.113281 0.996094 0.109375 0.996094 0.105469 0.998047 0.103516 0.998047 0.074219
0 0.843750 0.056641 0.835938 0.064453 0.835938 0.074219 0.837891 0.076172 0.837891 0.093750 0.841797 0.097656 0.841797 0.101562 0.845703 0.105469 0.845703 0.109375 0.847656 0.109375 0.849609 0.111328 0.849609 0.115234 0.853516 0.119141 0.853516 0.121094 0.857422 0.125000 0.857422 0.126953 0.859375 0.128906 0.859375 0.130859 0.863281 0.134766 0.863281 0.136719 0.869141 0.142578 0.869141 0.144531 0.871094 0.144531 0.873047 0.146484 0.873047 0.148438 0.882812 0.148438 0.882812 0.146484 0.884766 0.144531 0.888672 0.144531 0.894531 0.138672 0.894531 0.136719 0.898438 0.132812 0.898438 0.130859 0.900391 0.128906 0.900391 0.126953 0.904297 0.123047 0.904297 0.121094 0.906250 0.119141 0.906250 0.117188 0.908203 0.115234 0.908203 0.113281 0.910156 0.111328 0.910156 0.085938 0.906250 0.082031 0.906250 0.080078 0.902344 0.076172 0.902344 0.072266 0.900391 0.072266 0.898438 0.070312 0.898438 0.068359 0.894531 0.064453 0.888672 0.064453 0.884766 0.060547 0.880859 0.060547 0.878906 0.058594 0.876953 0.058594 0.875000 0.056641
0 0.396484 0.078125 0.394531 0.080078 0.388672 0.080078 0.386719 0.082031 0.384766 0.082031 0.382812 0.083984 0.378906 0.083984 0.376953 0.085938 0.375000 0.085938 0.371094 0.089844 0.369141 0.089844 0.363281 0.095703 0.361328 0.095703 0.361328 0.097656 0.357422 0.101562 0.357422 0.105469 0.355469 0.107422 0.355469 0.109375 0.353516 0.111328 0.353516 0.128906 0.355469 0.130859 0.355469 0.134766 0.357422 0.136719 0.357422 0.142578 0.363281 0.148438 0.365234 0.148438 0.369141 0.152344 0.373047 0.152344 0.375000 0.154297 0.378906 0.154297 0.380859 0.156250 0.382812 0.156250 0.384766 0.158203 0.412109 0.158203 0.414062 0.156250 0.421875 0.156250 0.423828 0.154297 0.425781 0.154297 0.427734 0.152344 0.433594 0.152344 0.435547 0.150391 0.437500 0.150391 0.439453 0.148438 0.441406 0.148438 0.443359 0.146484 0.445312 0.146484 0.449219 0.142578 0.451172 0.142578 0.455078 0.138672 0.457031 0.138672 0.460938 0.134766 0.460938 0.132812 0.464844 0.128906 0.464844 0.126953 0.468750 0.123047 0.468750 0.095703 0.464844 0.091797 0.464844 0.089844 0.460938 0.085938 0.460938 0.083984 0.458984 0.082031 0.458984 0.080078 0.455078 0.080078 0.453125 0.078125
0 0.544922 0.087891 0.542969 0.089844 0.541016 0.089844 0.539062 0.091797 0.535156 0.091797 0.523438 0.103516 0.523438 0.105469 0.521484 0.107422 0.521484 0.125000 0.523438 0.126953 0.523438 0.128906 0.529297 0.134766 0.529297 0.136719 0.539062 0.136719 0.541016 0.134766 0.542969 0.134766 0.544922 0.132812 0.574219 0.132812 0.578125 0.136719 0.578125 0.126953 0.582031 0.123047 0.582031 0.117188 0.583984 0.115234 0.583984 0.101562 0.582031 0.099609 0.582031 0.095703 0.574219 0.087891
0 0.302734 0.095703 0.298828 0.099609 0.294922 0.099609 0.279297 0.115234 0.279297 0.119141 0.275391 0.123047 0.275391 0.132812 0.273438 0.134766 0.273438 0.156250 0.275391 0.158203 0.275391 0.167969 0.277344 0.169922 0.277344 0.171875 0.279297 0.173828 0.279297 0.175781 0.283203 0.179688 0.283203 0.183594 0.285156 0.183594 0.287109 0.185547 0.287109 0.187500 0.289062 0.187500 0.291016 0.189453 0.291016 0.191406 0.312500 0.191406 0.314453 0.189453 0.316406 0.189453 0.318359 0.187500 0.320312 0.187500 0.328125 0.179688 0.328125 0.177734 0.330078 0.175781 0.330078 0.173828 0.332031 0.171875 0.332031 0.166016 0.335938 0.162109 0.335938 0.154297 0.337891 0.152344 0.337891 0.123047 0.335938 0.121094 0.335938 0.109375 0.326172 0.099609 0.324219 0.099609 0.320312 0.095703
0 0.666016 0.095703 0.666016 0.097656 0.664062 0.099609 0.662109 0.099609 0.662109 0.101562 0.660156 0.103516 0.660156 0.105469 0.658203 0.107422 0.656250 0.107422 0.652344 0.111328 0.652344 0.113281 0.650391 0.115234 0.650391 0.119141 0.654297 0.123047 0.654297 0.125000 0.656250 0.126953 0.656250 0.132812 0.658203 0.134766 0.658203 0.160156 0.656250 0.162109 0.656250 0.166016 0.654297 0.167969 0.654297 0.171875 0.652344 0.173828 0.652344 0.175781 0.650391 0.177734 0.650391 0.179688 0.648438 0.181641 0.648438 0.183594 0.650391 0.185547 0.650391 0.187500 0.654297 0.191406 0.656250 0.191406 0.662109 0.197266 0.664062 0.197266 0.666016 0.199219 0.667969 0.199219 0.669922 0.201172 0.683594 0.201172 0.685547 0.199219 0.687500 0.199219 0.687500 0.197266 0.689453 0.195312 0.689453 0.181641 0.691406 0.179688 0.691406 0.177734 0.693359 0.175781 0.695312 0.175781 0.697266 0.173828 0.697266 0.171875 0.699219 0.169922 0.699219 0.160156 0.701172 0.158203 0.701172 0.156250 0.703125 0.154297 0.703125 0.123047 0.701172 0.121094 0.701172 0.119141 0.699219 0.117188 0.699219 0.111328 0.697266 0.111328 0.695312 0.109375 0.695312 0.107422 0.687500 0.099609 0.685547 0.099609 0.681641 0.095703
0 0.625000 0.109375 0.623047 0.111328 0.617188 0.111328 0.615234 0.113281 0.615234 0.115234 0.611328 0.119141 0.611328 0.121094 0.607422 0.125000 0.607422 0.126953 0.605469 0.128906 0.605469 0.130859 0.603516 0.132812 0.603516 0.134766 0.601562 0.136719 0.601562 0.156250 0.603516 0.158203 0.603516 0.164062 0.605469 0.166016 0.605469 0.167969 0.607422 0.169922 0.607422 0.171875 0.611328 0.175781 0.611328 0.177734 0.615234 0.181641 0.615234 0.183594 0.617188 0.183594 0.619141 0.185547 0.619141 0.187500 0.623047 0.191406 0.623047 0.193359 0.630859 0.201172 0.630859 0.203125 0.634766 0.203125 0.636719 0.201172 0.636719 0.199219 0.640625 0.195312 0.640625 0.191406 0.642578 0.189453 0.642578 0.187500 0.644531 0.185547 0.644531 0.183594 0.648438 0.179688 0.648438 0.177734 0.650391 0.175781 0.650391 0.173828 0.652344 0.171875 0.652344 0.167969 0.654297 0.166016 0.654297 0.162109 0.656250 0.160156 0.656250 0.134766 0.654297 0.132812 0.654297 0.126953 0.652344 0.125000 0.652344 0.123047 0.648438 0.119141 0.648438 0.117188 0.646484 0.115234 0.644531 0.115234 0.640625 0.111328 0.638672 0.111328 0.636719 0.109375
0 0.021484 0.142578 0.021484 0.144531 0.019531 0.146484 0.017578 0.146484 0.015625 0.148438 0.015625 0.150391 0.011719 0.154297 0.011719 0.156250 0.017578 0.162109 0.017578 0.164062 0.019531 0.164062 0.021484 0.166016 0.021484 0.167969 0.023438 0.169922 0.023438 0.171875 0.025391 0.173828 0.039062 0.173828 0.041016 0.171875 0.042969 0.171875 0.042969 0.169922 0.044922 0.167969 0.046875 0.167969 0.046875 0.158203 0.044922 0.156250 0.044922 0.154297 0.042969 0.152344 0.042969 0.150391 0.039062 0.146484 0.037109 0.146484 0.035156 0.144531 0.035156 0.142578
0 0.544922 0.134766 0.542969 0.136719 0.541016 0.136719 0.539062 0.138672 0.533203 0.138672 0.529297 0.142578 0.525391 0.142578 0.521484 0.146484 0.521484 0.148438 0.519531 0.150391 0.519531 0.152344 0.515625 0.156250 0.515625 0.158203 0.513672 0.160156 0.513672 0.169922 0.519531 0.175781 0.521484 0.175781 0.523438 0.177734 0.525391 0.177734 0.529297 0.181641 0.531250 0.181641 0.533203 0.183594 0.535156 0.183594 0.537109 0.185547 0.537109 0.187500 0.550781 0.187500 0.552734 0.185547 0.554688 0.185547 0.556641 0.183594 0.558594 0.183594 0.560547 0.181641 0.562500 0.181641 0.564453 0.179688 0.566406 0.179688 0.570312 0.175781 0.574219 0.175781 0.574219 0.173828 0.576172 0.171875 0.578125 0.171875 0.578125 0.169922 0.582031 0.166016 0.582031 0.164062 0.583984 0.162109 0.583984 0.146484 0.582031 0.144531 0.582031 0.140625 0.580078 0.138672 0.578125 0.138672 0.574219 0.134766
0 0.728516 0.146484 0.726562 0.148438 0.720703 0.148438 0.714844 0.154297 0.712891 0.154297 0.710938 0.156250 0.710938 0.158203 0.708984 0.160156 0.708984 0.164062 0.695312 0.177734 0.693359 0.177734 0.693359 0.179688 0.691406 0.181641 0.691406 0.191406 0.693359 0.193359 0.693359 0.195312 0.695312 0.195312 0.699219 0.199219 0.707031 0.199219 0.708984 0.201172 0.710938 0.201172 0.712891 0.203125 0.730469 0.203125 0.732422 0.205078 0.738281 0.205078 0.740234 0.207031 0.761719 0.207031 0.761719 0.189453 0.759766 0.187500 0.759766 0.185547 0.757812 0.183594 0.757812 0.177734 0.755859 0.175781 0.755859 0.173828 0.753906 0.171875 0.753906 0.169922 0.750000 0.166016 0.750000 0.164062 0.746094 0.160156 0.746094 0.158203 0.738281 0.150391 0.736328 0.150391 0.732422 0.146484
0 0.226562 0.167969 0.224609 0.169922 0.222656 0.169922 0.222656 0.171875 0.220703 0.173828 0.220703 0.179688 0.218750 0.181641 0.218750 0.195312 0.222656 0.199219 0.224609 0.199219 0.226562 0.201172 0.240234 0.201172 0.242188 0.199219 0.242188 0.183594 0.240234 0.181641 0.240234 0.175781 0.238281 0.173828 0.238281 0.169922 0.236328 0.167969
0 0.943359 0.150391 0.941406 0.152344 0.939453 0.152344 0.937500 0.154297 0.935547 0.154297 0.931641 0.158203 0.929688 0.158203 0.927734 0.160156 0.925781 0.160156 0.923828 0.162109 0.923828 0.164062 0.921875 0.166016 0.921875 0.167969 0.919922 0.169922 0.919922 0.199219 0.917969 0.201172 0.917969 0.203125 0.916016 0.205078 0.916016 0.222656 0.917969 0.224609 0.917969 0.226562 0.921875 0.230469 0.925781 0.230469 0.929688 0.234375 0.943359 0.234375 0.945312 0.232422 0.949219 0.232422 0.951172 0.230469 0.957031 0.230469 0.957031 0.228516 0.958984 0.226562 0.960938 0.226562 0.960938 0.224609 0.962891 0.222656 0.964844 0.222656 0.964844 0.220703 0.966797 0.218750 0.966797 0.216797 0.968750 0.214844 0.968750 0.208984 0.970703 0.207031 0.970703 0.175781 0.968750 0.173828 0.968750 0.166016 0.966797 0.166016 0.964844 0.164062 0.964844 0.162109 0.960938 0.158203 0.960938 0.156250 0.955078 0.150391
0 0.000000 0.154297 0.000000 0.250000 0.009766 0.250000 0.013672 0.246094 0.015625 0.246094 0.019531 0.242188 0.019531 0.240234 0.023438 0.236328 0.023438 0.234375 0.027344 0.230469 0.027344 0.224609 0.029297 0.222656 0.029297 0.218750 0.031250 0.216797 0.031250 0.197266 0.029297 0.195312 0.029297 0.191406 0.027344 0.189453 0.027344 0.181641 0.025391 0.179688 0.025391 0.175781 0.021484 0.171875 0.021484 0.169922 0.019531 0.167969 0.019531 0.166016 0.017578 0.166016 0.015625 0.164062 0.015625 0.162109 0.011719 0.158203 0.007812 0.158203 0.003906 0.154297
0 0.076172 0.154297 0.072266 0.158203 0.070312 0.158203 0.066406 0.162109 0.062500 0.162109 0.060547 0.164062 0.058594 0.164062 0.056641 0.166016 0.054688 0.166016 0.052734 0.167969 0.050781 0.167969 0.046875 0.171875 0.044922 0.171875 0.039062 0.177734 0.039062 0.179688 0.037109 0.181641 0.037109 0.185547 0.035156 0.187500 0.035156 0.193359 0.033203 0.195312 0.033203 0.222656 0.035156 0.224609 0.035156 0.228516 0.037109 0.230469 0.037109 0.238281 0.039062 0.240234 0.039062 0.242188 0.041016 0.244141 0.041016 0.246094 0.042969 0.246094 0.044922 0.248047 0.044922 0.251953 0.048828 0.255859 0.050781 0.255859 0.056641 0.261719 0.062500 0.261719 0.064453 0.263672 0.066406 0.263672 0.068359 0.265625 0.085938 0.265625 0.087891 0.263672 0.091797 0.263672 0.093750 0.261719 0.097656 0.261719 0.099609 0.259766 0.101562 0.259766 0.103516 0.257812 0.105469 0.257812 0.105469 0.255859 0.107422 0.253906 0.109375 0.253906 0.109375 0.251953 0.115234 0.246094 0.115234 0.244141 0.117188 0.242188 0.117188 0.240234 0.123047 0.234375 0.123047 0.232422 0.125000 0.230469 0.125000 0.201172 0.121094 0.197266 0.121094 0.193359 0.117188 0.189453 0.117188 0.185547 0.115234 0.185547 0.113281 0.183594 0.113281 0.181641 0.107422 0.175781 0.107422 0.173828 0.101562 0.167969 0.101562 0.166016 0.099609 0.166016 0.097656 0.164062 0.097656 0.162109 0.095703 0.162109 0.093750 0.160156 0.093750 0.158203 0.091797 0.158203 0.087891 0.154297
0 0.445312 0.183594 0.441406 0.187500 0.441406 0.189453 0.435547 0.195312 0.435547 0.222656 0.437500 0.224609 0.437500 0.228516 0.439453 0.230469 0.439453 0.236328 0.441406 0.238281 0.441406 0.240234 0.443359 0.242188 0.443359 0.246094 0.449219 0.251953 0.449219 0.253906 0.453125 0.257812 0.464844 0.257812 0.466797 0.255859 0.470703 0.255859 0.472656 0.253906 0.490234 0.253906 0.496094 0.248047 0.496094 0.246094 0.500000 0.242188 0.500000 0.240234 0.501953 0.238281 0.501953 0.234375 0.503906 0.232422 0.503906 0.208984 0.501953 0.207031 0.501953 0.203125 0.500000 0.201172 0.500000 0.197266 0.496094 0.193359 0.494141 0.193359 0.490234 0.189453 0.488281 0.189453 0.484375 0.185547 0.476562 0.185547 0.474609 0.183594
0 0.380859 0.185547 0.378906 0.187500 0.373047 0.187500 0.367188 0.193359 0.367188 0.195312 0.361328 0.201172 0.361328 0.203125 0.359375 0.205078 0.359375 0.208984 0.357422 0.210938 0.357422 0.226562 0.359375 0.228516 0.359375 0.230469 0.361328 0.232422 0.361328 0.238281 0.363281 0.240234 0.363281 0.242188 0.365234 0.244141 0.365234 0.246094 0.367188 0.246094 0.369141 0.248047 0.369141 0.250000 0.375000 0.255859 0.375000 0.257812 0.376953 0.257812 0.380859 0.261719 0.382812 0.261719 0.384766 0.263672 0.384766 0.265625 0.394531 0.265625 0.396484 0.263672 0.398438 0.263672 0.400391 0.261719 0.402344 0.261719 0.402344 0.259766 0.404297 0.257812 0.406250 0.257812 0.406250 0.255859 0.410156 0.251953 0.410156 0.250000 0.414062 0.246094 0.414062 0.244141 0.417969 0.240234 0.417969 0.238281 0.421875 0.234375 0.421875 0.208984 0.419922 0.207031 0.419922 0.205078 0.417969 0.203125 0.417969 0.199219 0.416016 0.199219 0.412109 0.195312 0.412109 0.193359 0.408203 0.193359 0.406250 0.191406 0.406250 0.189453 0.402344 0.189453 0.400391 0.187500 0.398438 0.187500 0.396484 0.185547
0 0.687500 0.201172 0.683594 0.205078 0.679688 0.205078 0.675781 0.208984 0.673828 0.208984 0.671875 0.210938 0.669922 0.210938 0.664062 0.216797 0.662109 0.216797 0.658203 0.220703 0.658203 0.222656 0.656250 0.224609 0.654297 0.224609 0.654297 0.226562 0.652344 0.228516 0.652344 0.242188 0.654297 0.244141 0.654297 0.250000 0.658203 0.253906 0.658203 0.255859 0.660156 0.255859 0.662109 0.257812 0.664062 0.257812 0.667969 0.261719 0.669922 0.261719 0.673828 0.265625 0.685547 0.265625 0.687500 0.263672 0.689453 0.263672 0.691406 0.261719 0.695312 0.261719 0.701172 0.255859 0.703125 0.255859 0.710938 0.248047 0.710938 0.246094 0.712891 0.244141 0.712891 0.240234 0.714844 0.238281 0.714844 0.212891 0.712891 0.210938 0.712891 0.208984 0.710938 0.207031 0.710938 0.205078 0.707031 0.201172
0 0.201172 0.226562 0.199219 0.228516 0.197266 0.228516 0.199219 0.230469 0.199219 0.234375 0.201172 0.236328 0.201172 0.240234 0.203125 0.240234 0.205078 0.242188 0.214844 0.242188 0.216797 0.240234 0.216797 0.238281 0.218750 0.236328 0.218750 0.230469 0.216797 0.228516 0.214844 0.228516 0.212891 0.226562
0 0.570312 0.205078 0.566406 0.208984 0.564453 0.208984 0.560547 0.212891 0.560547 0.214844 0.554688 0.220703 0.554688 0.222656 0.548828 0.228516 0.548828 0.230469 0.544922 0.234375 0.544922 0.255859 0.546875 0.257812 0.546875 0.261719 0.548828 0.263672 0.548828 0.265625 0.550781 0.267578 0.550781 0.269531 0.552734 0.271484 0.552734 0.273438 0.556641 0.277344 0.558594 0.277344 0.564453 0.283203 0.566406 0.283203 0.568359 0.285156 0.574219 0.285156 0.578125 0.289062 0.599609 0.289062 0.603516 0.285156 0.605469 0.285156 0.605469 0.283203 0.607422 0.281250 0.609375 0.281250 0.609375 0.279297 0.613281 0.275391 0.613281 0.273438 0.617188 0.269531 0.617188 0.240234 0.615234 0.238281 0.615234 0.236328 0.613281 0.234375 0.613281 0.226562 0.611328 0.224609 0.611328 0.222656 0.609375 0.220703 0.609375 0.216797 0.605469 0.212891 0.605469 0.210938 0.603516 0.208984 0.601562 0.208984 0.597656 0.205078
0 0.259766 0.242188 0.257812 0.244141 0.255859 0.244141 0.253906 0.246094 0.251953 0.246094 0.251953 0.255859 0.253906 0.257812 0.263672 0.257812 0.265625 0.255859 0.269531 0.255859 0.271484 0.257812 0.275391 0.257812 0.277344 0.259766 0.283203 0.259766 0.285156 0.257812 0.287109 0.257812 0.287109 0.253906 0.285156 0.251953 0.285156 0.250000 0.277344 0.242188
0 0.314453 0.236328 0.310547 0.240234 0.308594 0.240234 0.308594 0.242188 0.306641 0.244141 0.306641 0.246094 0.304688 0.248047 0.304688 0.267578 0.306641 0.269531 0.306641 0.277344 0.312500 0.283203 0.312500 0.285156 0.316406 0.289062 0.318359 0.289062 0.322266 0.292969 0.324219 0.292969 0.328125 0.296875 0.330078 0.296875 0.333984 0.300781 0.341797 0.300781 0.343750 0.302734 0.351562 0.302734 0.353516 0.300781 0.355469 0.300781 0.355469 0.298828 0.359375 0.294922 0.359375 0.291016 0.361328 0.289062 0.361328 0.275391 0.359375 0.273438 0.359375 0.267578 0.357422 0.267578 0.355469 0.265625 0.355469 0.263672 0.353516 0.263672 0.351562 0.261719 0.351562 0.259766 0.349609 0.259766 0.347656 0.257812 0.347656 0.255859 0.345703 0.255859 0.333984 0.244141 0.332031 0.244141 0.328125 0.240234 0.326172 0.240234 0.324219 0.238281 0.324219 0.236328
0 0.185547 0.259766 0.183594 0.261719 0.177734 0.261719 0.175781 0.263672 0.173828 0.263672 0.171875 0.265625 0.169922 0.265625 0.167969 0.267578 0.166016 0.267578 0.164062 0.269531 0.162109 0.269531 0.160156 0.271484 0.158203 0.271484 0.154297 0.275391 0.152344 0.275391 0.142578 0.285156 0.142578 0.287109 0.138672 0.291016 0.138672 0.316406 0.140625 0.318359 0.140625 0.324219 0.142578 0.326172 0.142578 0.328125 0.146484 0.328125 0.148438 0.326172 0.154297 0.326172 0.156250 0.324219 0.169922 0.324219 0.171875 0.326172 0.173828 0.326172 0.175781 0.328125 0.177734 0.328125 0.179688 0.330078 0.183594 0.330078 0.189453 0.324219 0.189453 0.322266 0.191406 0.320312 0.191406 0.318359 0.195312 0.314453 0.195312 0.312500 0.197266 0.310547 0.197266 0.308594 0.199219 0.306641 0.199219 0.304688 0.207031 0.296875 0.208984 0.296875 0.214844 0.291016 0.214844 0.275391 0.212891 0.273438 0.212891 0.269531 0.210938 0.267578 0.210938 0.265625 0.208984 0.263672 0.208984 0.261719 0.207031 0.261719 0.205078 0.259766
0 0.000000 0.291016 0.000000 0.332031 0.007812 0.332031 0.009766 0.330078 0.011719 0.330078 0.013672 0.328125 0.015625 0.328125 0.015625 0.326172 0.017578 0.324219 0.019531 0.324219 0.019531 0.322266 0.021484 0.320312 0.021484 0.310547 0.019531 0.308594 0.019531 0.306641 0.011719 0.298828 0.009766 0.298828 0.003906 0.292969 0.003906 0.291016
0 0.431641 0.273438 0.429688 0.275391 0.425781 0.275391 0.421875 0.279297 0.419922 0.279297 0.417969 0.281250 0.416016 0.281250 0.412109 0.285156 0.410156 0.285156 0.408203 0.287109 0.406250 0.287109 0.396484 0.296875 0.394531 0.296875 0.394531 0.298828 0.390625 0.302734 0.390625 0.304688 0.386719 0.308594 0.386719 0.328125 0.388672 0.330078 0.388672 0.332031 0.390625 0.333984 0.390625 0.335938 0.398438 0.343750 0.400391 0.343750 0.404297 0.347656 0.406250 0.347656 0.408203 0.349609 0.410156 0.349609 0.412109 0.351562 0.416016 0.351562 0.417969 0.353516 0.421875 0.353516 0.425781 0.349609 0.427734 0.349609 0.429688 0.347656 0.437500 0.347656 0.439453 0.345703 0.445312 0.345703 0.447266 0.347656 0.449219 0.347656 0.451172 0.349609 0.455078 0.345703 0.457031 0.345703 0.460938 0.341797 0.462891 0.341797 0.462891 0.339844 0.466797 0.335938 0.466797 0.333984 0.470703 0.330078 0.470703 0.328125 0.472656 0.326172 0.472656 0.310547 0.470703 0.308594 0.470703 0.302734 0.466797 0.298828 0.466797 0.296875 0.464844 0.294922 0.464844 0.292969 0.462891 0.292969 0.457031 0.287109 0.453125 0.287109 0.449219 0.283203 0.447266 0.283203 0.441406 0.277344 0.439453 0.277344 0.437500 0.275391 0.435547 0.275391 0.433594 0.273438
0 0.767578 0.287109 0.765625 0.289062 0.763672 0.289062 0.761719 0.291016 0.759766 0.291016 0.759766 0.300781 0.761719 0.302734 0.761719 0.304688 0.779297 0.322266 0.781250 0.322266 0.783203 0.324219 0.783203 0.326172 0.787109 0.330078 0.789062 0.330078 0.792969 0.333984 0.792969 0.335938 0.796875 0.339844 0.796875 0.341797 0.798828 0.341797 0.800781 0.343750 0.804688 0.343750 0.806641 0.345703 0.808594 0.345703 0.810547 0.343750 0.812500 0.343750 0.812500 0.341797 0.814453 0.339844 0.814453 0.324219 0.812500 0.322266 0.812500 0.316406 0.810547 0.314453 0.810547 0.312500 0.808594 0.310547 0.808594 0.308594 0.806641 0.306641 0.806641 0.304688 0.796875 0.294922 0.794922 0.294922 0.791016 0.291016 0.789062 0.291016 0.787109 0.289062 0.783203 0.289062 0.781250 0.287109
0 0.552734 0.298828 0.550781 0.300781 0.548828 0.300781 0.546875 0.302734 0.546875 0.304688 0.544922 0.306641 0.544922 0.308594 0.542969 0.310547 0.542969 0.312500 0.541016 0.314453 0.541016 0.320312 0.542969 0.322266 0.542969 0.324219 0.544922 0.326172 0.544922 0.328125 0.546875 0.328125 0.548828 0.330078 0.548828 0.332031 0.550781 0.332031 0.552734 0.333984 0.552734 0.335938 0.554688 0.335938 0.556641 0.337891 0.556641 0.339844 0.558594 0.339844 0.560547 0.341797 0.562500 0.341797 0.564453 0.343750 0.566406 0.343750 0.568359 0.345703 0.570312 0.345703 0.576172 0.351562 0.599609 0.351562 0.603516 0.347656 0.603516 0.345703 0.605469 0.343750 0.605469 0.318359 0.603516 0.316406 0.603516 0.314453 0.601562 0.312500 0.601562 0.310547 0.599609 0.310547 0.595703 0.306641 0.593750 0.306641 0.589844 0.302734 0.587891 0.302734 0.585938 0.300781 0.583984 0.300781 0.582031 0.298828
0 0.650391 0.310547 0.648438 0.312500 0.646484 0.312500 0.644531 0.314453 0.642578 0.314453 0.642578 0.316406 0.636719 0.322266 0.636719 0.332031 0.634766 0.333984 0.634766 0.341797 0.636719 0.343750 0.636719 0.357422 0.638672 0.359375 0.638672 0.365234 0.642578 0.369141 0.642578 0.378906 0.644531 0.378906 0.646484 0.380859 0.646484 0.382812 0.648438 0.382812 0.650391 0.384766 0.656250 0.384766 0.662109 0.378906 0.664062 0.378906 0.664062 0.376953 0.666016 0.375000 0.667969 0.375000 0.667969 0.373047 0.671875 0.369141 0.671875 0.365234 0.673828 0.363281 0.675781 0.363281 0.675781 0.353516 0.679688 0.349609 0.679688 0.328125 0.675781 0.324219 0.675781 0.320312 0.671875 0.316406 0.671875 0.314453 0.667969 0.310547
0 0.228516 0.306641 0.226562 0.308594 0.224609 0.308594 0.216797 0.316406 0.216797 0.318359 0.212891 0.322266 0.212891 0.324219 0.208984 0.328125 0.208984 0.330078 0.207031 0.332031 0.207031 0.333984 0.205078 0.335938 0.205078 0.337891 0.203125 0.339844 0.203125 0.359375 0.205078 0.361328 0.205078 0.369141 0.207031 0.371094 0.207031 0.373047 0.208984 0.375000 0.208984 0.378906 0.210938 0.380859 0.212891 0.380859 0.220703 0.388672 0.222656 0.388672 0.224609 0.390625 0.236328 0.390625 0.240234 0.386719 0.242188 0.386719 0.242188 0.384766 0.246094 0.380859 0.246094 0.378906 0.248047 0.376953 0.248047 0.375000 0.251953 0.371094 0.251953 0.367188 0.253906 0.365234 0.251953 0.363281 0.251953 0.359375 0.250000 0.357422 0.250000 0.351562 0.248047 0.349609 0.248047 0.332031 0.251953 0.328125 0.251953 0.322266 0.250000 0.320312 0.250000 0.318359 0.246094 0.314453 0.246094 0.312500 0.244141 0.312500 0.240234 0.308594 0.238281 0.308594 0.236328 0.306641
0 0.263672 0.316406 0.253906 0.326172 0.253906 0.328125 0.250000 0.332031 0.250000 0.349609 0.251953 0.351562 0.251953 0.357422 0.253906 0.359375 0.253906 0.363281 0.255859 0.365234 0.255859 0.367188 0.259766 0.371094 0.259766 0.373047 0.263672 0.376953 0.265625 0.376953 0.269531 0.380859 0.287109 0.380859 0.289062 0.378906 0.292969 0.378906 0.294922 0.376953 0.296875 0.376953 0.304688 0.369141 0.304688 0.367188 0.306641 0.365234 0.306641 0.343750 0.304688 0.341797 0.304688 0.337891 0.302734 0.335938 0.302734 0.333984 0.298828 0.330078 0.298828 0.328125 0.292969 0.322266 0.291016 0.322266 0.289062 0.320312 0.287109 0.320312 0.285156 0.318359 0.279297 0.318359 0.277344 0.316406
0 0.933594 0.306641 0.929688 0.310547 0.927734 0.310547 0.923828 0.314453 0.923828 0.322266 0.921875 0.324219 0.921875 0.335938 0.919922 0.337891 0.919922 0.363281 0.921875 0.365234 0.921875 0.367188 0.923828 0.369141 0.923828 0.371094 0.925781 0.373047 0.925781 0.375000 0.927734 0.376953 0.927734 0.378906 0.929688 0.378906 0.931641 0.380859 0.931641 0.382812 0.935547 0.386719 0.937500 0.386719 0.941406 0.390625 0.945312 0.390625 0.949219 0.394531 0.951172 0.394531 0.955078 0.398438 0.960938 0.398438 0.962891 0.396484 0.964844 0.396484 0.976562 0.384766 0.976562 0.382812 0.980469 0.378906 0.980469 0.376953 0.982422 0.375000 0.982422 0.373047 0.984375 0.371094 0.984375 0.330078 0.982422 0.328125 0.982422 0.326172 0.980469 0.324219 0.980469 0.322266 0.978516 0.322266 0.976562 0.320312 0.976562 0.318359 0.966797 0.308594 0.964844 0.308594 0.962891 0.306641
0 0.101562 0.333984 0.099609 0.335938 0.095703 0.335938 0.093750 0.337891 0.091797 0.337891 0.089844 0.339844 0.089844 0.341797 0.087891 0.343750 0.087891 0.345703 0.085938 0.347656 0.085938 0.349609 0.083984 0.351562 0.083984 0.353516 0.082031 0.355469 0.082031 0.361328 0.080078 0.363281 0.080078 0.369141 0.082031 0.371094 0.082031 0.376953 0.085938 0.380859 0.087891 0.380859 0.089844 0.378906 0.089844 0.376953 0.091797 0.375000 0.091797 0.371094 0.093750 0.369141 0.093750 0.367188 0.097656 0.363281 0.097656 0.361328 0.099609 0.359375 0.099609 0.357422 0.103516 0.353516 0.103516 0.351562 0.113281 0.341797 0.115234 0.341797 0.117188 0.339844 0.117188 0.337891 0.115234 0.335938 0.111328 0.335938 0.109375 0.333984
0 0.496094 0.349609 0.494141 0.351562 0.488281 0.351562 0.484375 0.355469 0.484375 0.363281 0.488281 0.367188 0.492188 0.367188 0.494141 0.369141 0.496094 0.369141 0.496094 0.367188 0.498047 0.365234 0.500000 0.365234 0.501953 0.363281 0.503906 0.363281 0.505859 0.361328 0.507812 0.361328 0.509766 0.359375 0.513672 0.359375 0.513672 0.357422 0.505859 0.349609
0 0.472656 0.353516 0.468750 0.357422 0.468750 0.359375 0.466797 0.361328 0.480469 0.375000 0.480469 0.376953 0.480469 0.357422 0.478516 0.355469 0.478516 0.353516
0 0.439453 0.347656 0.437500 0.349609 0.429688 0.349609 0.427734 0.351562 0.425781 0.351562 0.419922 0.357422 0.419922 0.359375 0.416016 0.363281 0.416016 0.365234 0.414062 0.367188 0.414062 0.369141 0.412109 0.371094 0.412109 0.384766 0.414062 0.386719 0.414062 0.388672 0.416016 0.388672 0.419922 0.392578 0.421875 0.392578 0.427734 0.398438 0.447266 0.398438 0.449219 0.400391 0.453125 0.400391 0.455078 0.402344 0.457031 0.402344 0.458984 0.404297 0.466797 0.404297 0.470703 0.400391 0.472656 0.400391 0.480469 0.392578 0.480469 0.378906 0.478516 0.376953 0.478516 0.375000 0.462891 0.359375 0.460938 0.359375 0.453125 0.351562 0.451172 0.351562 0.449219 0.349609 0.447266 0.349609 0.445312 0.347656
0 0.156250 0.326172 0.154297 0.328125 0.148438 0.328125 0.146484 0.330078 0.144531 0.330078 0.142578 0.332031 0.138672 0.332031 0.136719 0.333984 0.132812 0.333984 0.130859 0.335938 0.126953 0.335938 0.125000 0.337891 0.123047 0.337891 0.121094 0.339844 0.119141 0.339844 0.115234 0.343750 0.113281 0.343750 0.105469 0.351562 0.105469 0.353516 0.101562 0.357422 0.101562 0.359375 0.099609 0.361328 0.099609 0.363281 0.095703 0.367188 0.095703 0.369141 0.093750 0.371094 0.093750 0.375000 0.091797 0.376953 0.091797 0.378906 0.087891 0.382812 0.087891 0.386719 0.085938 0.388672 0.085938 0.427734 0.087891 0.429688 0.087891 0.433594 0.093750 0.439453 0.095703 0.439453 0.097656 0.441406 0.099609 0.441406 0.101562 0.443359 0.111328 0.443359 0.113281 0.441406 0.119141 0.441406 0.121094 0.439453 0.123047 0.439453 0.125000 0.437500 0.126953 0.437500 0.128906 0.435547 0.130859 0.435547 0.142578 0.423828 0.142578 0.421875 0.144531 0.419922 0.146484 0.419922 0.152344 0.414062 0.154297 0.414062 0.158203 0.410156 0.160156 0.410156 0.160156 0.408203 0.166016 0.402344 0.166016 0.400391 0.173828 0.392578 0.173828 0.390625 0.177734 0.386719 0.177734 0.384766 0.183594 0.378906 0.183594 0.376953 0.185547 0.375000 0.187500 0.375000 0.197266 0.365234 0.197266 0.351562 0.195312 0.349609 0.195312 0.347656 0.193359 0.345703 0.193359 0.343750 0.181641 0.332031 0.179688 0.332031 0.177734 0.330078 0.175781 0.330078 0.173828 0.328125 0.171875 0.328125 0.169922 0.326172
0 0.769531 0.355469 0.767578 0.357422 0.765625 0.357422 0.759766 0.363281 0.759766 0.365234 0.753906 0.371094 0.753906 0.384766 0.755859 0.386719 0.755859 0.390625 0.757812 0.392578 0.757812 0.394531 0.761719 0.398438 0.761719 0.400391 0.763672 0.402344 0.763672 0.404297 0.775391 0.416016 0.777344 0.416016 0.779297 0.417969 0.781250 0.417969 0.783203 0.419922 0.792969 0.419922 0.794922 0.417969 0.798828 0.417969 0.802734 0.414062 0.804688 0.414062 0.806641 0.412109 0.808594 0.412109 0.810547 0.410156 0.810547 0.408203 0.814453 0.404297 0.814453 0.384766 0.812500 0.382812 0.812500 0.380859 0.810547 0.378906 0.810547 0.376953 0.806641 0.373047 0.806641 0.371094 0.798828 0.363281 0.796875 0.363281 0.792969 0.359375 0.791016 0.359375 0.789062 0.357422 0.783203 0.357422 0.781250 0.355469
0 0.509766 0.361328 0.507812 0.363281 0.505859 0.363281 0.503906 0.365234 0.501953 0.365234 0.500000 0.367188 0.498047 0.367188 0.498047 0.373047 0.496094 0.375000 0.496094 0.376953 0.494141 0.378906 0.494141 0.402344 0.496094 0.404297 0.496094 0.406250 0.498047 0.408203 0.498047 0.410156 0.500000 0.410156 0.501953 0.412109 0.501953 0.414062 0.505859 0.417969 0.507812 0.417969 0.511719 0.421875 0.541016 0.421875 0.544922 0.417969 0.546875 0.417969 0.546875 0.416016 0.550781 0.412109 0.550781 0.402344 0.552734 0.400391 0.552734 0.376953 0.550781 0.375000 0.550781 0.373047 0.542969 0.365234 0.541016 0.365234 0.539062 0.363281 0.537109 0.363281 0.535156 0.361328
0 0.376953 0.388672 0.375000 0.390625 0.373047 0.390625 0.373047 0.394531 0.371094 0.396484 0.371094 0.398438 0.369141 0.400391 0.369141 0.402344 0.367188 0.404297 0.367188 0.406250 0.365234 0.408203 0.365234 0.421875 0.367188 0.423828 0.367188 0.425781 0.369141 0.427734 0.369141 0.429688 0.371094 0.429688 0.373047 0.431641 0.373047 0.433594 0.376953 0.437500 0.378906 0.437500 0.380859 0.439453 0.382812 0.439453 0.384766 0.441406 0.402344 0.441406 0.404297 0.439453 0.406250 0.439453 0.410156 0.435547 0.410156 0.433594 0.414062 0.429688 0.414062 0.425781 0.416016 0.423828 0.416016 0.414062 0.414062 0.412109 0.414062 0.404297 0.410156 0.400391 0.410156 0.396484 0.408203 0.396484 0.404297 0.392578 0.402344 0.392578 0.398438 0.388672
0 0.248047 0.384766 0.246094 0.386719 0.244141 0.386719 0.242188 0.388672 0.240234 0.388672 0.236328 0.392578 0.234375 0.392578 0.226562 0.400391 0.222656 0.400391 0.218750 0.404297 0.214844 0.404297 0.214844 0.408203 0.212891 0.410156 0.212891 0.416016 0.216797 0.419922 0.216797 0.421875 0.220703 0.425781 0.220703 0.427734 0.224609 0.431641 0.224609 0.433594 0.226562 0.433594 0.228516 0.435547 0.228516 0.437500 0.232422 0.441406 0.234375 0.441406 0.238281 0.445312 0.240234 0.445312 0.244141 0.449219 0.246094 0.449219 0.248047 0.451172 0.250000 0.451172 0.251953 0.453125 0.261719 0.453125 0.263672 0.455078 0.265625 0.455078 0.267578 0.457031 0.285156 0.457031 0.287109 0.455078 0.289062 0.455078 0.292969 0.451172 0.292969 0.445312 0.294922 0.443359 0.294922 0.427734 0.292969 0.425781 0.292969 0.419922 0.291016 0.419922 0.289062 0.417969 0.289062 0.414062 0.285156 0.410156 0.285156 0.408203 0.283203 0.408203 0.281250 0.406250 0.281250 0.404297 0.273438 0.396484 0.271484 0.396484 0.269531 0.394531 0.269531 0.392578 0.267578 0.392578 0.265625 0.390625 0.263672 0.390625 0.261719 0.388672 0.259766 0.388672 0.257812 0.386719 0.257812 0.384766
0 0.474609 0.427734 0.472656 0.429688 0.468750 0.429688 0.466797 0.431641 0.462891 0.431641 0.458984 0.435547 0.457031 0.435547 0.453125 0.439453 0.451172 0.439453 0.447266 0.443359 0.447266 0.451172 0.449219 0.453125 0.476562 0.453125 0.480469 0.449219 0.482422 0.449219 0.484375 0.447266 0.484375 0.445312 0.492188 0.437500 0.492188 0.427734
0 0.892578 0.425781 0.890625 0.427734 0.884766 0.427734 0.873047 0.439453 0.873047 0.451172 0.876953 0.455078 0.876953 0.458984 0.878906 0.458984 0.880859 0.460938 0.882812 0.460938 0.884766 0.462891 0.884766 0.464844 0.886719 0.464844 0.888672 0.466797 0.888672 0.470703 0.892578 0.474609 0.892578 0.484375 0.894531 0.486328 0.894531 0.490234 0.898438 0.494141 0.898438 0.496094 0.900391 0.498047 0.900391 0.500000 0.902344 0.500000 0.904297 0.501953 0.904297 0.503906 0.906250 0.503906 0.908203 0.505859 0.910156 0.505859 0.912109 0.507812 0.925781 0.507812 0.927734 0.505859 0.931641 0.505859 0.933594 0.503906 0.937500 0.503906 0.939453 0.501953 0.941406 0.501953 0.947266 0.496094 0.947266 0.494141 0.949219 0.492188 0.949219 0.490234 0.951172 0.488281 0.953125 0.488281 0.953125 0.460938 0.949219 0.457031 0.949219 0.451172 0.937500 0.439453 0.935547 0.439453 0.933594 0.437500 0.933594 0.435547 0.931641 0.435547 0.927734 0.431641 0.923828 0.431641 0.921875 0.429688 0.919922 0.429688 0.917969 0.427734 0.914062 0.427734 0.912109 0.425781
0 0.712891 0.435547 0.710938 0.437500 0.708984 0.437500 0.707031 0.439453 0.705078 0.439453 0.705078 0.441406 0.701172 0.445312 0.701172 0.447266 0.697266 0.451172 0.697266 0.457031 0.695312 0.458984 0.695312 0.462891 0.693359 0.464844 0.693359 0.480469 0.695312 0.482422 0.695312 0.486328 0.697266 0.488281 0.697266 0.490234 0.701172 0.494141 0.701172 0.496094 0.703125 0.496094 0.710938 0.503906 0.712891 0.503906 0.716797 0.507812 0.718750 0.507812 0.720703 0.509766 0.738281 0.509766 0.740234 0.507812 0.746094 0.507812 0.748047 0.505859 0.750000 0.505859 0.755859 0.500000 0.757812 0.500000 0.757812 0.498047 0.759766 0.496094 0.761719 0.496094 0.761719 0.494141 0.763672 0.492188 0.765625 0.492188 0.765625 0.472656 0.761719 0.468750 0.761719 0.466797 0.757812 0.462891 0.757812 0.460938 0.753906 0.457031 0.753906 0.455078 0.751953 0.455078 0.746094 0.449219 0.744141 0.449219 0.742188 0.447266 0.740234 0.447266 0.738281 0.445312 0.738281 0.443359 0.736328 0.443359 0.732422 0.439453 0.730469 0.439453 0.728516 0.437500 0.724609 0.437500 0.722656 0.435547
0 0.830078 0.435547 0.828125 0.437500 0.822266 0.437500 0.820312 0.439453 0.812500 0.439453 0.810547 0.441406 0.810547 0.449219 0.818359 0.457031 0.818359 0.460938 0.820312 0.462891 0.820312 0.464844 0.822266 0.466797 0.822266 0.468750 0.824219 0.470703 0.824219 0.472656 0.826172 0.474609 0.826172 0.484375 0.828125 0.486328 0.828125 0.492188 0.830078 0.494141 0.830078 0.507812 0.832031 0.509766 0.832031 0.511719 0.833984 0.513672 0.833984 0.515625 0.835938 0.515625 0.837891 0.517578 0.837891 0.519531 0.839844 0.521484 0.843750 0.521484 0.845703 0.523438 0.863281 0.523438 0.867188 0.519531 0.867188 0.517578 0.869141 0.515625 0.871094 0.515625 0.871094 0.513672 0.875000 0.509766 0.875000 0.503906 0.876953 0.501953 0.876953 0.500000 0.878906 0.498047 0.878906 0.486328 0.880859 0.484375 0.880859 0.466797 0.878906 0.464844 0.878906 0.462891 0.875000 0.458984 0.875000 0.457031 0.869141 0.451172 0.867188 0.451172 0.863281 0.447266 0.861328 0.447266 0.859375 0.445312 0.857422 0.445312 0.855469 0.443359 0.853516 0.443359 0.849609 0.439453 0.845703 0.439453 0.843750 0.437500 0.839844 0.437500 0.837891 0.435547
0 0.095703 0.453125 0.085938 0.462891 0.083984 0.462891 0.083984 0.478516 0.085938 0.480469 0.085938 0.486328 0.087891 0.488281 0.087891 0.496094 0.093750 0.501953 0.093750 0.503906 0.099609 0.509766 0.099609 0.511719 0.103516 0.511719 0.107422 0.515625 0.121094 0.515625 0.125000 0.511719 0.125000 0.509766 0.126953 0.507812 0.128906 0.507812 0.128906 0.501953 0.130859 0.500000 0.130859 0.498047 0.132812 0.496094 0.132812 0.492188 0.136719 0.488281 0.136719 0.484375 0.140625 0.480469 0.140625 0.470703 0.138672 0.468750 0.138672 0.466797 0.136719 0.464844 0.136719 0.462891 0.134766 0.460938 0.134766 0.458984 0.130859 0.458984 0.128906 0.457031 0.125000 0.457031 0.123047 0.455078 0.115234 0.455078 0.113281 0.453125
0 0.167969 0.445312 0.166016 0.447266 0.162109 0.447266 0.160156 0.449219 0.158203 0.449219 0.158203 0.451172 0.156250 0.453125 0.156250 0.455078 0.154297 0.457031 0.154297 0.460938 0.152344 0.462891 0.152344 0.466797 0.150391 0.468750 0.150391 0.515625 0.152344 0.517578 0.152344 0.519531 0.154297 0.521484 0.154297 0.523438 0.156250 0.523438 0.158203 0.525391 0.158203 0.527344 0.162109 0.527344 0.166016 0.531250 0.167969 0.531250 0.171875 0.535156 0.175781 0.535156 0.177734 0.537109 0.177734 0.539062 0.193359 0.539062 0.195312 0.537109 0.199219 0.537109 0.201172 0.535156 0.203125 0.535156 0.207031 0.531250 0.207031 0.527344 0.208984 0.525391 0.208984 0.521484 0.210938 0.519531 0.210938 0.513672 0.212891 0.511719 0.212891 0.484375 0.210938 0.482422 0.210938 0.476562 0.208984 0.474609 0.208984 0.472656 0.203125 0.466797 0.203125 0.464844 0.199219 0.460938 0.197266 0.460938 0.193359 0.457031 0.191406 0.457031 0.189453 0.455078 0.187500 0.455078 0.183594 0.451172 0.181641 0.451172 0.177734 0.447266 0.175781 0.447266 0.173828 0.445312
0 0.025391 0.476562 0.023438 0.478516 0.021484 0.478516 0.019531 0.480469 0.017578 0.480469 0.013672 0.484375 0.013672 0.486328 0.011719 0.488281 0.011719 0.490234 0.007812 0.494141 0.007812 0.496094 0.005859 0.498047 0.005859 0.507812 0.007812 0.509766 0.007812 0.513672 0.009766 0.515625 0.009766 0.517578 0.011719 0.517578 0.015625 0.521484 0.017578 0.521484 0.019531 0.523438 0.021484 0.523438 0.025391 0.527344 0.029297 0.527344 0.031250 0.529297 0.037109 0.529297 0.039062 0.527344 0.042969 0.527344 0.048828 0.521484 0.048828 0.517578 0.050781 0.515625 0.050781 0.505859 0.048828 0.503906 0.048828 0.490234 0.046875 0.488281 0.046875 0.484375 0.044922 0.482422 0.044922 0.480469 0.042969 0.478516 0.042969 0.476562
0 0.310547 0.494141 0.308594 0.496094 0.304688 0.496094 0.302734 0.498047 0.296875 0.498047 0.292969 0.501953 0.287109 0.501953 0.285156 0.503906 0.283203 0.503906 0.281250 0.505859 0.277344 0.505859 0.273438 0.509766 0.271484 0.509766 0.267578 0.513672 0.265625 0.513672 0.261719 0.517578 0.261719 0.519531 0.255859 0.525391 0.255859 0.535156 0.257812 0.537109 0.257812 0.539062 0.259766 0.541016 0.259766 0.542969 0.263672 0.546875 0.263672 0.548828 0.271484 0.556641 0.271484 0.558594 0.273438 0.558594 0.275391 0.560547 0.275391 0.562500 0.277344 0.562500 0.283203 0.568359 0.285156 0.568359 0.287109 0.570312 0.289062 0.570312 0.291016 0.572266 0.294922 0.572266 0.296875 0.570312 0.302734 0.570312 0.308594 0.564453 0.308594 0.562500 0.312500 0.558594 0.312500 0.550781 0.314453 0.548828 0.314453 0.544922 0.316406 0.542969 0.316406 0.537109 0.318359 0.535156 0.318359 0.533203 0.320312 0.531250 0.320312 0.523438 0.322266 0.521484 0.322266 0.517578 0.324219 0.515625 0.324219 0.513672 0.328125 0.509766 0.328125 0.494141
0 0.359375 0.492188 0.357422 0.494141 0.355469 0.494141 0.353516 0.496094 0.353516 0.500000 0.345703 0.507812 0.345703 0.509766 0.343750 0.511719 0.343750 0.513672 0.341797 0.515625 0.341797 0.517578 0.337891 0.521484 0.337891 0.523438 0.335938 0.525391 0.335938 0.527344 0.333984 0.529297 0.333984 0.537109 0.335938 0.539062 0.335938 0.541016 0.337891 0.542969 0.337891 0.544922 0.341797 0.548828 0.341797 0.550781 0.343750 0.550781 0.347656 0.554688 0.347656 0.556641 0.349609 0.556641 0.353516 0.560547 0.355469 0.560547 0.361328 0.566406 0.363281 0.566406 0.367188 0.570312 0.369141 0.570312 0.371094 0.572266 0.373047 0.572266 0.375000 0.574219 0.378906 0.574219 0.382812 0.570312 0.382812 0.568359 0.384766 0.566406 0.384766 0.562500 0.386719 0.560547 0.386719 0.535156 0.384766 0.533203 0.384766 0.527344 0.382812 0.525391 0.382812 0.519531 0.380859 0.517578 0.380859 0.515625 0.378906 0.513672 0.378906 0.511719 0.369141 0.501953 0.369141 0.500000 0.363281 0.494141 0.363281 0.492188
0 0.822266 0.521484 0.822266 0.527344 0.824219 0.529297 0.824219 0.554688 0.826172 0.556641 0.826172 0.562500 0.828125 0.564453 0.828125 0.568359 0.830078 0.570312 0.830078 0.576172 0.832031 0.578125 0.832031 0.580078 0.833984 0.582031 0.833984 0.585938 0.835938 0.587891 0.835938 0.589844 0.837891 0.591797 0.837891 0.593750 0.839844 0.595703 0.839844 0.601562 0.841797 0.603516 0.841797 0.609375 0.845703 0.613281 0.845703 0.615234 0.847656 0.617188 0.849609 0.617188 0.853516 0.621094 0.855469 0.621094 0.857422 0.623047 0.861328 0.623047 0.863281 0.621094 0.867188 0.621094 0.876953 0.611328 0.876953 0.607422 0.878906 0.605469 0.878906 0.599609 0.880859 0.597656 0.880859 0.595703 0.882812 0.593750 0.882812 0.564453 0.880859 0.562500 0.880859 0.560547 0.878906 0.558594 0.878906 0.554688 0.871094 0.546875 0.869141 0.546875 0.867188 0.544922 0.865234 0.544922 0.861328 0.541016 0.859375 0.541016 0.855469 0.537109 0.851562 0.537109 0.847656 0.533203 0.845703 0.533203 0.843750 0.531250 0.843750 0.529297 0.841797 0.529297 0.839844 0.527344 0.837891 0.527344 0.835938 0.525391 0.833984 0.525391 0.832031 0.523438 0.830078 0.523438 0.828125 0.521484
0 0.705078 0.544922 0.705078 0.546875 0.703125 0.548828 0.701172 0.548828 0.701172 0.552734 0.697266 0.556641 0.697266 0.558594 0.695312 0.560547 0.695312 0.562500 0.693359 0.564453 0.693359 0.566406 0.691406 0.568359 0.689453 0.568359 0.689453 0.585938 0.691406 0.587891 0.691406 0.589844 0.693359 0.591797 0.693359 0.593750 0.695312 0.595703 0.695312 0.597656 0.701172 0.603516 0.701172 0.605469 0.703125 0.605469 0.708984 0.611328 0.710938 0.611328 0.712891 0.613281 0.722656 0.613281 0.726562 0.609375 0.726562 0.572266 0.730469 0.568359 0.730469 0.566406 0.732422 0.564453 0.732422 0.556641 0.730469 0.554688 0.730469 0.552734 0.726562 0.548828 0.724609 0.548828 0.722656 0.546875 0.720703 0.546875 0.718750 0.544922
0 0.408203 0.541016 0.406250 0.542969 0.404297 0.542969 0.394531 0.552734 0.394531 0.554688 0.392578 0.556641 0.392578 0.558594 0.390625 0.560547 0.390625 0.562500 0.388672 0.564453 0.388672 0.570312 0.386719 0.572266 0.386719 0.585938 0.388672 0.587891 0.388672 0.593750 0.392578 0.597656 0.392578 0.599609 0.398438 0.605469 0.402344 0.605469 0.404297 0.607422 0.404297 0.609375 0.406250 0.609375 0.408203 0.611328 0.410156 0.611328 0.412109 0.613281 0.414062 0.613281 0.416016 0.615234 0.417969 0.615234 0.419922 0.617188 0.421875 0.617188 0.425781 0.621094 0.441406 0.621094 0.445312 0.617188 0.445312 0.615234 0.447266 0.613281 0.449219 0.613281 0.449219 0.607422 0.451172 0.605469 0.453125 0.605469 0.453125 0.603516 0.455078 0.601562 0.455078 0.599609 0.457031 0.597656 0.457031 0.595703 0.458984 0.593750 0.460938 0.593750 0.460938 0.578125 0.457031 0.574219 0.457031 0.572266 0.455078 0.572266 0.453125 0.570312 0.453125 0.568359 0.451172 0.568359 0.449219 0.566406 0.449219 0.564453 0.447266 0.564453 0.445312 0.562500 0.445312 0.560547 0.443359 0.560547 0.441406 0.558594 0.439453 0.558594 0.433594 0.552734 0.431641 0.552734 0.427734 0.548828 0.425781 0.548828 0.417969 0.541016
0 0.123047 0.568359 0.121094 0.570312 0.119141 0.570312 0.115234 0.574219 0.115234 0.578125 0.113281 0.580078 0.113281 0.582031 0.111328 0.583984 0.111328 0.595703 0.115234 0.599609 0.123047 0.599609 0.126953 0.595703 0.128906 0.595703 0.130859 0.593750 0.132812 0.593750 0.134766 0.591797 0.136719 0.591797 0.140625 0.587891 0.140625 0.580078 0.138672 0.578125 0.138672 0.574219 0.134766 0.570312 0.132812 0.570312 0.130859 0.568359
0 0.179688 0.552734 0.177734 0.554688 0.173828 0.554688 0.171875 0.556641 0.169922 0.556641 0.167969 0.558594 0.166016 0.558594 0.164062 0.560547 0.158203 0.560547 0.154297 0.564453 0.154297 0.576172 0.158203 0.580078 0.158203 0.582031 0.162109 0.585938 0.162109 0.587891 0.166016 0.591797 0.166016 0.625000 0.169922 0.628906 0.175781 0.628906 0.177734 0.626953 0.179688 0.626953 0.183594 0.623047 0.183594 0.621094 0.193359 0.611328 0.195312 0.611328 0.197266 0.609375 0.199219 0.609375 0.199219 0.607422 0.201172 0.605469 0.205078 0.605469 0.210938 0.599609 0.210938 0.595703 0.212891 0.593750 0.214844 0.593750 0.214844 0.572266 0.210938 0.568359 0.210938 0.566406 0.207031 0.562500 0.207031 0.560547 0.203125 0.560547 0.199219 0.556641 0.195312 0.556641 0.193359 0.554688 0.189453 0.554688 0.187500 0.552734
0 0.777344 0.552734 0.775391 0.554688 0.771484 0.554688 0.769531 0.556641 0.763672 0.556641 0.759766 0.560547 0.759766 0.562500 0.755859 0.566406 0.755859 0.601562 0.757812 0.603516 0.757812 0.609375 0.759766 0.611328 0.759766 0.613281 0.763672 0.617188 0.763672 0.619141 0.767578 0.623047 0.767578 0.625000 0.769531 0.625000 0.773438 0.628906 0.777344 0.628906 0.779297 0.630859 0.781250 0.630859 0.783203 0.632812 0.792969 0.632812 0.794922 0.634766 0.796875 0.634766 0.798828 0.636719 0.824219 0.636719 0.824219 0.634766 0.826172 0.632812 0.828125 0.632812 0.828125 0.630859 0.832031 0.626953 0.832031 0.587891 0.830078 0.585938 0.830078 0.583984 0.828125 0.582031 0.828125 0.580078 0.826172 0.578125 0.826172 0.576172 0.820312 0.570312 0.820312 0.568359 0.818359 0.568359 0.814453 0.564453 0.812500 0.564453 0.808594 0.560547 0.806641 0.560547 0.804688 0.558594 0.802734 0.558594 0.800781 0.556641 0.792969 0.556641 0.791016 0.554688 0.787109 0.554688 0.785156 0.552734
0 0.005859 0.572266 0.001953 0.576172 0.001953 0.578125 0.000000 0.580078 0.000000 0.628906 0.003906 0.628906 0.007812 0.632812 0.025391 0.632812 0.027344 0.630859 0.031250 0.630859 0.033203 0.628906 0.039062 0.628906 0.041016 0.626953 0.042969 0.626953 0.044922 0.625000 0.046875 0.625000 0.046875 0.623047 0.048828 0.621094 0.050781 0.621094 0.050781 0.619141 0.054688 0.615234 0.054688 0.593750 0.050781 0.589844 0.050781 0.587891 0.039062 0.576172 0.037109 0.576172 0.033203 0.572266
0 0.664062 0.605469 0.662109 0.607422 0.660156 0.607422 0.654297 0.613281 0.654297 0.615234 0.652344 0.617188 0.652344 0.619141 0.650391 0.621094 0.650391 0.648438 0.652344 0.650391 0.652344 0.652344 0.654297 0.654297 0.654297 0.656250 0.662109 0.664062 0.664062 0.664062 0.666016 0.666016 0.666016 0.667969 0.669922 0.671875 0.671875 0.671875 0.675781 0.675781 0.677734 0.675781 0.679688 0.677734 0.693359 0.677734 0.695312 0.675781 0.695312 0.626953 0.693359 0.625000 0.693359 0.619141 0.691406 0.617188 0.691406 0.613281 0.689453 0.613281 0.687500 0.611328 0.685547 0.611328 0.683594 0.609375 0.683594 0.607422 0.677734 0.607422 0.675781 0.605469
0 0.208984 0.615234 0.207031 0.617188 0.205078 0.617188 0.203125 0.619141 0.199219 0.619141 0.199219 0.621094 0.197266 0.623047 0.195312 0.623047 0.191406 0.626953 0.189453 0.626953 0.187500 0.628906 0.187500 0.630859 0.185547 0.632812 0.185547 0.634766 0.183594 0.636719 0.183594 0.667969 0.185547 0.669922 0.185547 0.671875 0.187500 0.671875 0.189453 0.673828 0.189453 0.675781 0.197266 0.683594 0.199219 0.683594 0.203125 0.687500 0.207031 0.687500 0.208984 0.689453 0.222656 0.689453 0.224609 0.687500 0.226562 0.687500 0.228516 0.685547 0.230469 0.685547 0.230469 0.683594 0.234375 0.679688 0.234375 0.677734 0.236328 0.675781 0.236328 0.671875 0.238281 0.669922 0.238281 0.662109 0.240234 0.660156 0.240234 0.656250 0.242188 0.654297 0.242188 0.636719 0.238281 0.632812 0.238281 0.630859 0.232422 0.625000 0.232422 0.623047 0.230469 0.623047 0.226562 0.619141 0.224609 0.619141 0.220703 0.615234
0 0.759766 0.640625 0.757812 0.642578 0.755859 0.642578 0.751953 0.646484 0.750000 0.646484 0.746094 0.650391 0.746094 0.652344 0.744141 0.654297 0.744141 0.656250 0.742188 0.658203 0.742188 0.681641 0.744141 0.683594 0.744141 0.695312 0.746094 0.695312 0.748047 0.697266 0.748047 0.699219 0.750000 0.699219 0.753906 0.703125 0.755859 0.703125 0.759766 0.707031 0.761719 0.707031 0.763672 0.708984 0.765625 0.708984 0.767578 0.710938 0.769531 0.710938 0.771484 0.712891 0.785156 0.712891 0.787109 0.710938 0.791016 0.710938 0.794922 0.707031 0.796875 0.707031 0.796875 0.705078 0.798828 0.703125 0.798828 0.701172 0.800781 0.699219 0.800781 0.695312 0.802734 0.693359 0.802734 0.677734 0.800781 0.675781 0.800781 0.669922 0.798828 0.667969 0.798828 0.666016 0.792969 0.660156 0.792969 0.658203 0.789062 0.654297 0.789062 0.652344 0.787109 0.652344 0.785156 0.650391 0.785156 0.648438 0.783203 0.648438 0.777344 0.642578 0.773438 0.642578 0.771484 0.640625
0 0.273438 0.667969 0.271484 0.669922 0.267578 0.669922 0.263672 0.673828 0.259766 0.673828 0.259766 0.675781 0.257812 0.677734 0.255859 0.677734 0.250000 0.683594 0.250000 0.685547 0.248047 0.687500 0.248047 0.689453 0.246094 0.691406 0.246094 0.693359 0.244141 0.695312 0.244141 0.699219 0.242188 0.701172 0.242188 0.710938 0.244141 0.712891 0.244141 0.716797 0.246094 0.716797 0.248047 0.718750 0.248047 0.720703 0.250000 0.720703 0.251953 0.722656 0.257812 0.722656 0.259766 0.724609 0.265625 0.724609 0.267578 0.726562 0.283203 0.726562 0.285156 0.724609 0.287109 0.724609 0.289062 0.722656 0.291016 0.722656 0.298828 0.714844 0.298828 0.712891 0.300781 0.710938 0.300781 0.708984 0.302734 0.707031 0.302734 0.705078 0.304688 0.703125 0.304688 0.677734 0.302734 0.677734 0.300781 0.675781 0.300781 0.673828 0.298828 0.673828 0.294922 0.669922 0.287109 0.669922 0.285156 0.667969
0 0.042969 0.669922 0.041016 0.671875 0.033203 0.671875 0.031250 0.673828 0.027344 0.673828 0.023438 0.677734 0.021484 0.677734 0.013672 0.685547 0.013672 0.699219 0.017578 0.703125 0.017578 0.705078 0.023438 0.710938 0.025391 0.710938 0.029297 0.714844 0.031250 0.714844 0.033203 0.716797 0.033203 0.718750 0.035156 0.718750 0.037109 0.720703 0.037109 0.722656 0.046875 0.732422 0.046875 0.734375 0.048828 0.736328 0.048828 0.738281 0.050781 0.738281 0.052734 0.740234 0.052734 0.742188 0.056641 0.742188 0.060547 0.746094 0.085938 0.746094 0.087891 0.744141 0.089844 0.744141 0.091797 0.742188 0.093750 0.742188 0.093750 0.740234 0.095703 0.738281 0.097656 0.738281 0.097656 0.736328 0.105469 0.728516 0.105469 0.714844 0.107422 0.712891 0.107422 0.707031 0.105469 0.705078 0.105469 0.701172 0.097656 0.693359 0.097656 0.691406 0.093750 0.687500 0.093750 0.685547 0.091797 0.685547 0.087891 0.681641 0.085938 0.681641 0.082031 0.677734 0.080078 0.677734 0.078125 0.675781 0.076172 0.675781 0.074219 0.673828 0.072266 0.673828 0.070312 0.671875 0.064453 0.671875 0.062500 0.669922
0 0.453125 0.662109 0.451172 0.664062 0.451172 0.666016 0.449219 0.667969 0.449219 0.669922 0.447266 0.671875 0.447266 0.673828 0.445312 0.675781 0.445312 0.677734 0.443359 0.679688 0.443359 0.681641 0.441406 0.683594 0.441406 0.685547 0.439453 0.687500 0.439453 0.693359 0.437500 0.695312 0.437500 0.699219 0.435547 0.701172 0.435547 0.703125 0.433594 0.705078 0.433594 0.708984 0.431641 0.710938 0.431641 0.724609 0.433594 0.726562 0.433594 0.732422 0.435547 0.734375 0.435547 0.736328 0.439453 0.740234 0.439453 0.742188 0.441406 0.742188 0.447266 0.748047 0.449219 0.748047 0.453125 0.751953 0.455078 0.751953 0.457031 0.753906 0.458984 0.753906 0.460938 0.751953 0.462891 0.751953 0.464844 0.750000 0.464844 0.748047 0.468750 0.744141 0.468750 0.740234 0.470703 0.738281 0.470703 0.732422 0.472656 0.730469 0.472656 0.712891 0.474609 0.710938 0.474609 0.703125 0.476562 0.701172 0.476562 0.685547 0.474609 0.683594 0.474609 0.677734 0.472656 0.675781 0.472656 0.673828 0.470703 0.671875 0.470703 0.669922 0.462891 0.662109
0 0.132812 0.693359 0.130859 0.695312 0.126953 0.695312 0.125000 0.697266 0.123047 0.697266 0.123047 0.699219 0.121094 0.701172 0.117188 0.701172 0.115234 0.703125 0.113281 0.703125 0.113281 0.705078 0.111328 0.707031 0.111328 0.710938 0.107422 0.714844 0.107422 0.730469 0.111328 0.734375 0.113281 0.734375 0.115234 0.736328 0.115234 0.738281 0.125000 0.738281 0.126953 0.740234 0.156250 0.740234 0.158203 0.738281 0.166016 0.738281 0.169922 0.734375 0.171875 0.734375 0.171875 0.732422 0.175781 0.728516 0.175781 0.708984 0.173828 0.708984 0.171875 0.707031 0.171875 0.701172 0.167969 0.701172 0.164062 0.697266 0.160156 0.697266 0.158203 0.695312 0.154297 0.695312 0.152344 0.693359
0 0.386719 0.656250 0.384766 0.658203 0.378906 0.658203 0.376953 0.660156 0.371094 0.660156 0.369141 0.662109 0.367188 0.662109 0.365234 0.664062 0.363281 0.664062 0.361328 0.666016 0.359375 0.666016 0.355469 0.669922 0.353516 0.669922 0.353516 0.671875 0.349609 0.675781 0.347656 0.675781 0.347656 0.677734 0.341797 0.683594 0.341797 0.685547 0.335938 0.691406 0.335938 0.693359 0.332031 0.697266 0.332031 0.699219 0.328125 0.703125 0.328125 0.705078 0.326172 0.707031 0.326172 0.722656 0.328125 0.724609 0.328125 0.728516 0.330078 0.730469 0.330078 0.736328 0.332031 0.738281 0.332031 0.740234 0.333984 0.742188 0.333984 0.744141 0.335938 0.746094 0.335938 0.748047 0.337891 0.750000 0.337891 0.751953 0.359375 0.773438 0.361328 0.773438 0.365234 0.777344 0.369141 0.777344 0.371094 0.779297 0.384766 0.779297 0.386719 0.777344 0.390625 0.777344 0.392578 0.775391 0.392578 0.740234 0.394531 0.738281 0.394531 0.708984 0.396484 0.707031 0.396484 0.701172 0.398438 0.699219 0.398438 0.695312 0.402344 0.691406 0.402344 0.689453 0.421875 0.669922 0.421875 0.664062 0.419922 0.662109 0.419922 0.660156 0.417969 0.658203 0.417969 0.656250
0 0.935547 0.679688 0.933594 0.681641 0.931641 0.681641 0.929688 0.683594 0.927734 0.683594 0.927734 0.699219 0.929688 0.701172 0.929688 0.707031 0.931641 0.708984 0.931641 0.716797 0.933594 0.718750 0.933594 0.722656 0.935547 0.724609 0.935547 0.730469 0.951172 0.746094 0.953125 0.746094 0.957031 0.750000 0.960938 0.750000 0.962891 0.751953 0.962891 0.753906 0.970703 0.753906 0.974609 0.757812 0.984375 0.757812 0.986328 0.755859 0.988281 0.755859 0.990234 0.753906 0.994141 0.753906 0.996094 0.751953 0.996094 0.750000 0.998047 0.748047 0.998047 0.693359 0.996094 0.693359 0.992188 0.689453 0.986328 0.689453 0.984375 0.687500 0.982422 0.687500 0.980469 0.685547 0.970703 0.685547 0.968750 0.683594 0.964844 0.683594 0.962891 0.681641 0.953125 0.681641 0.951172 0.679688
0 0.703125 0.699219 0.701172 0.701172 0.693359 0.701172 0.689453 0.705078 0.687500 0.705078 0.677734 0.714844 0.677734 0.716797 0.673828 0.720703 0.673828 0.728516 0.679688 0.734375 0.681641 0.734375 0.685547 0.738281 0.685547 0.740234 0.687500 0.742188 0.687500 0.746094 0.689453 0.748047 0.689453 0.751953 0.691406 0.753906 0.693359 0.753906 0.697266 0.757812 0.701172 0.757812 0.703125 0.755859 0.710938 0.755859 0.712891 0.753906 0.718750 0.753906 0.722656 0.750000 0.724609 0.750000 0.728516 0.746094 0.730469 0.746094 0.734375 0.742188 0.734375 0.740234 0.736328 0.738281 0.738281 0.738281 0.738281 0.728516 0.736328 0.726562 0.736328 0.724609 0.734375 0.722656 0.734375 0.716797 0.732422 0.716797 0.730469 0.714844 0.730469 0.712891 0.728516 0.712891 0.726562 0.710938 0.726562 0.708984 0.724609 0.708984 0.722656 0.707031 0.722656 0.705078 0.720703 0.705078 0.716797 0.701172 0.712891 0.701172 0.710938 0.699219
0 0.849609 0.705078 0.841797 0.712891 0.841797 0.714844 0.839844 0.716797 0.839844 0.722656 0.837891 0.724609 0.837891 0.732422 0.835938 0.734375 0.835938 0.736328 0.833984 0.738281 0.833984 0.742188 0.830078 0.746094 0.830078 0.748047 0.828125 0.750000 0.828125 0.765625 0.830078 0.767578 0.830078 0.771484 0.839844 0.771484 0.841797 0.769531 0.849609 0.769531 0.851562 0.767578 0.853516 0.767578 0.855469 0.765625 0.867188 0.765625 0.871094 0.761719 0.894531 0.761719 0.896484 0.759766 0.900391 0.759766 0.902344 0.757812 0.910156 0.757812 0.914062 0.753906 0.916016 0.753906 0.916016 0.751953 0.917969 0.750000 0.917969 0.740234 0.916016 0.738281 0.916016 0.736328 0.910156 0.730469 0.910156 0.728516 0.908203 0.728516 0.906250 0.726562 0.904297 0.726562 0.902344 0.724609 0.900391 0.724609 0.898438 0.722656 0.896484 0.722656 0.894531 0.720703 0.892578 0.720703 0.888672 0.716797 0.886719 0.716797 0.882812 0.712891 0.880859 0.712891 0.878906 0.710938 0.876953 0.710938 0.875000 0.708984 0.873047 0.708984 0.871094 0.707031 0.869141 0.707031 0.867188 0.705078
0 0.224609 0.716797 0.216797 0.724609 0.216797 0.730469 0.214844 0.732422 0.214844 0.734375 0.212891 0.736328 0.212891 0.740234 0.210938 0.742188 0.210938 0.744141 0.208984 0.746094 0.208984 0.759766 0.210938 0.761719 0.210938 0.765625 0.212891 0.767578 0.212891 0.773438 0.220703 0.781250 0.228516 0.781250 0.232422 0.777344 0.234375 0.777344 0.246094 0.765625 0.246094 0.763672 0.248047 0.761719 0.250000 0.761719 0.250000 0.759766 0.251953 0.757812 0.251953 0.755859 0.253906 0.753906 0.253906 0.730469 0.250000 0.726562 0.250000 0.724609 0.246094 0.720703 0.246094 0.718750 0.244141 0.718750 0.242188 0.716797
0 0.662109 0.730469 0.660156 0.732422 0.656250 0.732422 0.648438 0.740234 0.646484 0.740234 0.634766 0.751953 0.634766 0.761719 0.636719 0.763672 0.636719 0.775391 0.638672 0.777344 0.638672 0.779297 0.642578 0.783203 0.644531 0.783203 0.650391 0.789062 0.652344 0.789062 0.654297 0.791016 0.656250 0.791016 0.658203 0.792969 0.671875 0.792969 0.673828 0.791016 0.675781 0.791016 0.677734 0.789062 0.681641 0.789062 0.683594 0.787109 0.683594 0.785156 0.687500 0.781250 0.687500 0.777344 0.689453 0.775391 0.689453 0.765625 0.687500 0.763672 0.687500 0.748047 0.685547 0.746094 0.685547 0.742188 0.683594 0.740234 0.683594 0.738281 0.681641 0.736328 0.679688 0.736328 0.675781 0.732422 0.671875 0.732422 0.669922 0.730469
0 0.615234 0.736328 0.613281 0.738281 0.607422 0.738281 0.597656 0.748047 0.597656 0.750000 0.593750 0.753906 0.593750 0.755859 0.591797 0.757812 0.591797 0.759766 0.587891 0.763672 0.587891 0.765625 0.585938 0.767578 0.583984 0.767578 0.583984 0.791016 0.587891 0.794922 0.587891 0.796875 0.589844 0.796875 0.591797 0.798828 0.591797 0.800781 0.597656 0.800781 0.599609 0.802734 0.601562 0.802734 0.603516 0.804688 0.609375 0.804688 0.611328 0.806641 0.615234 0.806641 0.617188 0.804688 0.617188 0.787109 0.615234 0.785156 0.615234 0.779297 0.613281 0.777344 0.613281 0.753906 0.617188 0.750000 0.617188 0.748047 0.619141 0.746094 0.619141 0.736328
0 0.273438 0.771484 0.273438 0.773438 0.271484 0.775391 0.271484 0.779297 0.269531 0.781250 0.269531 0.783203 0.267578 0.785156 0.267578 0.789062 0.269531 0.791016 0.269531 0.792969 0.271484 0.794922 0.271484 0.796875 0.273438 0.798828 0.275391 0.798828 0.277344 0.800781 0.287109 0.800781 0.292969 0.794922 0.292969 0.792969 0.296875 0.789062 0.296875 0.773438 0.294922 0.771484
0 0.423828 0.767578 0.419922 0.771484 0.419922 0.773438 0.416016 0.777344 0.416016 0.779297 0.414062 0.781250 0.414062 0.802734 0.416016 0.804688 0.416016 0.806641 0.417969 0.808594 0.417969 0.810547 0.419922 0.812500 0.421875 0.812500 0.423828 0.814453 0.425781 0.814453 0.427734 0.816406 0.429688 0.816406 0.431641 0.818359 0.433594 0.818359 0.435547 0.820312 0.437500 0.820312 0.439453 0.822266 0.447266 0.822266 0.449219 0.820312 0.451172 0.820312 0.455078 0.816406 0.455078 0.806641 0.453125 0.804688 0.453125 0.783203 0.451172 0.781250 0.451172 0.777344 0.445312 0.771484 0.443359 0.771484 0.441406 0.769531 0.437500 0.769531 0.435547 0.767578
0 0.138672 0.773438 0.136719 0.775391 0.134766 0.775391 0.128906 0.781250 0.126953 0.781250 0.117188 0.791016 0.117188 0.792969 0.115234 0.794922 0.115234 0.796875 0.113281 0.798828 0.113281 0.802734 0.111328 0.804688 0.111328 0.814453 0.113281 0.816406 0.113281 0.820312 0.115234 0.822266 0.115234 0.824219 0.117188 0.826172 0.117188 0.828125 0.119141 0.830078 0.119141 0.832031 0.121094 0.832031 0.123047 0.833984 0.123047 0.835938 0.128906 0.835938 0.130859 0.837891 0.132812 0.837891 0.134766 0.839844 0.140625 0.839844 0.142578 0.837891 0.148438 0.837891 0.150391 0.835938 0.154297 0.835938 0.158203 0.832031 0.160156 0.832031 0.162109 0.830078 0.164062 0.830078 0.164062 0.828125 0.166016 0.826172 0.167969 0.826172 0.169922 0.824219 0.171875 0.824219 0.171875 0.822266 0.175781 0.818359 0.175781 0.816406 0.179688 0.812500 0.179688 0.810547 0.181641 0.808594 0.181641 0.798828 0.179688 0.796875 0.179688 0.787109 0.177734 0.787109 0.175781 0.785156 0.175781 0.781250 0.173828 0.781250 0.167969 0.775391 0.166016 0.775391 0.164062 0.773438
0 0.994141 0.787109 0.992188 0.789062 0.990234 0.789062 0.986328 0.792969 0.986328 0.794922 0.980469 0.800781 0.980469 0.804688 0.978516 0.806641 0.978516 0.826172 0.980469 0.828125 0.980469 0.830078 0.984375 0.833984 0.996094 0.833984 0.998047 0.832031 0.998047 0.789062 0.996094 0.787109
0 0.814453 0.791016 0.810547 0.794922 0.808594 0.794922 0.808594 0.796875 0.804688 0.800781 0.804688 0.806641 0.802734 0.808594 0.802734 0.812500 0.800781 0.814453 0.800781 0.824219 0.802734 0.826172 0.802734 0.832031 0.804688 0.832031 0.806641 0.833984 0.806641 0.837891 0.808594 0.839844 0.810547 0.839844 0.812500 0.841797 0.812500 0.843750 0.818359 0.849609 0.839844 0.849609 0.845703 0.843750 0.845703 0.820312 0.849609 0.816406 0.849609 0.812500 0.847656 0.810547 0.847656 0.804688 0.843750 0.800781 0.843750 0.798828 0.841797 0.798828 0.839844 0.796875 0.839844 0.794922 0.837891 0.794922 0.833984 0.791016
0 0.236328 0.808594 0.232422 0.812500 0.230469 0.812500 0.228516 0.814453 0.226562 0.814453 0.214844 0.826172 0.214844 0.832031 0.220703 0.832031 0.222656 0.833984 0.230469 0.833984 0.232422 0.835938 0.246094 0.835938 0.250000 0.832031 0.251953 0.832031 0.253906 0.830078 0.255859 0.830078 0.259766 0.826172 0.259766 0.822266 0.257812 0.820312 0.257812 0.816406 0.253906 0.812500 0.253906 0.810547 0.251953 0.810547 0.250000 0.808594
0 0.371094 0.812500 0.365234 0.818359 0.365234 0.822266 0.367188 0.824219 0.367188 0.826172 0.369141 0.828125 0.369141 0.830078 0.380859 0.841797 0.382812 0.841797 0.386719 0.845703 0.388672 0.845703 0.390625 0.847656 0.392578 0.847656 0.396484 0.851562 0.419922 0.851562 0.421875 0.849609 0.423828 0.849609 0.423828 0.835938 0.421875 0.833984 0.421875 0.832031 0.417969 0.828125 0.417969 0.826172 0.414062 0.822266 0.412109 0.822266 0.410156 0.820312 0.408203 0.820312 0.406250 0.818359 0.404297 0.818359 0.402344 0.816406 0.398438 0.816406 0.396484 0.814453 0.390625 0.814453 0.388672 0.812500
0 0.947266 0.814453 0.943359 0.818359 0.941406 0.818359 0.941406 0.820312 0.939453 0.822266 0.939453 0.824219 0.937500 0.826172 0.937500 0.835938 0.945312 0.843750 0.947266 0.843750 0.949219 0.845703 0.951172 0.845703 0.953125 0.847656 0.957031 0.847656 0.962891 0.841797 0.962891 0.824219 0.960938 0.822266 0.960938 0.818359 0.958984 0.816406 0.957031 0.816406 0.955078 0.814453
0 0.857422 0.812500 0.853516 0.816406 0.851562 0.816406 0.847656 0.820312 0.847656 0.837891 0.849609 0.839844 0.849609 0.843750 0.851562 0.845703 0.851562 0.847656 0.853516 0.849609 0.855469 0.849609 0.859375 0.853516 0.861328 0.853516 0.867188 0.859375 0.869141 0.859375 0.873047 0.863281 0.888672 0.863281 0.892578 0.859375 0.894531 0.859375 0.894531 0.857422 0.898438 0.853516 0.898438 0.851562 0.900391 0.849609 0.900391 0.847656 0.902344 0.845703 0.902344 0.835938 0.904297 0.833984 0.904297 0.822266 0.898438 0.816406 0.896484 0.816406 0.894531 0.814453 0.888672 0.814453 0.886719 0.812500
0 0.023438 0.810547 0.021484 0.812500 0.017578 0.812500 0.015625 0.814453 0.011719 0.814453 0.009766 0.816406 0.007812 0.816406 0.007812 0.818359 0.005859 0.820312 0.005859 0.826172 0.009766 0.830078 0.009766 0.832031 0.011719 0.833984 0.011719 0.835938 0.017578 0.841797 0.027344 0.841797 0.029297 0.843750 0.033203 0.843750 0.037109 0.847656 0.039062 0.847656 0.044922 0.853516 0.044922 0.855469 0.050781 0.861328 0.050781 0.863281 0.052734 0.865234 0.052734 0.867188 0.056641 0.871094 0.066406 0.871094 0.074219 0.863281 0.074219 0.861328 0.076172 0.859375 0.078125 0.859375 0.078125 0.857422 0.080078 0.855469 0.080078 0.853516 0.082031 0.851562 0.082031 0.849609 0.083984 0.847656 0.083984 0.845703 0.085938 0.843750 0.085938 0.833984 0.083984 0.832031 0.083984 0.830078 0.082031 0.828125 0.082031 0.826172 0.080078 0.824219 0.080078 0.822266 0.074219 0.816406 0.074219 0.814453 0.072266 0.814453 0.070312 0.812500 0.068359 0.812500 0.066406 0.810547
0 0.623047 0.818359 0.621094 0.820312 0.617188 0.820312 0.615234 0.822266 0.611328 0.822266 0.611328 0.824219 0.609375 0.826172 0.607422 0.826172 0.599609 0.833984 0.599609 0.835938 0.595703 0.839844 0.595703 0.841797 0.591797 0.845703 0.591797 0.847656 0.587891 0.851562 0.587891 0.871094 0.589844 0.873047 0.589844 0.876953 0.591797 0.878906 0.591797 0.880859 0.595703 0.884766 0.597656 0.884766 0.599609 0.886719 0.605469 0.886719 0.609375 0.890625 0.613281 0.890625 0.617188 0.894531 0.623047 0.894531 0.630859 0.886719 0.630859 0.884766 0.634766 0.880859 0.634766 0.878906 0.636719 0.876953 0.636719 0.869141 0.638672 0.867188 0.638672 0.865234 0.640625 0.863281 0.640625 0.830078 0.638672 0.828125 0.638672 0.826172 0.636719 0.824219 0.634766 0.824219 0.630859 0.820312 0.628906 0.820312 0.626953 0.818359
0 0.335938 0.833984 0.333984 0.835938 0.332031 0.835938 0.328125 0.839844 0.326172 0.839844 0.326172 0.841797 0.320312 0.847656 0.320312 0.849609 0.318359 0.851562 0.318359 0.853516 0.314453 0.857422 0.314453 0.859375 0.310547 0.863281 0.310547 0.869141 0.308594 0.871094 0.308594 0.886719 0.310547 0.888672 0.310547 0.892578 0.314453 0.896484 0.341797 0.896484 0.343750 0.894531 0.349609 0.894531 0.351562 0.892578 0.357422 0.892578 0.359375 0.890625 0.363281 0.890625 0.367188 0.886719 0.369141 0.886719 0.371094 0.884766 0.373047 0.884766 0.375000 0.882812 0.375000 0.880859 0.380859 0.875000 0.380859 0.861328 0.378906 0.859375 0.378906 0.855469 0.376953 0.853516 0.376953 0.851562 0.371094 0.845703 0.371094 0.843750 0.369141 0.841797 0.367188 0.841797 0.363281 0.837891 0.361328 0.837891 0.359375 0.835938 0.355469 0.835938 0.353516 0.833984
0 0.685547 0.845703 0.677734 0.853516 0.675781 0.853516 0.675781 0.855469 0.673828 0.857422 0.673828 0.859375 0.671875 0.861328 0.671875 0.869141 0.669922 0.871094 0.669922 0.882812 0.671875 0.884766 0.671875 0.886719 0.675781 0.890625 0.677734 0.890625 0.679688 0.892578 0.681641 0.892578 0.683594 0.894531 0.687500 0.894531 0.689453 0.896484 0.691406 0.896484 0.693359 0.898438 0.712891 0.898438 0.716797 0.894531 0.718750 0.894531 0.718750 0.892578 0.720703 0.890625 0.722656 0.890625 0.722656 0.888672 0.724609 0.886719 0.726562 0.886719 0.726562 0.873047 0.722656 0.869141 0.722656 0.867188 0.718750 0.863281 0.718750 0.859375 0.710938 0.851562 0.708984 0.851562 0.707031 0.849609 0.705078 0.849609 0.701172 0.845703
0 0.214844 0.845703 0.212891 0.847656 0.210938 0.847656 0.205078 0.853516 0.205078 0.855469 0.203125 0.857422 0.203125 0.876953 0.205078 0.878906 0.205078 0.886719 0.208984 0.890625 0.208984 0.894531 0.210938 0.894531 0.212891 0.896484 0.212891 0.898438 0.214844 0.898438 0.216797 0.900391 0.216797 0.902344 0.218750 0.904297 0.218750 0.906250 0.220703 0.908203 0.220703 0.910156 0.234375 0.910156 0.236328 0.908203 0.238281 0.908203 0.240234 0.906250 0.242188 0.906250 0.244141 0.904297 0.246094 0.904297 0.251953 0.898438 0.253906 0.898438 0.253906 0.896484 0.255859 0.894531 0.257812 0.894531 0.257812 0.892578 0.261719 0.888672 0.261719 0.886719 0.263672 0.884766 0.263672 0.863281 0.261719 0.861328 0.261719 0.857422 0.257812 0.853516 0.257812 0.851562 0.255859 0.849609 0.253906 0.849609 0.250000 0.845703
0 0.000000 0.843750 0.000000 0.888672 0.001953 0.890625 0.001953 0.892578 0.005859 0.896484 0.005859 0.898438 0.007812 0.900391 0.007812 0.902344 0.009766 0.904297 0.011719 0.904297 0.021484 0.914062 0.021484 0.916016 0.025391 0.919922 0.025391 0.921875 0.027344 0.923828 0.027344 0.925781 0.031250 0.929688 0.035156 0.929688 0.037109 0.927734 0.039062 0.927734 0.042969 0.923828 0.042969 0.921875 0.044922 0.919922 0.046875 0.919922 0.046875 0.916016 0.050781 0.912109 0.050781 0.865234 0.048828 0.863281 0.048828 0.861328 0.042969 0.855469 0.042969 0.853516 0.039062 0.849609 0.037109 0.849609 0.033203 0.845703 0.029297 0.845703 0.027344 0.843750
0 0.990234 0.867188 0.988281 0.869141 0.986328 0.869141 0.982422 0.873047 0.980469 0.873047 0.980469 0.875000 0.978516 0.876953 0.978516 0.878906 0.976562 0.880859 0.976562 0.894531 0.978516 0.896484 0.978516 0.902344 0.980469 0.904297 0.980469 0.906250 0.982422 0.908203 0.982422 0.910156 0.984375 0.912109 0.984375 0.914062 0.986328 0.916016 0.986328 0.921875 0.988281 0.923828 0.988281 0.925781 0.990234 0.927734 0.990234 0.929688 0.998047 0.929688 0.998047 0.867188
0 0.859375 0.880859 0.859375 0.882812 0.855469 0.886719 0.855469 0.888672 0.853516 0.890625 0.853516 0.894531 0.851562 0.896484 0.851562 0.902344 0.849609 0.904297 0.849609 0.919922 0.851562 0.921875 0.851562 0.933594 0.853516 0.935547 0.853516 0.939453 0.855469 0.941406 0.855469 0.947266 0.857422 0.949219 0.857422 0.953125 0.859375 0.955078 0.859375 0.957031 0.861328 0.958984 0.861328 0.960938 0.865234 0.964844 0.867188 0.962891 0.873047 0.962891 0.875000 0.960938 0.876953 0.960938 0.878906 0.958984 0.880859 0.958984 0.884766 0.955078 0.886719 0.955078 0.886719 0.953125 0.892578 0.947266 0.892578 0.945312 0.894531 0.943359 0.894531 0.939453 0.896484 0.937500 0.896484 0.916016 0.894531 0.914062 0.894531 0.912109 0.892578 0.910156 0.892578 0.908203 0.890625 0.906250 0.890625 0.904297 0.884766 0.898438 0.884766 0.896484 0.875000 0.886719 0.873047 0.886719 0.869141 0.882812 0.867188 0.882812 0.865234 0.880859
0 0.578125 0.900391 0.574219 0.904297 0.572266 0.904297 0.570312 0.906250 0.570312 0.908203 0.564453 0.914062 0.564453 0.916016 0.560547 0.919922 0.560547 0.943359 0.566406 0.949219 0.568359 0.949219 0.572266 0.953125 0.591797 0.953125 0.595703 0.949219 0.599609 0.949219 0.603516 0.945312 0.605469 0.945312 0.605469 0.943359 0.609375 0.939453 0.609375 0.935547 0.613281 0.931641 0.613281 0.914062 0.611328 0.912109 0.611328 0.910156 0.609375 0.908203 0.609375 0.906250 0.607422 0.904297 0.605469 0.904297 0.601562 0.900391
0 0.742188 0.904297 0.738281 0.908203 0.736328 0.908203 0.734375 0.910156 0.732422 0.910156 0.724609 0.917969 0.724609 0.943359 0.726562 0.945312 0.726562 0.949219 0.728516 0.951172 0.728516 0.953125 0.732422 0.957031 0.734375 0.957031 0.738281 0.960938 0.742188 0.960938 0.744141 0.962891 0.767578 0.962891 0.769531 0.960938 0.787109 0.960938 0.789062 0.958984 0.792969 0.958984 0.794922 0.957031 0.796875 0.957031 0.796875 0.955078 0.798828 0.953125 0.798828 0.947266 0.791016 0.939453 0.789062 0.939453 0.785156 0.935547 0.783203 0.935547 0.781250 0.933594 0.781250 0.931641 0.779297 0.931641 0.777344 0.929688 0.777344 0.927734 0.761719 0.912109 0.761719 0.910156 0.757812 0.906250 0.757812 0.904297
0 0.939453 0.906250 0.937500 0.908203 0.931641 0.908203 0.927734 0.912109 0.925781 0.912109 0.921875 0.916016 0.921875 0.917969 0.919922 0.919922 0.919922 0.941406 0.921875 0.943359 0.921875 0.947266 0.923828 0.949219 0.923828 0.951172 0.931641 0.958984 0.931641 0.960938 0.935547 0.964844 0.937500 0.964844 0.941406 0.968750 0.945312 0.968750 0.947266 0.970703 0.949219 0.970703 0.951172 0.972656 0.964844 0.972656 0.964844 0.970703 0.966797 0.968750 0.970703 0.968750 0.972656 0.966797 0.972656 0.964844 0.976562 0.960938 0.976562 0.947266 0.974609 0.945312 0.974609 0.943359 0.972656 0.941406 0.972656 0.935547 0.968750 0.931641 0.968750 0.927734 0.966797 0.927734 0.964844 0.925781 0.964844 0.923828 0.960938 0.919922 0.960938 0.917969 0.949219 0.906250
0 0.117188 0.898438 0.115234 0.900391 0.109375 0.900391 0.107422 0.902344 0.105469 0.902344 0.095703 0.912109 0.093750 0.912109 0.091797 0.914062 0.089844 0.914062 0.089844 0.916016 0.087891 0.917969 0.087891 0.923828 0.085938 0.925781 0.085938 0.931641 0.083984 0.933594 0.083984 0.957031 0.085938 0.958984 0.085938 0.964844 0.087891 0.966797 0.087891 0.970703 0.089844 0.972656 0.089844 0.976562 0.093750 0.980469 0.093750 0.982422 0.097656 0.986328 0.097656 0.988281 0.099609 0.990234 0.099609 0.992188 0.103516 0.996094 0.105469 0.996094 0.107422 0.998047 0.189453 0.998047 0.189453 0.994141 0.191406 0.992188 0.195312 0.992188 0.199219 0.988281 0.201172 0.988281 0.201172 0.970703 0.199219 0.968750 0.199219 0.966797 0.187500 0.955078 0.185547 0.955078 0.181641 0.951172 0.179688 0.951172 0.175781 0.947266 0.173828 0.947266 0.169922 0.943359 0.167969 0.943359 0.158203 0.933594 0.156250 0.933594 0.150391 0.927734 0.150391 0.925781 0.146484 0.921875 0.146484 0.919922 0.140625 0.914062 0.140625 0.912109 0.136719 0.908203 0.136719 0.906250 0.130859 0.900391 0.128906 0.900391 0.126953 0.898438
0 0.328125 0.923828 0.324219 0.927734 0.322266 0.927734 0.318359 0.931641 0.318359 0.937500 0.314453 0.941406 0.314453 0.958984 0.316406 0.960938 0.316406 0.964844 0.318359 0.966797 0.318359 0.970703 0.320312 0.972656 0.320312 0.974609 0.322266 0.976562 0.322266 0.978516 0.326172 0.982422 0.335938 0.982422 0.341797 0.976562 0.343750 0.976562 0.343750 0.974609 0.345703 0.972656 0.347656 0.972656 0.347656 0.970703 0.351562 0.966797 0.351562 0.964844 0.355469 0.960938 0.355469 0.958984 0.359375 0.955078 0.359375 0.937500 0.357422 0.935547 0.357422 0.933594 0.351562 0.927734 0.349609 0.927734 0.347656 0.925781 0.347656 0.923828
0 0.035156 0.953125 0.033203 0.955078 0.029297 0.955078 0.025391 0.958984 0.023438 0.958984 0.017578 0.964844 0.017578 0.966797 0.015625 0.968750 0.015625 0.996094 0.017578 0.998047 0.074219 0.998047 0.078125 0.994141 0.078125 0.992188 0.076172 0.990234 0.076172 0.988281 0.074219 0.986328 0.074219 0.982422 0.072266 0.980469 0.072266 0.974609 0.070312 0.972656 0.070312 0.966797 0.062500 0.958984 0.060547 0.958984 0.058594 0.957031 0.056641 0.957031 0.054688 0.955078 0.050781 0.955078 0.048828 0.953125
0 0.496094 0.960938 0.494141 0.962891 0.492188 0.962891 0.482422 0.972656 0.476562 0.972656 0.474609 0.974609 0.472656 0.974609 0.470703 0.976562 0.468750 0.976562 0.464844 0.980469 0.464844 0.982422 0.462891 0.984375 0.462891 0.988281 0.460938 0.990234 0.460938 0.998047 0.513672 0.998047 0.513672 0.994141 0.511719 0.992188 0.511719 0.988281 0.509766 0.986328 0.509766 0.982422 0.507812 0.980469 0.507812 0.978516 0.509766 0.976562 0.509766 0.966797 0.507812 0.964844 0.507812 0.962891 0.505859 0.960938
0 0.236328 0.968750 0.234375 0.970703 0.232422 0.970703 0.230469 0.972656 0.228516 0.972656 0.226562 0.974609 0.224609 0.974609 0.220703 0.978516 0.216797 0.978516 0.216797 0.980469 0.214844 0.982422 0.210938 0.982422 0.207031 0.986328 0.205078 0.986328 0.201172 0.990234 0.199219 0.990234 0.195312 0.994141 0.191406 0.994141 0.191406 0.998047 0.279297 0.998047 0.279297 0.994141 0.275391 0.990234 0.273438 0.990234 0.269531 0.986328 0.267578 0.986328 0.265625 0.984375 0.265625 0.982422 0.263672 0.982422 0.261719 0.980469 0.261719 0.978516 0.259766 0.978516 0.257812 0.976562 0.255859 0.976562 0.248047 0.968750
0 0.808594 0.968750 0.806641 0.970703 0.804688 0.970703 0.802734 0.972656 0.802734 0.998047 0.822266 0.998047 0.824219 0.996094 0.824219 0.994141 0.835938 0.982422 0.837891 0.982422 0.837891 0.974609 0.835938 0.972656 0.835938 0.970703 0.833984 0.970703 0.832031 0.968750
0 0.291016 0.972656 0.289062 0.974609 0.289062 0.976562 0.287109 0.978516 0.287109 0.998047 0.328125 0.998047 0.328125 0.996094 0.324219 0.992188 0.324219 0.990234 0.322266 0.990234 0.318359 0.986328 0.316406 0.986328 0.312500 0.982422 0.310547 0.982422 0.308594 0.980469 0.308594 0.978516 0.306641 0.978516 0.304688 0.976562 0.302734 0.976562 0.300781 0.974609 0.298828 0.974609 0.296875 0.972656
0 0.910156 0.982422 0.906250 0.986328 0.904297 0.986328 0.902344 0.988281 0.900391 0.988281 0.898438 0.990234 0.896484 0.990234 0.890625 0.996094 0.890625 0.998047 0.949219 0.998047 0.947266 0.998047 0.945312 0.996094 0.945312 0.994141 0.943359 0.994141 0.941406 0.992188 0.939453 0.992188 0.937500 0.990234 0.935547 0.990234 0.933594 0.988281 0.931641 0.988281 0.929688 0.986328 0.927734 0.986328 0.925781 0.984375 0.925781 0.982422
