0 0.640625 0.000000 0.642578 0.001953 0.642578 0.003906 0.646484 0.007812 0.646484 0.009766 0.648438 0.011719 0.648438 0.013672 0.654297 0.019531 0.656250 0.019531 0.660156 0.023438 0.662109 0.023438 0.664062 0.025391 0.667969 0.025391 0.671875 0.021484 0.671875 0.015625 0.673828 0.013672 0.673828 0.000000
0 0.521484 0.000000 0.517578 0.003906 0.517578 0.005859 0.515625 0.007812 0.515625 0.009766 0.511719 0.013672 0.511719 0.023438 0.515625 0.027344 0.519531 0.027344 0.523438 0.023438 0.523438 0.021484 0.525391 0.019531 0.525391 0.017578 0.527344 0.015625 0.527344 0.013672 0.529297 0.011719 0.529297 0.009766 0.539062 0.000000
0 0.960938 0.000000 0.960938 0.007812 0.962891 0.009766 0.962891 0.017578 0.966797 0.021484 0.966797 0.023438 0.970703 0.027344 0.970703 0.029297 0.972656 0.031250 0.972656 0.033203 0.974609 0.035156 0.976562 0.035156 0.980469 0.039062 0.982422 0.039062 0.984375 0.041016 0.986328 0.041016 0.990234 0.044922 0.998047 0.044922 0.998047 0.000000
0 0.671875 0.041016 0.669922 0.042969 0.667969 0.042969 0.667969 0.044922 0.666016 0.046875 0.666016 0.060547 0.667969 0.062500 0.667969 0.066406 0.669922 0.068359 0.669922 0.072266 0.671875 0.074219 0.671875 0.076172 0.673828 0.078125 0.673828 0.080078 0.675781 0.082031 0.675781 0.083984 0.677734 0.085938 0.677734 0.087891 0.679688 0.089844 0.679688 0.091797 0.681641 0.093750 0.681641 0.095703 0.685547 0.095703 0.687500 0.093750 0.689453 0.093750 0.691406 0.091797 0.697266 0.091797 0.699219 0.093750 0.703125 0.093750 0.705078 0.095703 0.710938 0.095703 0.710938 0.085938 0.708984 0.083984 0.708984 0.082031 0.707031 0.080078 0.707031 0.078125 0.705078 0.076172 0.705078 0.074219 0.701172 0.070312 0.701172 0.068359 0.695312 0.062500 0.695312 0.060547 0.693359 0.058594 0.693359 0.056641 0.691406 0.054688 0.691406 0.052734 0.689453 0.050781 0.689453 0.048828 0.685547 0.044922 0.683594 0.044922 0.679688 0.041016
0 0.507812 0.050781 0.505859 0.052734 0.505859 0.054688 0.503906 0.056641 0.503906 0.064453 0.505859 0.066406 0.505859 0.072266 0.503906 0.074219 0.503906 0.082031 0.501953 0.083984 0.501953 0.085938 0.500000 0.087891 0.500000 0.089844 0.498047 0.091797 0.498047 0.093750 0.494141 0.097656 0.494141 0.099609 0.490234 0.103516 0.490234 0.105469 0.488281 0.107422 0.488281 0.109375 0.496094 0.109375 0.500000 0.105469 0.501953 0.105469 0.505859 0.101562 0.505859 0.099609 0.509766 0.095703 0.509766 0.093750 0.511719 0.091797 0.511719 0.087891 0.513672 0.085938 0.513672 0.083984 0.515625 0.082031 0.515625 0.070312 0.517578 0.068359 0.517578 0.064453 0.515625 0.062500 0.515625 0.056641 0.509766 0.050781
0 0.527344 0.080078 0.525391 0.082031 0.525391 0.093750 0.527344 0.095703 0.527344 0.099609 0.529297 0.101562 0.529297 0.107422 0.531250 0.109375 0.531250 0.111328 0.533203 0.113281 0.533203 0.115234 0.535156 0.115234 0.537109 0.117188 0.544922 0.117188 0.544922 0.113281 0.546875 0.111328 0.546875 0.107422 0.544922 0.105469 0.544922 0.095703 0.541016 0.091797 0.541016 0.089844 0.539062 0.087891 0.539062 0.085938 0.537109 0.083984 0.535156 0.083984 0.531250 0.080078
0 0.990234 0.095703 0.988281 0.097656 0.986328 0.097656 0.968750 0.115234 0.968750 0.117188 0.966797 0.119141 0.966797 0.126953 0.970703 0.130859 0.976562 0.130859 0.978516 0.132812 0.994141 0.132812 0.996094 0.134766 0.998047 0.134766 0.998047 0.095703
0 0.507812 0.123047 0.507812 0.140625 0.511719 0.144531 0.513672 0.144531 0.515625 0.146484 0.523438 0.146484 0.523438 0.140625 0.521484 0.138672 0.521484 0.136719 0.519531 0.134766 0.519531 0.130859 0.515625 0.126953 0.515625 0.123047
0 0.703125 0.128906 0.701172 0.130859 0.699219 0.130859 0.695312 0.134766 0.695312 0.144531 0.697266 0.146484 0.697266 0.152344 0.699219 0.154297 0.699219 0.156250 0.701172 0.158203 0.701172 0.162109 0.703125 0.164062 0.703125 0.166016 0.705078 0.167969 0.705078 0.169922 0.710938 0.175781 0.710938 0.177734 0.712891 0.179688 0.714844 0.179688 0.716797 0.181641 0.716797 0.183594 0.718750 0.185547 0.718750 0.187500 0.726562 0.195312 0.728516 0.195312 0.730469 0.197266 0.736328 0.197266 0.738281 0.199219 0.761719 0.199219 0.763672 0.197266 0.767578 0.197266 0.769531 0.195312 0.771484 0.195312 0.771484 0.191406 0.769531 0.189453 0.769531 0.187500 0.767578 0.185547 0.767578 0.181641 0.755859 0.169922 0.755859 0.167969 0.750000 0.162109 0.750000 0.160156 0.746094 0.156250 0.744141 0.156250 0.738281 0.150391 0.736328 0.150391 0.734375 0.148438 0.732422 0.148438 0.724609 0.140625 0.724609 0.138672 0.722656 0.138672 0.714844 0.130859 0.712891 0.130859 0.710938 0.128906
0 0.925781 0.187500 0.923828 0.189453 0.921875 0.189453 0.916016 0.195312 0.916016 0.208984 0.917969 0.210938 0.917969 0.212891 0.919922 0.214844 0.919922 0.216797 0.931641 0.228516 0.935547 0.224609 0.937500 0.224609 0.943359 0.218750 0.974609 0.218750 0.976562 0.220703 0.980469 0.220703 0.982422 0.222656 0.982422 0.230469 0.984375 0.228516 0.986328 0.228516 0.990234 0.224609 0.992188 0.224609 0.998047 0.218750 0.998047 0.195312 0.994141 0.195312 0.992188 0.193359 0.984375 0.193359 0.982422 0.191406 0.974609 0.191406 0.972656 0.189453 0.949219 0.189453 0.947266 0.187500
0 0.582031 0.164062 0.580078 0.166016 0.578125 0.166016 0.578125 0.169922 0.580078 0.171875 0.580078 0.189453 0.578125 0.191406 0.578125 0.195312 0.576172 0.197266 0.576172 0.220703 0.578125 0.222656 0.578125 0.230469 0.580078 0.232422 0.580078 0.234375 0.582031 0.236328 0.582031 0.238281 0.587891 0.244141 0.587891 0.246094 0.589844 0.248047 0.589844 0.250000 0.593750 0.253906 0.593750 0.255859 0.595703 0.257812 0.595703 0.259766 0.597656 0.261719 0.597656 0.263672 0.601562 0.267578 0.603516 0.267578 0.605469 0.269531 0.605469 0.271484 0.607422 0.273438 0.609375 0.273438 0.615234 0.279297 0.619141 0.279297 0.623047 0.283203 0.625000 0.283203 0.626953 0.285156 0.630859 0.285156 0.632812 0.287109 0.634766 0.287109 0.636719 0.289062 0.642578 0.289062 0.644531 0.291016 0.648438 0.291016 0.650391 0.292969 0.656250 0.292969 0.658203 0.294922 0.660156 0.294922 0.662109 0.296875 0.664062 0.296875 0.666016 0.298828 0.667969 0.298828 0.671875 0.302734 0.673828 0.302734 0.675781 0.304688 0.677734 0.304688 0.681641 0.308594 0.681641 0.304688 0.677734 0.300781 0.677734 0.298828 0.675781 0.296875 0.675781 0.294922 0.671875 0.291016 0.671875 0.289062 0.666016 0.283203 0.666016 0.281250 0.662109 0.277344 0.662109 0.275391 0.660156 0.275391 0.658203 0.273438 0.658203 0.271484 0.654297 0.267578 0.654297 0.265625 0.650391 0.261719 0.650391 0.259766 0.646484 0.255859 0.646484 0.253906 0.644531 0.253906 0.642578 0.251953 0.642578 0.250000 0.640625 0.248047 0.640625 0.246094 0.638672 0.244141 0.638672 0.242188 0.636719 0.240234 0.636719 0.238281 0.634766 0.238281 0.632812 0.236328 0.632812 0.232422 0.628906 0.228516 0.628906 0.226562 0.623047 0.220703 0.623047 0.218750 0.621094 0.216797 0.621094 0.214844 0.615234 0.208984 0.615234 0.205078 0.613281 0.203125 0.613281 0.195312 0.611328 0.193359 0.611328 0.185547 0.609375 0.183594 0.609375 0.181641 0.607422 0.179688 0.607422 0.177734 0.605469 0.175781 0.605469 0.173828 0.603516 0.171875 0.601562 0.171875 0.595703 0.166016 0.593750 0.166016 0.591797 0.164062
0 0.943359 0.220703 0.937500 0.226562 0.935547 0.226562 0.925781 0.236328 0.923828 0.236328 0.917969 0.242188 0.916016 0.242188 0.910156 0.248047 0.910156 0.253906 0.931641 0.253906 0.933594 0.251953 0.935547 0.251953 0.937500 0.250000 0.939453 0.250000 0.941406 0.248047 0.943359 0.248047 0.947266 0.244141 0.951172 0.244141 0.953125 0.242188 0.957031 0.242188 0.958984 0.240234 0.964844 0.240234 0.966797 0.238281 0.970703 0.238281 0.972656 0.236328 0.974609 0.236328 0.980469 0.230469 0.980469 0.222656 0.976562 0.222656 0.974609 0.220703
0 0.720703 0.287109 0.718750 0.289062 0.718750 0.306641 0.720703 0.308594 0.720703 0.312500 0.724609 0.316406 0.726562 0.316406 0.728516 0.318359 0.730469 0.318359 0.732422 0.320312 0.736328 0.320312 0.738281 0.322266 0.746094 0.322266 0.748047 0.324219 0.759766 0.324219 0.761719 0.326172 0.769531 0.326172 0.771484 0.328125 0.804688 0.328125 0.806641 0.330078 0.810547 0.330078 0.814453 0.333984 0.832031 0.333984 0.833984 0.332031 0.835938 0.332031 0.837891 0.330078 0.839844 0.330078 0.843750 0.326172 0.845703 0.326172 0.849609 0.322266 0.849609 0.320312 0.851562 0.318359 0.851562 0.310547 0.845703 0.304688 0.843750 0.304688 0.839844 0.300781 0.800781 0.300781 0.798828 0.302734 0.755859 0.302734 0.753906 0.300781 0.751953 0.300781 0.748047 0.296875 0.746094 0.296875 0.742188 0.292969 0.740234 0.292969 0.738281 0.291016 0.736328 0.291016 0.734375 0.289062 0.732422 0.289062 0.730469 0.287109
0 0.003906 0.482422 0.005859 0.484375 0.005859 0.486328 0.007812 0.488281 0.007812 0.490234 0.011719 0.494141 0.011719 0.496094 0.013672 0.498047 0.013672 0.503906 0.015625 0.505859 0.015625 0.511719 0.017578 0.513672 0.017578 0.562500 0.019531 0.564453 0.019531 0.566406 0.025391 0.566406 0.027344 0.564453 0.027344 0.562500 0.031250 0.558594 0.031250 0.529297 0.029297 0.527344 0.029297 0.511719 0.027344 0.509766 0.027344 0.505859 0.025391 0.503906 0.025391 0.498047 0.023438 0.496094 0.023438 0.494141 0.015625 0.486328 0.013672 0.486328 0.011719 0.484375 0.007812 0.484375 0.005859 0.482422
0 0.060547 0.542969 0.060547 0.544922 0.058594 0.546875 0.058594 0.558594 0.060547 0.560547 0.060547 0.593750 0.058594 0.595703 0.058594 0.605469 0.064453 0.605469 0.068359 0.601562 0.068359 0.599609 0.070312 0.597656 0.070312 0.595703 0.072266 0.593750 0.072266 0.542969
0 0.083984 0.707031 0.082031 0.708984 0.080078 0.708984 0.078125 0.710938 0.078125 0.736328 0.080078 0.738281 0.080078 0.744141 0.087891 0.751953 0.087891 0.759766 0.089844 0.761719 0.089844 0.767578 0.091797 0.769531 0.091797 0.773438 0.093750 0.775391 0.093750 0.781250 0.095703 0.783203 0.095703 0.806641 0.093750 0.808594 0.093750 0.818359 0.095703 0.820312 0.095703 0.824219 0.097656 0.826172 0.097656 0.828125 0.099609 0.830078 0.099609 0.832031 0.105469 0.832031 0.107422 0.830078 0.107422 0.828125 0.109375 0.826172 0.109375 0.822266 0.111328 0.820312 0.111328 0.812500 0.113281 0.810547 0.113281 0.781250 0.111328 0.779297 0.111328 0.769531 0.109375 0.767578 0.109375 0.759766 0.107422 0.757812 0.107422 0.750000 0.105469 0.748047 0.105469 0.740234 0.103516 0.738281 0.103516 0.732422 0.101562 0.730469 0.101562 0.720703 0.099609 0.718750 0.099609 0.716797 0.097656 0.714844 0.097656 0.712891 0.095703 0.710938 0.093750 0.710938 0.089844 0.707031
0 0.044922 0.814453 0.044922 0.839844 0.046875 0.841797 0.046875 0.851562 0.048828 0.853516 0.048828 0.863281 0.050781 0.865234 0.050781 0.873047 0.052734 0.875000 0.052734 0.878906 0.054688 0.880859 0.054688 0.884766 0.060547 0.884766 0.060547 0.851562 0.062500 0.849609 0.062500 0.843750 0.064453 0.841797 0.064453 0.837891 0.066406 0.835938 0.066406 0.832031 0.068359 0.830078 0.068359 0.818359 0.064453 0.818359 0.062500 0.816406 0.056641 0.816406 0.054688 0.814453
0 0.105469 0.839844 0.105469 0.845703 0.107422 0.847656 0.107422 0.851562 0.109375 0.853516 0.109375 0.855469 0.121094 0.867188 0.126953 0.867188 0.130859 0.863281 0.130859 0.855469 0.128906 0.853516 0.128906 0.851562 0.126953 0.849609 0.125000 0.849609 0.123047 0.847656 0.121094 0.847656 0.115234 0.841797 0.113281 0.841797 0.111328 0.839844
0 0.525391 0.808594 0.523438 0.810547 0.521484 0.810547 0.519531 0.812500 0.517578 0.812500 0.515625 0.814453 0.513672 0.814453 0.509766 0.818359 0.507812 0.818359 0.503906 0.822266 0.501953 0.822266 0.500000 0.824219 0.498047 0.824219 0.486328 0.835938 0.484375 0.835938 0.482422 0.837891 0.480469 0.837891 0.474609 0.843750 0.472656 0.843750 0.470703 0.845703 0.468750 0.845703 0.462891 0.851562 0.460938 0.851562 0.460938 0.853516 0.455078 0.859375 0.455078 0.861328 0.447266 0.869141 0.447266 0.871094 0.445312 0.873047 0.445312 0.876953 0.453125 0.884766 0.455078 0.884766 0.457031 0.886719 0.458984 0.886719 0.460938 0.888672 0.462891 0.888672 0.466797 0.892578 0.468750 0.892578 0.470703 0.894531 0.488281 0.894531 0.490234 0.892578 0.492188 0.892578 0.498047 0.886719 0.498047 0.884766 0.501953 0.880859 0.501953 0.878906 0.503906 0.876953 0.503906 0.873047 0.505859 0.871094 0.505859 0.863281 0.507812 0.861328 0.507812 0.855469 0.509766 0.853516 0.509766 0.851562 0.517578 0.843750 0.517578 0.841797 0.523438 0.835938 0.525391 0.835938 0.533203 0.828125 0.533203 0.826172 0.537109 0.822266 0.537109 0.820312 0.541016 0.816406 0.541016 0.810547 0.539062 0.808594
0 0.900391 0.804688 0.898438 0.806641 0.896484 0.806641 0.892578 0.810547 0.890625 0.810547 0.888672 0.812500 0.886719 0.812500 0.884766 0.814453 0.884766 0.816406 0.882812 0.818359 0.880859 0.818359 0.880859 0.820312 0.867188 0.833984 0.867188 0.835938 0.863281 0.839844 0.863281 0.841797 0.859375 0.845703 0.859375 0.847656 0.855469 0.851562 0.855469 0.853516 0.853516 0.855469 0.853516 0.857422 0.851562 0.859375 0.851562 0.861328 0.849609 0.863281 0.849609 0.869141 0.847656 0.871094 0.847656 0.873047 0.845703 0.875000 0.845703 0.878906 0.843750 0.880859 0.843750 0.884766 0.841797 0.886719 0.841797 0.892578 0.839844 0.894531 0.839844 0.898438 0.837891 0.900391 0.837891 0.906250 0.835938 0.908203 0.835938 0.914062 0.833984 0.916016 0.833984 0.927734 0.835938 0.929688 0.835938 0.945312 0.837891 0.945312 0.839844 0.943359 0.841797 0.943359 0.841797 0.941406 0.845703 0.937500 0.845703 0.935547 0.847656 0.933594 0.847656 0.931641 0.849609 0.929688 0.849609 0.927734 0.851562 0.925781 0.851562 0.923828 0.855469 0.919922 0.855469 0.917969 0.857422 0.916016 0.857422 0.912109 0.859375 0.910156 0.859375 0.904297 0.861328 0.902344 0.861328 0.900391 0.863281 0.898438 0.863281 0.894531 0.865234 0.892578 0.865234 0.888672 0.867188 0.886719 0.867188 0.880859 0.869141 0.878906 0.869141 0.876953 0.871094 0.875000 0.871094 0.871094 0.875000 0.867188 0.875000 0.865234 0.876953 0.863281 0.876953 0.861328 0.880859 0.857422 0.880859 0.855469 0.882812 0.853516 0.882812 0.851562 0.886719 0.847656 0.886719 0.845703 0.890625 0.841797 0.890625 0.839844 0.892578 0.837891 0.892578 0.835938 0.896484 0.832031 0.896484 0.830078 0.900391 0.826172 0.900391 0.824219 0.904297 0.820312 0.904297 0.816406 0.908203 0.812500 0.908203 0.804688
0 0.966797 0.904297 0.966797 0.906250 0.960938 0.912109 0.960938 0.914062 0.958984 0.916016 0.958984 0.917969 0.957031 0.919922 0.955078 0.919922 0.949219 0.925781 0.947266 0.925781 0.945312 0.927734 0.943359 0.927734 0.941406 0.929688 0.941406 0.939453 0.943359 0.941406 0.943359 0.945312 0.945312 0.947266 0.945312 0.949219 0.949219 0.953125 0.953125 0.953125 0.958984 0.947266 0.958984 0.945312 0.960938 0.943359 0.960938 0.941406 0.962891 0.939453 0.962891 0.937500 0.964844 0.935547 0.964844 0.931641 0.966797 0.929688 0.966797 0.927734 0.968750 0.925781 0.968750 0.921875 0.970703 0.919922 0.970703 0.917969 0.972656 0.916016 0.972656 0.904297
0 0.437500 0.906250 0.429688 0.914062 0.429688 0.916016 0.427734 0.917969 0.427734 0.919922 0.425781 0.921875 0.425781 0.923828 0.423828 0.925781 0.423828 0.931641 0.421875 0.933594 0.421875 0.955078 0.423828 0.957031 0.423828 0.960938 0.425781 0.962891 0.427734 0.962891 0.429688 0.960938 0.431641 0.960938 0.433594 0.958984 0.433594 0.957031 0.435547 0.955078 0.435547 0.949219 0.437500 0.947266 0.437500 0.935547 0.439453 0.933594 0.439453 0.931641 0.449219 0.921875 0.451172 0.921875 0.453125 0.919922 0.453125 0.914062 0.447266 0.908203 0.443359 0.908203 0.441406 0.906250
0 0.015625 0.898438 0.015625 0.900391 0.013672 0.902344 0.013672 0.904297 0.011719 0.906250 0.011719 0.916016 0.009766 0.917969 0.009766 0.921875 0.007812 0.923828 0.007812 0.931641 0.005859 0.933594 0.005859 0.939453 0.003906 0.941406 0.003906 0.953125 0.005859 0.955078 0.005859 0.966797 0.003906 0.968750 0.003906 0.972656 0.001953 0.974609 0.001953 0.976562 0.000000 0.978516 0.000000 0.996094 0.013672 0.996094 0.019531 0.990234 0.019531 0.988281 0.021484 0.986328 0.021484 0.984375 0.023438 0.982422 0.023438 0.976562 0.025391 0.974609 0.025391 0.945312 0.027344 0.943359 0.027344 0.939453 0.029297 0.937500 0.029297 0.927734 0.031250 0.925781 0.031250 0.914062 0.029297 0.912109 0.029297 0.904297 0.027344 0.902344 0.027344 0.900391 0.025391 0.898438
