0 0.398438 0.000000 0.398438 0.007812 0.400391 0.009766 0.400391 0.011719 0.404297 0.015625 0.404297 0.017578 0.406250 0.019531 0.408203 0.019531 0.412109 0.023438 0.414062 0.023438 0.416016 0.025391 0.417969 0.025391 0.419922 0.027344 0.421875 0.027344 0.423828 0.029297 0.425781 0.029297 0.427734 0.031250 0.429688 0.031250 0.431641 0.033203 0.433594 0.033203 0.435547 0.035156 0.443359 0.035156 0.445312 0.033203 0.451172 0.033203 0.453125 0.031250 0.457031 0.031250 0.458984 0.029297 0.462891 0.029297 0.472656 0.019531 0.472656 0.017578 0.474609 0.015625 0.474609 0.001953 0.472656 0.000000
0 0.169922 0.126953 0.167969 0.128906 0.166016 0.128906 0.164062 0.130859 0.162109 0.130859 0.160156 0.132812 0.156250 0.132812 0.154297 0.134766 0.150391 0.134766 0.148438 0.136719 0.140625 0.136719 0.132812 0.144531 0.132812 0.150391 0.130859 0.152344 0.130859 0.166016 0.132812 0.167969 0.132812 0.171875 0.140625 0.171875 0.142578 0.169922 0.146484 0.169922 0.148438 0.167969 0.154297 0.167969 0.156250 0.166016 0.158203 0.166016 0.160156 0.164062 0.162109 0.164062 0.164062 0.162109 0.171875 0.162109 0.173828 0.160156 0.185547 0.160156 0.187500 0.158203 0.189453 0.158203 0.193359 0.154297 0.193359 0.136719 0.185547 0.128906 0.183594 0.128906 0.181641 0.126953
0 0.064453 0.158203 0.062500 0.160156 0.056641 0.160156 0.054688 0.162109 0.048828 0.162109 0.046875 0.164062 0.044922 0.164062 0.042969 0.166016 0.037109 0.166016 0.035156 0.167969 0.033203 0.167969 0.031250 0.169922 0.025391 0.169922 0.023438 0.171875 0.019531 0.171875 0.015625 0.175781 0.011719 0.175781 0.005859 0.181641 0.003906 0.181641 0.000000 0.185547 0.000000 0.212891 0.001953 0.210938 0.003906 0.210938 0.015625 0.199219 0.017578 0.199219 0.023438 0.193359 0.025391 0.193359 0.027344 0.191406 0.029297 0.191406 0.031250 0.189453 0.033203 0.189453 0.037109 0.185547 0.039062 0.185547 0.041016 0.183594 0.042969 0.183594 0.044922 0.181641 0.048828 0.181641 0.050781 0.179688 0.054688 0.179688 0.058594 0.175781 0.060547 0.175781 0.064453 0.171875 0.066406 0.171875 0.072266 0.166016 0.072266 0.158203
0 0.015625 0.205078 0.011719 0.208984 0.015625 0.212891 0.019531 0.212891 0.021484 0.214844 0.025391 0.214844 0.027344 0.212891 0.031250 0.212891 0.033203 0.210938 0.035156 0.210938 0.037109 0.208984 0.042969 0.208984 0.042969 0.207031 0.039062 0.207031 0.037109 0.205078
0 0.439453 0.224609 0.437500 0.226562 0.433594 0.226562 0.431641 0.228516 0.429688 0.228516 0.419922 0.238281 0.419922 0.240234 0.410156 0.250000 0.410156 0.259766 0.412109 0.261719 0.412109 0.265625 0.419922 0.273438 0.425781 0.273438 0.429688 0.269531 0.431641 0.269531 0.435547 0.265625 0.451172 0.265625 0.453125 0.267578 0.462891 0.267578 0.464844 0.265625 0.468750 0.265625 0.470703 0.263672 0.472656 0.263672 0.474609 0.261719 0.474609 0.259766 0.476562 0.257812 0.476562 0.246094 0.474609 0.244141 0.474609 0.242188 0.472656 0.240234 0.472656 0.238281 0.470703 0.236328 0.468750 0.236328 0.464844 0.232422 0.462891 0.232422 0.460938 0.230469 0.458984 0.230469 0.457031 0.228516 0.455078 0.228516 0.453125 0.226562 0.451172 0.226562 0.449219 0.224609
0 0.001953 0.240234 0.000000 0.242188 0.000000 0.281250 0.005859 0.281250 0.015625 0.271484 0.015625 0.269531 0.017578 0.267578 0.017578 0.263672 0.019531 0.261719 0.019531 0.251953 0.017578 0.250000 0.015625 0.250000 0.009766 0.244141 0.005859 0.244141
0 0.562500 0.314453 0.562500 0.332031 0.560547 0.333984 0.560547 0.339844 0.558594 0.341797 0.558594 0.343750 0.564453 0.349609 0.574219 0.349609 0.578125 0.345703 0.580078 0.345703 0.582031 0.343750 0.582031 0.341797 0.587891 0.335938 0.587891 0.324219 0.585938 0.322266 0.585938 0.320312 0.583984 0.320312 0.580078 0.316406 0.576172 0.316406 0.574219 0.314453
0 0.083984 0.306641 0.082031 0.308594 0.080078 0.308594 0.078125 0.310547 0.078125 0.316406 0.076172 0.318359 0.076172 0.330078 0.074219 0.332031 0.074219 0.343750 0.082031 0.343750 0.083984 0.345703 0.087891 0.345703 0.089844 0.347656 0.091797 0.347656 0.093750 0.349609 0.095703 0.349609 0.099609 0.353516 0.099609 0.357422 0.107422 0.349609 0.107422 0.347656 0.111328 0.343750 0.111328 0.330078 0.109375 0.328125 0.109375 0.324219 0.107422 0.322266 0.107422 0.318359 0.103516 0.314453 0.103516 0.312500 0.101562 0.312500 0.097656 0.308594 0.095703 0.308594 0.093750 0.306641
0 0.525391 0.302734 0.523438 0.304688 0.521484 0.304688 0.519531 0.306641 0.519531 0.308594 0.517578 0.310547 0.517578 0.324219 0.519531 0.326172 0.519531 0.330078 0.521484 0.332031 0.521484 0.337891 0.523438 0.339844 0.523438 0.341797 0.525391 0.343750 0.525391 0.345703 0.527344 0.347656 0.527344 0.349609 0.529297 0.351562 0.529297 0.357422 0.531250 0.359375 0.531250 0.361328 0.535156 0.365234 0.537109 0.365234 0.541016 0.361328 0.542969 0.361328 0.550781 0.353516 0.550781 0.351562 0.554688 0.347656 0.554688 0.345703 0.556641 0.343750 0.556641 0.341797 0.558594 0.339844 0.558594 0.333984 0.560547 0.332031 0.560547 0.314453 0.558594 0.312500 0.558594 0.310547 0.552734 0.304688 0.548828 0.304688 0.546875 0.302734
0 0.070312 0.345703 0.068359 0.347656 0.066406 0.347656 0.064453 0.349609 0.062500 0.349609 0.058594 0.353516 0.058594 0.355469 0.054688 0.359375 0.054688 0.361328 0.052734 0.363281 0.052734 0.365234 0.048828 0.369141 0.048828 0.373047 0.046875 0.375000 0.046875 0.380859 0.054688 0.388672 0.066406 0.388672 0.068359 0.386719 0.072266 0.386719 0.074219 0.384766 0.076172 0.384766 0.080078 0.380859 0.082031 0.380859 0.091797 0.371094 0.091797 0.369141 0.095703 0.365234 0.095703 0.361328 0.097656 0.359375 0.097656 0.353516 0.095703 0.351562 0.093750 0.351562 0.091797 0.349609 0.089844 0.349609 0.087891 0.347656 0.083984 0.347656 0.082031 0.345703
0 0.794922 0.351562 0.792969 0.353516 0.791016 0.353516 0.787109 0.357422 0.785156 0.357422 0.785156 0.359375 0.781250 0.363281 0.781250 0.373047 0.783203 0.375000 0.783203 0.376953 0.787109 0.380859 0.789062 0.380859 0.794922 0.386719 0.794922 0.388672 0.796875 0.390625 0.796875 0.392578 0.798828 0.394531 0.798828 0.396484 0.800781 0.398438 0.800781 0.400391 0.802734 0.402344 0.806641 0.402344 0.810547 0.398438 0.810547 0.396484 0.814453 0.392578 0.818359 0.392578 0.820312 0.390625 0.822266 0.390625 0.824219 0.388672 0.828125 0.388672 0.830078 0.386719 0.839844 0.386719 0.839844 0.380859 0.837891 0.378906 0.837891 0.375000 0.835938 0.373047 0.835938 0.371094 0.818359 0.353516 0.816406 0.353516 0.814453 0.351562
0 0.517578 0.363281 0.511719 0.369141 0.511719 0.371094 0.505859 0.376953 0.505859 0.378906 0.496094 0.388672 0.496094 0.412109 0.500000 0.416016 0.500000 0.417969 0.505859 0.423828 0.507812 0.423828 0.509766 0.425781 0.542969 0.425781 0.544922 0.423828 0.550781 0.423828 0.552734 0.421875 0.554688 0.421875 0.560547 0.416016 0.560547 0.406250 0.558594 0.404297 0.558594 0.402344 0.550781 0.394531 0.550781 0.392578 0.548828 0.390625 0.548828 0.388672 0.544922 0.384766 0.544922 0.382812 0.537109 0.375000 0.537109 0.373047 0.531250 0.367188 0.529297 0.367188 0.525391 0.363281
0 0.830078 0.388672 0.828125 0.390625 0.824219 0.390625 0.822266 0.392578 0.820312 0.392578 0.818359 0.394531 0.814453 0.394531 0.812500 0.396484 0.812500 0.398438 0.802734 0.408203 0.800781 0.408203 0.798828 0.410156 0.796875 0.410156 0.792969 0.414062 0.791016 0.414062 0.787109 0.417969 0.785156 0.417969 0.785156 0.419922 0.781250 0.423828 0.781250 0.429688 0.783203 0.431641 0.783203 0.433594 0.787109 0.437500 0.798828 0.437500 0.800781 0.435547 0.804688 0.435547 0.806641 0.433594 0.808594 0.433594 0.810547 0.431641 0.812500 0.431641 0.814453 0.429688 0.816406 0.429688 0.818359 0.427734 0.820312 0.427734 0.822266 0.425781 0.824219 0.425781 0.826172 0.423828 0.828125 0.423828 0.830078 0.421875 0.832031 0.421875 0.833984 0.419922 0.835938 0.419922 0.841797 0.414062 0.843750 0.414062 0.845703 0.412109 0.847656 0.412109 0.849609 0.410156 0.849609 0.408203 0.853516 0.404297 0.853516 0.392578 0.849609 0.388672
0 0.396484 0.490234 0.392578 0.494141 0.392578 0.498047 0.390625 0.500000 0.390625 0.505859 0.388672 0.507812 0.388672 0.509766 0.390625 0.511719 0.390625 0.513672 0.394531 0.517578 0.394531 0.519531 0.402344 0.527344 0.404297 0.527344 0.408203 0.531250 0.417969 0.531250 0.419922 0.529297 0.421875 0.529297 0.427734 0.523438 0.427734 0.507812 0.425781 0.505859 0.425781 0.501953 0.423828 0.500000 0.423828 0.498047 0.419922 0.494141 0.417969 0.494141 0.414062 0.490234
0 0.880859 0.525391 0.876953 0.529297 0.875000 0.529297 0.863281 0.541016 0.863281 0.544922 0.861328 0.546875 0.861328 0.556641 0.871094 0.566406 0.873047 0.566406 0.876953 0.570312 0.884766 0.570312 0.888672 0.566406 0.890625 0.566406 0.890625 0.564453 0.892578 0.562500 0.892578 0.560547 0.894531 0.558594 0.894531 0.554688 0.896484 0.552734 0.896484 0.539062 0.894531 0.537109 0.894531 0.535156 0.890625 0.531250 0.890625 0.529297 0.888672 0.529297 0.884766 0.525391
0 0.779297 0.548828 0.777344 0.550781 0.775391 0.550781 0.773438 0.552734 0.771484 0.552734 0.771484 0.554688 0.767578 0.558594 0.767578 0.560547 0.765625 0.562500 0.765625 0.564453 0.763672 0.566406 0.763672 0.570312 0.759766 0.574219 0.759766 0.597656 0.761719 0.599609 0.761719 0.603516 0.763672 0.605469 0.763672 0.607422 0.773438 0.617188 0.775391 0.617188 0.779297 0.621094 0.787109 0.621094 0.789062 0.623047 0.800781 0.623047 0.802734 0.621094 0.808594 0.621094 0.812500 0.617188 0.812500 0.615234 0.818359 0.609375 0.818359 0.607422 0.820312 0.605469 0.820312 0.603516 0.822266 0.601562 0.822266 0.599609 0.824219 0.597656 0.824219 0.583984 0.822266 0.582031 0.822266 0.578125 0.820312 0.576172 0.820312 0.572266 0.804688 0.556641 0.802734 0.556641 0.800781 0.554688 0.798828 0.554688 0.796875 0.552734 0.794922 0.552734 0.792969 0.550781 0.789062 0.550781 0.787109 0.548828
0 0.703125 0.585938 0.695312 0.593750 0.695312 0.603516 0.697266 0.605469 0.697266 0.607422 0.701172 0.611328 0.703125 0.611328 0.705078 0.613281 0.714844 0.613281 0.722656 0.605469 0.722656 0.603516 0.724609 0.601562 0.724609 0.595703 0.722656 0.593750 0.722656 0.589844 0.720703 0.587891 0.718750 0.587891 0.716797 0.585938
0 0.722656 0.607422 0.718750 0.611328 0.718750 0.625000 0.720703 0.626953 0.720703 0.628906 0.724609 0.632812 0.728516 0.632812 0.730469 0.634766 0.736328 0.634766 0.738281 0.636719 0.746094 0.636719 0.746094 0.626953 0.744141 0.625000 0.744141 0.623047 0.728516 0.607422
0 0.000000 0.587891 0.000000 0.662109 0.001953 0.660156 0.005859 0.660156 0.007812 0.658203 0.009766 0.658203 0.013672 0.654297 0.015625 0.654297 0.017578 0.652344 0.019531 0.652344 0.029297 0.642578 0.029297 0.625000 0.025391 0.621094 0.025391 0.619141 0.021484 0.615234 0.021484 0.613281 0.017578 0.609375 0.017578 0.607422 0.011719 0.601562 0.011719 0.599609 0.003906 0.591797 0.003906 0.589844 0.001953 0.589844
0 0.857422 0.638672 0.851562 0.644531 0.851562 0.646484 0.849609 0.648438 0.849609 0.667969 0.851562 0.669922 0.851562 0.673828 0.859375 0.681641 0.882812 0.681641 0.886719 0.677734 0.886719 0.673828 0.884766 0.671875 0.884766 0.667969 0.882812 0.666016 0.882812 0.664062 0.878906 0.660156 0.878906 0.658203 0.876953 0.656250 0.876953 0.652344 0.875000 0.650391 0.875000 0.648438 0.871094 0.644531 0.871094 0.642578 0.867188 0.638672
0 0.802734 0.691406 0.800781 0.693359 0.792969 0.693359 0.789062 0.697266 0.789062 0.699219 0.787109 0.701172 0.787109 0.703125 0.785156 0.705078 0.785156 0.730469 0.787109 0.732422 0.787109 0.738281 0.789062 0.740234 0.789062 0.744141 0.791016 0.746094 0.791016 0.748047 0.792969 0.750000 0.792969 0.751953 0.796875 0.755859 0.798828 0.755859 0.800781 0.757812 0.802734 0.757812 0.804688 0.759766 0.806641 0.759766 0.808594 0.761719 0.810547 0.761719 0.812500 0.763672 0.816406 0.763672 0.818359 0.765625 0.826172 0.765625 0.828125 0.763672 0.835938 0.763672 0.841797 0.757812 0.841797 0.753906 0.843750 0.751953 0.843750 0.746094 0.845703 0.744141 0.845703 0.740234 0.847656 0.738281 0.847656 0.712891 0.845703 0.710938 0.845703 0.708984 0.843750 0.707031 0.843750 0.705078 0.841797 0.703125 0.839844 0.703125 0.837891 0.701172 0.835938 0.701172 0.832031 0.697266 0.830078 0.697266 0.828125 0.695312 0.822266 0.695312 0.820312 0.693359 0.816406 0.693359 0.814453 0.691406
0 0.927734 0.699219 0.923828 0.703125 0.921875 0.703125 0.917969 0.707031 0.916016 0.707031 0.916016 0.716797 0.917969 0.718750 0.917969 0.720703 0.919922 0.722656 0.919922 0.724609 0.921875 0.726562 0.921875 0.728516 0.923828 0.730469 0.923828 0.732422 0.929688 0.738281 0.929688 0.740234 0.933594 0.744141 0.933594 0.746094 0.935547 0.748047 0.935547 0.750000 0.941406 0.755859 0.943359 0.755859 0.947266 0.759766 0.949219 0.759766 0.951172 0.761719 0.953125 0.761719 0.957031 0.765625 0.960938 0.765625 0.966797 0.759766 0.966797 0.755859 0.968750 0.753906 0.968750 0.750000 0.970703 0.748047 0.970703 0.732422 0.968750 0.730469 0.968750 0.722656 0.966797 0.720703 0.966797 0.716797 0.962891 0.712891 0.962891 0.710938 0.960938 0.710938 0.957031 0.707031 0.955078 0.707031 0.953125 0.705078 0.949219 0.705078 0.945312 0.701172 0.943359 0.701172 0.941406 0.699219
0 0.695312 0.785156 0.693359 0.787109 0.691406 0.787109 0.687500 0.791016 0.683594 0.791016 0.683594 0.792969 0.679688 0.796875 0.679688 0.798828 0.677734 0.800781 0.677734 0.804688 0.679688 0.806641 0.679688 0.808594 0.683594 0.812500 0.697266 0.812500 0.699219 0.810547 0.705078 0.810547 0.708984 0.806641 0.710938 0.806641 0.716797 0.800781 0.716797 0.794922 0.714844 0.792969 0.714844 0.789062 0.712891 0.787109 0.708984 0.787109 0.707031 0.785156
0 0.718750 0.804688 0.716797 0.806641 0.714844 0.806641 0.712891 0.808594 0.712891 0.816406 0.714844 0.818359 0.714844 0.820312 0.718750 0.824219 0.722656 0.824219 0.724609 0.826172 0.728516 0.826172 0.730469 0.828125 0.736328 0.828125 0.738281 0.830078 0.744141 0.830078 0.746094 0.828125 0.748047 0.828125 0.750000 0.826172 0.751953 0.826172 0.751953 0.818359 0.750000 0.816406 0.750000 0.814453 0.748047 0.814453 0.746094 0.812500 0.744141 0.812500 0.740234 0.808594 0.736328 0.808594 0.734375 0.806641 0.730469 0.806641 0.728516 0.804688
0 0.343750 0.861328 0.341797 0.863281 0.339844 0.863281 0.335938 0.867188 0.337891 0.869141 0.337891 0.873047 0.341797 0.876953 0.341797 0.878906 0.345703 0.882812 0.347656 0.882812 0.349609 0.884766 0.351562 0.884766 0.353516 0.886719 0.371094 0.886719 0.373047 0.884766 0.375000 0.884766 0.378906 0.880859 0.378906 0.878906 0.376953 0.876953 0.376953 0.875000 0.369141 0.867188 0.367188 0.867188 0.363281 0.863281 0.361328 0.863281 0.359375 0.861328
0 0.220703 0.857422 0.218750 0.859375 0.210938 0.859375 0.208984 0.861328 0.205078 0.861328 0.203125 0.863281 0.201172 0.863281 0.197266 0.867188 0.197266 0.880859 0.203125 0.886719 0.205078 0.886719 0.207031 0.888672 0.210938 0.888672 0.212891 0.890625 0.216797 0.890625 0.218750 0.892578 0.224609 0.892578 0.226562 0.894531 0.238281 0.894531 0.240234 0.896484 0.251953 0.896484 0.253906 0.894531 0.259766 0.894531 0.261719 0.892578 0.263672 0.892578 0.265625 0.890625 0.265625 0.873047 0.263672 0.871094 0.263672 0.869141 0.257812 0.863281 0.255859 0.863281 0.251953 0.859375 0.250000 0.859375 0.248047 0.857422
0 0.992188 0.851562 0.990234 0.853516 0.988281 0.853516 0.986328 0.855469 0.982422 0.855469 0.980469 0.857422 0.974609 0.857422 0.972656 0.859375 0.966797 0.859375 0.964844 0.861328 0.962891 0.861328 0.960938 0.863281 0.958984 0.863281 0.958984 0.878906 0.960938 0.880859 0.960938 0.886719 0.962891 0.888672 0.962891 0.896484 0.964844 0.898438 0.964844 0.900391 0.968750 0.904297 0.976562 0.904297 0.978516 0.902344 0.988281 0.902344 0.990234 0.900391 0.996094 0.900391 0.998047 0.898438 0.998047 0.853516 0.996094 0.853516 0.994141 0.851562
0 0.109375 0.861328 0.107422 0.863281 0.105469 0.863281 0.101562 0.867188 0.101562 0.878906 0.103516 0.880859 0.103516 0.908203 0.101562 0.910156 0.101562 0.921875 0.105469 0.925781 0.115234 0.925781 0.123047 0.917969 0.123047 0.916016 0.130859 0.908203 0.130859 0.906250 0.134766 0.902344 0.134766 0.900391 0.136719 0.898438 0.136719 0.875000 0.134766 0.873047 0.134766 0.871094 0.132812 0.869141 0.132812 0.867188 0.130859 0.865234 0.128906 0.865234 0.126953 0.863281 0.125000 0.863281 0.123047 0.861328
0 0.345703 0.890625 0.343750 0.892578 0.339844 0.892578 0.337891 0.894531 0.333984 0.894531 0.332031 0.896484 0.330078 0.896484 0.330078 0.904297 0.333984 0.908203 0.333984 0.910156 0.343750 0.919922 0.347656 0.919922 0.349609 0.921875 0.359375 0.921875 0.361328 0.919922 0.363281 0.919922 0.367188 0.916016 0.367188 0.894531 0.365234 0.892578 0.365234 0.890625
0 0.644531 0.982422 0.642578 0.984375 0.640625 0.984375 0.634766 0.990234 0.634766 0.992188 0.630859 0.996094 0.628906 0.996094 0.630859 0.996094 0.632812 0.998047 0.671875 0.998047 0.671875 0.996094 0.669922 0.994141 0.667969 0.994141 0.664062 0.990234 0.662109 0.990234 0.658203 0.986328 0.656250 0.986328 0.652344 0.982422
