0 0.449219 0.000000 0.449219 0.005859 0.451172 0.007812 0.451172 0.015625 0.453125 0.017578 0.455078 0.017578 0.457031 0.015625 0.466797 0.015625 0.468750 0.013672 0.470703 0.013672 0.474609 0.009766 0.476562 0.009766 0.476562 0.007812 0.480469 0.003906 0.482422 0.003906 0.486328 0.000000
0 0.457031 0.017578 0.449219 0.025391 0.449219 0.037109 0.451172 0.039062 0.451172 0.041016 0.455078 0.044922 0.455078 0.046875 0.460938 0.052734 0.462891 0.052734 0.466797 0.056641 0.468750 0.056641 0.472656 0.060547 0.484375 0.060547 0.486328 0.058594 0.488281 0.058594 0.490234 0.056641 0.490234 0.054688 0.492188 0.052734 0.492188 0.042969 0.490234 0.041016 0.490234 0.037109 0.488281 0.035156 0.488281 0.033203 0.486328 0.033203 0.472656 0.019531 0.470703 0.019531 0.468750 0.017578
0 0.753906 0.087891 0.751953 0.089844 0.751953 0.097656 0.750000 0.099609 0.750000 0.101562 0.746094 0.105469 0.746094 0.107422 0.744141 0.109375 0.744141 0.113281 0.746094 0.115234 0.769531 0.115234 0.773438 0.111328 0.773438 0.101562 0.767578 0.095703 0.767578 0.093750 0.763672 0.089844 0.761719 0.089844 0.759766 0.087891
0 0.529297 0.150391 0.529297 0.152344 0.527344 0.154297 0.527344 0.169922 0.529297 0.171875 0.533203 0.171875 0.535156 0.173828 0.537109 0.173828 0.539062 0.175781 0.541016 0.173828 0.542969 0.173828 0.544922 0.171875 0.548828 0.171875 0.550781 0.169922 0.552734 0.169922 0.552734 0.162109 0.548828 0.158203 0.546875 0.158203 0.542969 0.154297 0.541016 0.154297 0.539062 0.152344 0.537109 0.152344 0.535156 0.150391
0 0.527344 0.173828 0.523438 0.177734 0.523438 0.187500 0.525391 0.189453 0.525391 0.191406 0.533203 0.199219 0.542969 0.199219 0.544922 0.197266 0.544922 0.195312 0.541016 0.191406 0.541016 0.189453 0.537109 0.185547 0.537109 0.179688 0.539062 0.177734 0.537109 0.175781 0.535156 0.175781 0.533203 0.173828
0 0.726562 0.289062 0.724609 0.291016 0.724609 0.294922 0.722656 0.296875 0.722656 0.300781 0.724609 0.302734 0.724609 0.304688 0.728516 0.308594 0.736328 0.308594 0.740234 0.304688 0.740234 0.294922 0.738281 0.292969 0.738281 0.291016 0.736328 0.291016 0.734375 0.289062
0 0.775391 0.292969 0.773438 0.294922 0.771484 0.294922 0.769531 0.296875 0.767578 0.296875 0.763672 0.300781 0.763672 0.302734 0.759766 0.306641 0.759766 0.310547 0.757812 0.312500 0.757812 0.326172 0.759766 0.328125 0.759766 0.330078 0.763672 0.333984 0.765625 0.333984 0.767578 0.335938 0.771484 0.335938 0.773438 0.337891 0.783203 0.337891 0.785156 0.335938 0.791016 0.335938 0.792969 0.333984 0.794922 0.333984 0.800781 0.328125 0.800781 0.326172 0.804688 0.322266 0.804688 0.306641 0.800781 0.302734 0.800781 0.300781 0.794922 0.294922 0.792969 0.294922 0.791016 0.292969
0 0.882812 0.314453 0.880859 0.316406 0.876953 0.316406 0.871094 0.322266 0.869141 0.322266 0.869141 0.324219 0.867188 0.326172 0.867188 0.328125 0.865234 0.330078 0.865234 0.351562 0.873047 0.359375 0.876953 0.359375 0.880859 0.355469 0.882812 0.355469 0.884766 0.353516 0.888672 0.353516 0.890625 0.351562 0.896484 0.351562 0.898438 0.353516 0.906250 0.353516 0.908203 0.355469 0.914062 0.355469 0.916016 0.357422 0.921875 0.357422 0.923828 0.359375 0.925781 0.359375 0.927734 0.357422 0.927734 0.349609 0.925781 0.347656 0.925781 0.343750 0.921875 0.339844 0.921875 0.337891 0.919922 0.335938 0.919922 0.333984 0.906250 0.320312 0.904297 0.320312 0.900391 0.316406 0.894531 0.316406 0.892578 0.314453
0 0.890625 0.353516 0.888672 0.355469 0.884766 0.355469 0.882812 0.357422 0.880859 0.357422 0.876953 0.361328 0.876953 0.373047 0.880859 0.376953 0.880859 0.378906 0.882812 0.380859 0.882812 0.382812 0.886719 0.386719 0.886719 0.388672 0.888672 0.390625 0.888672 0.392578 0.892578 0.396484 0.892578 0.398438 0.894531 0.400391 0.894531 0.402344 0.902344 0.410156 0.904297 0.410156 0.906250 0.412109 0.906250 0.414062 0.908203 0.414062 0.910156 0.416016 0.914062 0.416016 0.917969 0.419922 0.919922 0.419922 0.921875 0.421875 0.929688 0.421875 0.931641 0.419922 0.933594 0.419922 0.935547 0.417969 0.935547 0.416016 0.941406 0.410156 0.941406 0.406250 0.943359 0.404297 0.943359 0.398438 0.945312 0.396484 0.945312 0.382812 0.943359 0.380859 0.943359 0.373047 0.941406 0.371094 0.941406 0.369141 0.933594 0.361328 0.923828 0.361328 0.921875 0.359375 0.916016 0.359375 0.914062 0.357422 0.908203 0.357422 0.906250 0.355469 0.898438 0.355469 0.896484 0.353516
0 0.445312 0.353516 0.443359 0.355469 0.441406 0.355469 0.443359 0.357422 0.443359 0.367188 0.445312 0.369141 0.445312 0.373047 0.447266 0.375000 0.447266 0.380859 0.449219 0.382812 0.449219 0.388672 0.451172 0.390625 0.451172 0.410156 0.449219 0.412109 0.449219 0.429688 0.451172 0.431641 0.451172 0.433594 0.457031 0.439453 0.458984 0.439453 0.462891 0.443359 0.482422 0.443359 0.486328 0.439453 0.486328 0.437500 0.488281 0.435547 0.488281 0.421875 0.486328 0.419922 0.486328 0.412109 0.484375 0.410156 0.484375 0.408203 0.480469 0.404297 0.480469 0.402344 0.476562 0.398438 0.476562 0.396484 0.474609 0.394531 0.474609 0.388672 0.472656 0.386719 0.472656 0.376953 0.470703 0.375000 0.470703 0.369141 0.468750 0.367188 0.468750 0.365234 0.462891 0.359375 0.462891 0.357422 0.460938 0.357422 0.458984 0.355469 0.457031 0.355469 0.455078 0.353516
0 0.162109 0.404297 0.162109 0.406250 0.160156 0.408203 0.160156 0.410156 0.160156 0.408203 0.162109 0.406250
0 0.986328 0.416016 0.984375 0.417969 0.980469 0.417969 0.978516 0.419922 0.974609 0.419922 0.972656 0.421875 0.968750 0.421875 0.966797 0.423828 0.964844 0.423828 0.962891 0.425781 0.960938 0.425781 0.955078 0.431641 0.953125 0.431641 0.947266 0.437500 0.947266 0.439453 0.943359 0.443359 0.943359 0.445312 0.941406 0.447266 0.941406 0.449219 0.939453 0.451172 0.939453 0.453125 0.937500 0.455078 0.937500 0.472656 0.939453 0.474609 0.939453 0.478516 0.941406 0.480469 0.941406 0.484375 0.943359 0.486328 0.943359 0.488281 0.945312 0.490234 0.945312 0.492188 0.955078 0.501953 0.958984 0.501953 0.960938 0.503906 0.998047 0.503906 0.998047 0.417969 0.996094 0.416016
0 0.173828 0.382812 0.167969 0.388672 0.167969 0.394531 0.166016 0.396484 0.166016 0.400391 0.164062 0.402344 0.164062 0.406250 0.162109 0.408203 0.162109 0.410156 0.160156 0.412109 0.160156 0.416016 0.156250 0.419922 0.156250 0.421875 0.154297 0.423828 0.154297 0.425781 0.152344 0.427734 0.152344 0.431641 0.150391 0.433594 0.150391 0.437500 0.148438 0.439453 0.148438 0.445312 0.146484 0.447266 0.146484 0.449219 0.144531 0.451172 0.144531 0.455078 0.142578 0.457031 0.142578 0.458984 0.140625 0.460938 0.140625 0.464844 0.138672 0.466797 0.138672 0.472656 0.136719 0.474609 0.136719 0.482422 0.134766 0.484375 0.134766 0.498047 0.136719 0.500000 0.136719 0.501953 0.138672 0.503906 0.138672 0.505859 0.140625 0.507812 0.140625 0.509766 0.142578 0.511719 0.142578 0.517578 0.144531 0.519531 0.144531 0.523438 0.146484 0.525391 0.146484 0.554688 0.148438 0.556641 0.148438 0.558594 0.152344 0.562500 0.152344 0.564453 0.164062 0.576172 0.164062 0.578125 0.167969 0.582031 0.169922 0.582031 0.179688 0.572266 0.179688 0.570312 0.183594 0.566406 0.183594 0.564453 0.185547 0.562500 0.185547 0.556641 0.187500 0.554688 0.187500 0.548828 0.189453 0.546875 0.189453 0.542969 0.191406 0.541016 0.191406 0.533203 0.193359 0.531250 0.193359 0.468750 0.195312 0.466797 0.195312 0.433594 0.193359 0.431641 0.193359 0.423828 0.191406 0.421875 0.191406 0.414062 0.189453 0.412109 0.189453 0.410156 0.187500 0.408203 0.187500 0.404297 0.185547 0.402344 0.185547 0.396484 0.183594 0.394531 0.183594 0.390625 0.181641 0.388672 0.181641 0.386719 0.179688 0.384766 0.179688 0.382812
0 0.585938 0.462891 0.583984 0.464844 0.576172 0.464844 0.574219 0.466797 0.568359 0.466797 0.564453 0.470703 0.562500 0.470703 0.560547 0.472656 0.558594 0.472656 0.548828 0.482422 0.548828 0.486328 0.546875 0.488281 0.546875 0.509766 0.548828 0.511719 0.548828 0.517578 0.550781 0.519531 0.550781 0.521484 0.552734 0.523438 0.552734 0.529297 0.554688 0.531250 0.554688 0.539062 0.564453 0.548828 0.566406 0.548828 0.570312 0.552734 0.572266 0.552734 0.574219 0.554688 0.576172 0.554688 0.580078 0.558594 0.583984 0.558594 0.585938 0.560547 0.599609 0.560547 0.601562 0.558594 0.609375 0.558594 0.613281 0.554688 0.615234 0.554688 0.617188 0.552734 0.619141 0.552734 0.619141 0.550781 0.621094 0.548828 0.623047 0.548828 0.623047 0.546875 0.625000 0.544922 0.625000 0.541016 0.626953 0.539062 0.626953 0.523438 0.625000 0.521484 0.625000 0.517578 0.623047 0.515625 0.623047 0.513672 0.617188 0.507812 0.617188 0.496094 0.615234 0.494141 0.615234 0.488281 0.613281 0.486328 0.613281 0.480469 0.611328 0.478516 0.611328 0.476562 0.607422 0.472656 0.607422 0.470703 0.605469 0.470703 0.601562 0.466797 0.599609 0.466797 0.597656 0.464844 0.595703 0.464844 0.593750 0.462891
0 0.673828 0.501953 0.671875 0.503906 0.669922 0.503906 0.667969 0.505859 0.666016 0.505859 0.662109 0.509766 0.660156 0.509766 0.658203 0.511719 0.656250 0.511719 0.646484 0.521484 0.646484 0.525391 0.644531 0.527344 0.644531 0.544922 0.646484 0.546875 0.646484 0.550781 0.648438 0.552734 0.650391 0.552734 0.652344 0.554688 0.654297 0.554688 0.656250 0.556641 0.658203 0.556641 0.660156 0.558594 0.664062 0.558594 0.666016 0.560547 0.671875 0.560547 0.673828 0.562500 0.685547 0.562500 0.687500 0.560547 0.691406 0.560547 0.695312 0.556641 0.697266 0.556641 0.708984 0.544922 0.708984 0.533203 0.707031 0.531250 0.707031 0.529297 0.703125 0.525391 0.703125 0.523438 0.701172 0.521484 0.701172 0.517578 0.699219 0.515625 0.699219 0.513672 0.689453 0.503906 0.687500 0.503906 0.685547 0.501953
0 0.125000 0.498047 0.123047 0.500000 0.121094 0.500000 0.121094 0.501953 0.109375 0.513672 0.109375 0.515625 0.105469 0.519531 0.105469 0.521484 0.103516 0.523438 0.103516 0.525391 0.101562 0.527344 0.101562 0.529297 0.097656 0.533203 0.097656 0.535156 0.095703 0.537109 0.095703 0.548828 0.097656 0.550781 0.097656 0.558594 0.099609 0.560547 0.099609 0.566406 0.103516 0.570312 0.103516 0.572266 0.105469 0.574219 0.105469 0.576172 0.109375 0.580078 0.109375 0.589844 0.111328 0.591797 0.111328 0.595703 0.113281 0.597656 0.117188 0.597656 0.117188 0.595703 0.119141 0.593750 0.121094 0.593750 0.123047 0.591797 0.126953 0.591797 0.130859 0.587891 0.130859 0.582031 0.134766 0.578125 0.134766 0.574219 0.136719 0.572266 0.136719 0.568359 0.140625 0.564453 0.140625 0.560547 0.142578 0.558594 0.142578 0.554688 0.144531 0.552734 0.144531 0.525391 0.142578 0.523438 0.142578 0.519531 0.140625 0.517578 0.140625 0.511719 0.138672 0.509766 0.138672 0.507812 0.136719 0.505859 0.136719 0.503906 0.134766 0.501953 0.134766 0.500000 0.132812 0.498047
0 0.982422 0.574219 0.978516 0.578125 0.976562 0.578125 0.974609 0.580078 0.974609 0.609375 0.976562 0.611328 0.976562 0.617188 0.980469 0.621094 0.982422 0.621094 0.986328 0.625000 0.988281 0.625000 0.990234 0.626953 0.994141 0.626953 0.996094 0.625000 0.998047 0.625000 0.998047 0.574219
0 0.718750 0.601562 0.716797 0.603516 0.716797 0.605469 0.708984 0.613281 0.707031 0.613281 0.705078 0.615234 0.697266 0.615234 0.697266 0.619141 0.701172 0.623047 0.703125 0.623047 0.707031 0.626953 0.708984 0.626953 0.710938 0.628906 0.722656 0.628906 0.728516 0.623047 0.730469 0.623047 0.736328 0.617188 0.736328 0.611328 0.734375 0.609375 0.734375 0.607422 0.730469 0.603516 0.728516 0.603516 0.726562 0.601562
0 0.128906 0.591797 0.126953 0.593750 0.123047 0.593750 0.121094 0.595703 0.119141 0.595703 0.119141 0.597656 0.117188 0.599609 0.117188 0.601562 0.115234 0.603516 0.115234 0.605469 0.113281 0.607422 0.113281 0.609375 0.111328 0.611328 0.111328 0.617188 0.109375 0.619141 0.109375 0.626953 0.107422 0.628906 0.107422 0.634766 0.105469 0.636719 0.105469 0.640625 0.103516 0.642578 0.103516 0.644531 0.099609 0.648438 0.099609 0.650391 0.097656 0.652344 0.097656 0.654297 0.091797 0.660156 0.091797 0.662109 0.087891 0.666016 0.087891 0.667969 0.085938 0.669922 0.085938 0.671875 0.082031 0.675781 0.082031 0.677734 0.078125 0.681641 0.078125 0.683594 0.074219 0.687500 0.074219 0.689453 0.070312 0.693359 0.070312 0.695312 0.068359 0.697266 0.068359 0.703125 0.070312 0.703125 0.072266 0.701172 0.074219 0.701172 0.095703 0.679688 0.097656 0.679688 0.099609 0.677734 0.099609 0.675781 0.101562 0.673828 0.103516 0.673828 0.105469 0.671875 0.107422 0.671875 0.134766 0.644531 0.134766 0.642578 0.138672 0.638672 0.138672 0.636719 0.140625 0.634766 0.140625 0.632812 0.142578 0.630859 0.142578 0.605469 0.140625 0.603516 0.140625 0.599609 0.136719 0.595703 0.136719 0.591797
0 0.875000 0.640625 0.875000 0.644531 0.876953 0.646484 0.876953 0.648438 0.880859 0.652344 0.880859 0.654297 0.882812 0.656250 0.882812 0.658203 0.890625 0.666016 0.892578 0.666016 0.894531 0.667969 0.894531 0.669922 0.898438 0.673828 0.902344 0.673828 0.902344 0.671875 0.904297 0.669922 0.914062 0.669922 0.917969 0.673828 0.919922 0.673828 0.921875 0.675781 0.923828 0.675781 0.925781 0.673828 0.927734 0.673828 0.929688 0.671875 0.931641 0.671875 0.931641 0.669922 0.925781 0.664062 0.923828 0.664062 0.917969 0.658203 0.916016 0.658203 0.912109 0.654297 0.910156 0.654297 0.902344 0.646484 0.900391 0.646484 0.896484 0.642578 0.894531 0.642578 0.892578 0.640625
0 0.904297 0.671875 0.904297 0.673828 0.902344 0.675781 0.902344 0.677734 0.900391 0.679688 0.898438 0.679688 0.896484 0.681641 0.892578 0.681641 0.888672 0.685547 0.888672 0.693359 0.890625 0.695312 0.892578 0.695312 0.896484 0.699219 0.898438 0.699219 0.900391 0.701172 0.904297 0.701172 0.906250 0.703125 0.910156 0.703125 0.912109 0.705078 0.923828 0.705078 0.925781 0.703125 0.927734 0.703125 0.927734 0.691406 0.925781 0.689453 0.925781 0.683594 0.923828 0.681641 0.923828 0.679688 0.919922 0.675781 0.917969 0.675781 0.914062 0.671875
0 0.738281 0.732422 0.736328 0.734375 0.734375 0.734375 0.732422 0.736328 0.732422 0.744141 0.734375 0.746094 0.734375 0.750000 0.740234 0.750000 0.742188 0.751953 0.746094 0.751953 0.748047 0.753906 0.751953 0.753906 0.757812 0.759766 0.759766 0.759766 0.761719 0.761719 0.763672 0.761719 0.767578 0.765625 0.769531 0.765625 0.771484 0.767578 0.773438 0.767578 0.777344 0.771484 0.779297 0.771484 0.783203 0.767578 0.783203 0.755859 0.781250 0.753906 0.781250 0.750000 0.779297 0.748047 0.779297 0.746094 0.773438 0.740234 0.771484 0.740234 0.767578 0.736328 0.765625 0.736328 0.763672 0.734375 0.757812 0.734375 0.755859 0.732422
0 0.607422 0.755859 0.605469 0.757812 0.601562 0.757812 0.597656 0.761719 0.595703 0.761719 0.582031 0.775391 0.582031 0.777344 0.580078 0.779297 0.580078 0.781250 0.578125 0.783203 0.578125 0.789062 0.580078 0.791016 0.591797 0.791016 0.593750 0.789062 0.595703 0.789062 0.597656 0.787109 0.601562 0.787109 0.601562 0.785156 0.603516 0.783203 0.603516 0.781250 0.607422 0.777344 0.607422 0.775391 0.617188 0.765625 0.617188 0.761719 0.615234 0.759766 0.615234 0.755859
0 0.625000 0.763672 0.623047 0.765625 0.621094 0.765625 0.619141 0.767578 0.617188 0.767578 0.609375 0.775391 0.609375 0.777344 0.605469 0.781250 0.605469 0.783203 0.603516 0.785156 0.603516 0.796875 0.605469 0.798828 0.607422 0.798828 0.611328 0.802734 0.613281 0.802734 0.617188 0.806641 0.617188 0.808594 0.619141 0.810547 0.621094 0.810547 0.623047 0.812500 0.634766 0.812500 0.636719 0.810547 0.638672 0.810547 0.640625 0.808594 0.642578 0.808594 0.646484 0.804688 0.646484 0.802734 0.648438 0.800781 0.648438 0.796875 0.650391 0.794922 0.650391 0.783203 0.648438 0.781250 0.648438 0.777344 0.646484 0.775391 0.646484 0.773438 0.642578 0.769531 0.640625 0.769531 0.638672 0.767578 0.636719 0.767578 0.634766 0.765625 0.632812 0.765625 0.630859 0.763672
0 0.734375 0.751953 0.716797 0.769531 0.714844 0.769531 0.712891 0.771484 0.712891 0.773438 0.710938 0.775391 0.710938 0.779297 0.708984 0.781250 0.708984 0.787109 0.707031 0.789062 0.707031 0.810547 0.708984 0.812500 0.708984 0.816406 0.712891 0.820312 0.712891 0.822266 0.716797 0.826172 0.716797 0.828125 0.718750 0.828125 0.720703 0.830078 0.724609 0.830078 0.726562 0.832031 0.732422 0.832031 0.734375 0.830078 0.740234 0.830078 0.746094 0.824219 0.748047 0.824219 0.750000 0.822266 0.750000 0.820312 0.753906 0.816406 0.753906 0.814453 0.755859 0.812500 0.755859 0.810547 0.757812 0.808594 0.757812 0.806641 0.761719 0.802734 0.761719 0.800781 0.763672 0.798828 0.765625 0.798828 0.765625 0.796875 0.769531 0.792969 0.771484 0.792969 0.771484 0.791016 0.773438 0.789062 0.773438 0.787109 0.777344 0.783203 0.777344 0.773438 0.773438 0.769531 0.771484 0.769531 0.769531 0.767578 0.767578 0.767578 0.763672 0.763672 0.761719 0.763672 0.759766 0.761719 0.757812 0.761719 0.751953 0.755859 0.748047 0.755859 0.746094 0.753906 0.742188 0.753906 0.740234 0.751953
0 0.451172 0.773438 0.449219 0.775391 0.445312 0.775391 0.443359 0.777344 0.441406 0.777344 0.439453 0.779297 0.437500 0.779297 0.429688 0.787109 0.429688 0.789062 0.425781 0.792969 0.425781 0.794922 0.421875 0.798828 0.421875 0.820312 0.423828 0.822266 0.423828 0.824219 0.435547 0.824219 0.437500 0.822266 0.439453 0.822266 0.441406 0.824219 0.443359 0.824219 0.445312 0.826172 0.447266 0.826172 0.449219 0.828125 0.455078 0.828125 0.457031 0.830078 0.474609 0.830078 0.476562 0.828125 0.478516 0.828125 0.484375 0.822266 0.484375 0.816406 0.486328 0.814453 0.486328 0.804688 0.484375 0.802734 0.484375 0.796875 0.482422 0.794922 0.482422 0.791016 0.480469 0.789062 0.480469 0.787109 0.478516 0.785156 0.478516 0.783203 0.472656 0.777344 0.470703 0.777344 0.468750 0.775391 0.466797 0.775391 0.464844 0.773438
0 0.591797 0.794922 0.589844 0.796875 0.587891 0.796875 0.587891 0.798828 0.585938 0.800781 0.585938 0.820312 0.587891 0.822266 0.587891 0.824219 0.589844 0.824219 0.591797 0.826172 0.591797 0.828125 0.593750 0.828125 0.597656 0.832031 0.609375 0.832031 0.611328 0.830078 0.613281 0.830078 0.615234 0.828125 0.615234 0.826172 0.619141 0.822266 0.619141 0.814453 0.617188 0.812500 0.617188 0.810547 0.615234 0.808594 0.615234 0.806641 0.613281 0.804688 0.611328 0.804688 0.607422 0.800781 0.605469 0.800781 0.603516 0.798828 0.601562 0.798828 0.597656 0.794922
0 0.857422 0.802734 0.851562 0.808594 0.849609 0.808594 0.845703 0.812500 0.841797 0.812500 0.839844 0.814453 0.835938 0.814453 0.835938 0.816406 0.837891 0.818359 0.839844 0.818359 0.843750 0.822266 0.851562 0.822266 0.853516 0.820312 0.855469 0.820312 0.857422 0.818359 0.861328 0.818359 0.863281 0.816406 0.865234 0.816406 0.867188 0.814453 0.869141 0.814453 0.873047 0.810547 0.873047 0.806641 0.871094 0.804688 0.871094 0.802734
0 0.671875 0.798828 0.669922 0.800781 0.667969 0.800781 0.667969 0.804688 0.666016 0.806641 0.666016 0.810547 0.664062 0.812500 0.664062 0.816406 0.662109 0.818359 0.662109 0.824219 0.660156 0.826172 0.660156 0.828125 0.656250 0.832031 0.656250 0.835938 0.654297 0.837891 0.654297 0.843750 0.656250 0.843750 0.658203 0.845703 0.664062 0.845703 0.666016 0.843750 0.669922 0.843750 0.675781 0.837891 0.675781 0.835938 0.679688 0.832031 0.679688 0.830078 0.683594 0.826172 0.683594 0.824219 0.685547 0.822266 0.685547 0.820312 0.687500 0.818359 0.687500 0.816406 0.689453 0.814453 0.689453 0.804688 0.687500 0.802734 0.685547 0.802734 0.681641 0.798828
0 0.896484 0.808594 0.892578 0.812500 0.892578 0.832031 0.894531 0.833984 0.894531 0.835938 0.896484 0.835938 0.898438 0.837891 0.902344 0.837891 0.904297 0.835938 0.904297 0.820312 0.902344 0.818359 0.902344 0.814453 0.900391 0.812500 0.900391 0.810547 0.898438 0.808594
0 0.898438 0.843750 0.894531 0.847656 0.894531 0.851562 0.896484 0.853516 0.896484 0.855469 0.900391 0.859375 0.904297 0.859375 0.906250 0.857422 0.908203 0.857422 0.908203 0.853516 0.906250 0.851562 0.906250 0.849609 0.904297 0.847656 0.904297 0.845703 0.900391 0.845703
0 0.923828 0.830078 0.921875 0.832031 0.919922 0.832031 0.919922 0.857422 0.921875 0.859375 0.921875 0.863281 0.923828 0.865234 0.923828 0.869141 0.927734 0.873047 0.927734 0.875000 0.929688 0.876953 0.929688 0.878906 0.937500 0.878906 0.943359 0.873047 0.943359 0.871094 0.947266 0.867188 0.947266 0.861328 0.949219 0.859375 0.949219 0.845703 0.947266 0.843750 0.947266 0.839844 0.939453 0.832031 0.937500 0.832031 0.935547 0.830078
0 0.458984 0.832031 0.457031 0.833984 0.455078 0.833984 0.449219 0.839844 0.449219 0.841797 0.447266 0.843750 0.447266 0.847656 0.445312 0.849609 0.445312 0.865234 0.447266 0.867188 0.447266 0.873047 0.449219 0.875000 0.449219 0.878906 0.451172 0.880859 0.462891 0.880859 0.472656 0.871094 0.472656 0.869141 0.474609 0.867188 0.474609 0.863281 0.476562 0.861328 0.476562 0.857422 0.478516 0.855469 0.478516 0.845703 0.474609 0.841797 0.474609 0.839844 0.470703 0.835938 0.470703 0.833984 0.468750 0.833984 0.466797 0.832031
0 0.808594 0.873047 0.806641 0.875000 0.802734 0.875000 0.804688 0.876953 0.804688 0.880859 0.806641 0.880859 0.808594 0.882812 0.808594 0.884766 0.812500 0.888672 0.812500 0.890625 0.816406 0.894531 0.816406 0.896484 0.824219 0.904297 0.828125 0.904297 0.832031 0.908203 0.835938 0.908203 0.837891 0.910156 0.847656 0.910156 0.851562 0.906250 0.851562 0.896484 0.849609 0.894531 0.849609 0.892578 0.839844 0.882812 0.835938 0.882812 0.833984 0.880859 0.832031 0.880859 0.828125 0.876953 0.824219 0.876953 0.822266 0.875000 0.816406 0.875000 0.814453 0.873047
0 0.908203 0.910156 0.906250 0.912109 0.904297 0.912109 0.902344 0.914062 0.900391 0.914062 0.898438 0.916016 0.898438 0.931641 0.900391 0.933594 0.900391 0.957031 0.902344 0.958984 0.902344 0.960938 0.904297 0.960938 0.906250 0.962891 0.906250 0.964844 0.908203 0.964844 0.912109 0.968750 0.914062 0.968750 0.916016 0.970703 0.917969 0.970703 0.919922 0.972656 0.921875 0.972656 0.923828 0.974609 0.925781 0.974609 0.927734 0.976562 0.939453 0.976562 0.941406 0.974609 0.943359 0.974609 0.947266 0.970703 0.947266 0.964844 0.949219 0.962891 0.949219 0.951172 0.951172 0.949219 0.951172 0.943359 0.953125 0.941406 0.953125 0.931641 0.951172 0.929688 0.951172 0.925781 0.949219 0.923828 0.949219 0.921875 0.947266 0.919922 0.947266 0.917969 0.945312 0.916016 0.943359 0.916016 0.941406 0.914062 0.939453 0.914062 0.935547 0.910156
0 0.716797 0.914062 0.712891 0.917969 0.710938 0.917969 0.705078 0.923828 0.703125 0.923828 0.691406 0.935547 0.691406 0.937500 0.687500 0.941406 0.687500 0.943359 0.685547 0.945312 0.685547 0.947266 0.683594 0.949219 0.683594 0.951172 0.679688 0.955078 0.679688 0.957031 0.677734 0.958984 0.677734 0.962891 0.675781 0.964844 0.675781 0.968750 0.673828 0.970703 0.673828 0.978516 0.671875 0.980469 0.671875 0.986328 0.666016 0.992188 0.666016 0.998047 0.757812 0.998047 0.757812 0.982422 0.755859 0.980469 0.755859 0.976562 0.753906 0.974609 0.753906 0.972656 0.751953 0.970703 0.751953 0.966797 0.750000 0.964844 0.750000 0.960938 0.748047 0.958984 0.748047 0.953125 0.746094 0.951172 0.746094 0.945312 0.744141 0.943359 0.744141 0.935547 0.742188 0.933594 0.742188 0.927734 0.740234 0.925781 0.740234 0.923828 0.738281 0.921875 0.738281 0.919922 0.732422 0.914062
0 0.492188 0.937500 0.490234 0.939453 0.488281 0.939453 0.484375 0.943359 0.482422 0.943359 0.478516 0.947266 0.478516 0.951172 0.474609 0.955078 0.472656 0.955078 0.455078 0.972656 0.455078 0.974609 0.453125 0.976562 0.453125 0.984375 0.455078 0.986328 0.455078 0.988281 0.466797 0.988281 0.474609 0.980469 0.476562 0.980469 0.476562 0.978516 0.478516 0.976562 0.478516 0.974609 0.482422 0.970703 0.482422 0.966797 0.484375 0.964844 0.484375 0.962891 0.488281 0.958984 0.488281 0.957031 0.492188 0.953125 0.492188 0.951172 0.496094 0.947266 0.496094 0.945312 0.500000 0.941406 0.500000 0.939453 0.498047 0.937500
0 0.503906 0.941406 0.501953 0.943359 0.500000 0.943359 0.498047 0.945312 0.498047 0.947266 0.494141 0.951172 0.494141 0.953125 0.490234 0.957031 0.490234 0.958984 0.486328 0.962891 0.486328 0.964844 0.484375 0.966797 0.484375 0.970703 0.482422 0.972656 0.482422 0.986328 0.484375 0.988281 0.484375 0.994141 0.488281 0.998047 0.562500 0.998047 0.562500 0.994141 0.560547 0.992188 0.560547 0.988281 0.558594 0.986328 0.558594 0.982422 0.556641 0.980469 0.556641 0.978516 0.552734 0.974609 0.552734 0.972656 0.550781 0.970703 0.550781 0.964844 0.546875 0.960938 0.546875 0.958984 0.544922 0.957031 0.544922 0.955078 0.541016 0.951172 0.539062 0.951172 0.533203 0.945312 0.531250 0.945312 0.529297 0.943359 0.523438 0.943359 0.521484 0.941406
0 0.324219 0.964844 0.322266 0.966797 0.318359 0.966797 0.316406 0.968750 0.314453 0.968750 0.314453 0.970703 0.306641 0.978516 0.306641 0.980469 0.304688 0.982422 0.304688 0.984375 0.302734 0.986328 0.302734 0.988281 0.296875 0.994141 0.296875 0.998047 0.347656 0.998047 0.351562 0.994141 0.351562 0.992188 0.353516 0.990234 0.353516 0.988281 0.355469 0.986328 0.355469 0.974609 0.353516 0.972656 0.353516 0.970703 0.349609 0.966797 0.347656 0.966797 0.345703 0.964844
