0 0.546875 0.000000 0.546875 0.007812 0.548828 0.009766 0.548828 0.011719 0.550781 0.013672 0.550781 0.015625 0.552734 0.015625 0.554688 0.017578 0.556641 0.017578 0.558594 0.019531 0.562500 0.019531 0.564453 0.021484 0.572266 0.021484 0.574219 0.023438 0.580078 0.023438 0.582031 0.025391 0.599609 0.025391 0.601562 0.023438 0.603516 0.023438 0.607422 0.019531 0.607422 0.017578 0.609375 0.015625 0.609375 0.003906 0.607422 0.001953 0.607422 0.000000
0 0.359375 0.000000 0.361328 0.001953 0.361328 0.003906 0.369141 0.011719 0.369141 0.013672 0.378906 0.023438 0.380859 0.023438 0.384766 0.027344 0.386719 0.027344 0.388672 0.029297 0.390625 0.029297 0.396484 0.035156 0.400391 0.035156 0.402344 0.037109 0.404297 0.037109 0.408203 0.033203 0.416016 0.033203 0.419922 0.037109 0.419922 0.035156 0.421875 0.033203 0.421875 0.031250 0.419922 0.029297 0.419922 0.025391 0.417969 0.023438 0.417969 0.021484 0.416016 0.019531 0.416016 0.017578 0.408203 0.009766 0.408203 0.007812 0.406250 0.005859 0.404297 0.005859 0.398438 0.000000
0 0.654297 0.000000 0.656250 0.001953 0.656250 0.007812 0.658203 0.009766 0.658203 0.011719 0.662109 0.015625 0.662109 0.017578 0.666016 0.021484 0.666016 0.023438 0.671875 0.029297 0.671875 0.031250 0.675781 0.035156 0.677734 0.035156 0.679688 0.037109 0.683594 0.037109 0.685547 0.035156 0.695312 0.035156 0.697266 0.033203 0.710938 0.033203 0.716797 0.027344 0.716797 0.025391 0.718750 0.023438 0.718750 0.011719 0.716797 0.009766 0.716797 0.003906 0.714844 0.001953 0.714844 0.000000
0 0.484375 0.000000 0.486328 0.001953 0.486328 0.003906 0.488281 0.005859 0.488281 0.007812 0.490234 0.009766 0.490234 0.011719 0.496094 0.017578 0.496094 0.019531 0.501953 0.025391 0.501953 0.027344 0.509766 0.035156 0.509766 0.037109 0.515625 0.042969 0.521484 0.042969 0.523438 0.044922 0.523438 0.050781 0.525391 0.050781 0.527344 0.052734 0.527344 0.054688 0.533203 0.060547 0.535156 0.060547 0.535156 0.058594 0.539062 0.054688 0.541016 0.054688 0.542969 0.052734 0.546875 0.052734 0.546875 0.042969 0.544922 0.041016 0.544922 0.037109 0.542969 0.035156 0.542969 0.031250 0.541016 0.029297 0.541016 0.027344 0.539062 0.025391 0.539062 0.023438 0.535156 0.019531 0.535156 0.017578 0.531250 0.013672 0.531250 0.011719 0.529297 0.009766 0.529297 0.007812 0.525391 0.003906 0.525391 0.001953 0.523438 0.000000
0 0.716797 0.033203 0.714844 0.035156 0.697266 0.035156 0.695312 0.037109 0.685547 0.037109 0.683594 0.039062 0.683594 0.041016 0.685547 0.042969 0.685547 0.046875 0.687500 0.048828 0.687500 0.050781 0.701172 0.064453 0.710938 0.064453 0.712891 0.062500 0.714844 0.062500 0.714844 0.060547 0.716797 0.058594 0.718750 0.058594 0.718750 0.056641 0.720703 0.054688 0.720703 0.037109 0.718750 0.035156 0.718750 0.033203
0 0.408203 0.035156 0.406250 0.037109 0.406250 0.048828 0.410156 0.052734 0.410156 0.054688 0.412109 0.056641 0.412109 0.058594 0.423828 0.070312 0.423828 0.072266 0.425781 0.074219 0.427734 0.074219 0.431641 0.078125 0.433594 0.078125 0.435547 0.076172 0.437500 0.076172 0.439453 0.078125 0.441406 0.078125 0.445312 0.082031 0.451172 0.082031 0.453125 0.083984 0.455078 0.083984 0.457031 0.082031 0.457031 0.074219 0.455078 0.072266 0.449219 0.072266 0.441406 0.064453 0.443359 0.062500 0.445312 0.062500 0.445312 0.058594 0.439453 0.052734 0.437500 0.052734 0.431641 0.046875 0.429688 0.046875 0.425781 0.042969 0.423828 0.042969 0.416016 0.035156
0 0.513672 0.044922 0.505859 0.052734 0.505859 0.054688 0.488281 0.072266 0.488281 0.074219 0.492188 0.078125 0.494141 0.078125 0.496094 0.076172 0.500000 0.076172 0.501953 0.074219 0.503906 0.074219 0.507812 0.070312 0.509766 0.070312 0.509766 0.068359 0.517578 0.060547 0.517578 0.058594 0.521484 0.054688 0.521484 0.044922
0 0.447266 0.062500 0.445312 0.064453 0.443359 0.064453 0.449219 0.070312 0.468750 0.070312 0.470703 0.068359 0.470703 0.064453 0.462891 0.064453 0.460938 0.062500
0 0.542969 0.054688 0.541016 0.056641 0.539062 0.056641 0.537109 0.058594 0.537109 0.068359 0.539062 0.070312 0.539062 0.076172 0.541016 0.078125 0.541016 0.082031 0.542969 0.083984 0.542969 0.093750 0.544922 0.095703 0.544922 0.119141 0.546875 0.121094 0.552734 0.121094 0.554688 0.119141 0.556641 0.119141 0.564453 0.111328 0.564453 0.109375 0.566406 0.107422 0.566406 0.105469 0.568359 0.103516 0.568359 0.087891 0.566406 0.085938 0.566406 0.078125 0.564453 0.076172 0.564453 0.070312 0.562500 0.068359 0.562500 0.064453 0.560547 0.064453 0.554688 0.058594 0.552734 0.058594 0.548828 0.054688
0 0.435547 0.078125 0.433594 0.080078 0.429688 0.080078 0.427734 0.082031 0.427734 0.087891 0.429688 0.089844 0.429688 0.091797 0.431641 0.093750 0.431641 0.095703 0.441406 0.105469 0.441406 0.107422 0.445312 0.111328 0.445312 0.113281 0.449219 0.117188 0.449219 0.119141 0.453125 0.123047 0.455078 0.123047 0.474609 0.142578 0.476562 0.142578 0.492188 0.158203 0.494141 0.158203 0.498047 0.162109 0.511719 0.162109 0.515625 0.158203 0.515625 0.152344 0.517578 0.150391 0.517578 0.140625 0.513672 0.136719 0.513672 0.134766 0.509766 0.130859 0.507812 0.130859 0.501953 0.125000 0.500000 0.125000 0.496094 0.121094 0.494141 0.121094 0.492188 0.119141 0.490234 0.119141 0.488281 0.117188 0.484375 0.117188 0.480469 0.113281 0.480469 0.111328 0.478516 0.109375 0.478516 0.107422 0.468750 0.097656 0.466797 0.097656 0.458984 0.089844 0.457031 0.089844 0.451172 0.083984 0.445312 0.083984 0.441406 0.080078 0.439453 0.080078 0.437500 0.078125
0 0.199219 0.105469 0.199219 0.107422 0.195312 0.111328 0.195312 0.125000 0.197266 0.126953 0.197266 0.128906 0.199219 0.130859 0.199219 0.132812 0.203125 0.136719 0.203125 0.138672 0.207031 0.142578 0.208984 0.142578 0.212891 0.146484 0.214844 0.146484 0.216797 0.148438 0.218750 0.148438 0.222656 0.152344 0.224609 0.152344 0.226562 0.154297 0.228516 0.154297 0.232422 0.158203 0.234375 0.158203 0.236328 0.160156 0.238281 0.160156 0.240234 0.162109 0.244141 0.162109 0.246094 0.164062 0.251953 0.164062 0.251953 0.162109 0.255859 0.158203 0.257812 0.158203 0.259766 0.156250 0.261719 0.156250 0.261719 0.148438 0.259766 0.146484 0.259766 0.144531 0.257812 0.142578 0.257812 0.140625 0.251953 0.134766 0.251953 0.132812 0.248047 0.128906 0.248047 0.126953 0.246094 0.126953 0.240234 0.121094 0.238281 0.121094 0.232422 0.115234 0.230469 0.115234 0.226562 0.111328 0.224609 0.111328 0.222656 0.109375 0.216797 0.109375 0.214844 0.107422 0.210938 0.107422 0.208984 0.105469
0 0.000000 0.111328 0.000000 0.134766 0.009766 0.144531 0.009766 0.146484 0.015625 0.152344 0.017578 0.152344 0.023438 0.158203 0.025391 0.158203 0.035156 0.167969 0.035156 0.169922 0.039062 0.173828 0.044922 0.173828 0.048828 0.169922 0.048828 0.167969 0.050781 0.166016 0.050781 0.152344 0.048828 0.150391 0.048828 0.146484 0.046875 0.144531 0.046875 0.142578 0.042969 0.138672 0.042969 0.136719 0.041016 0.134766 0.039062 0.134766 0.035156 0.130859 0.033203 0.130859 0.029297 0.126953 0.027344 0.126953 0.021484 0.121094 0.019531 0.121094 0.017578 0.119141 0.015625 0.119141 0.011719 0.115234 0.009766 0.115234 0.007812 0.113281 0.005859 0.113281 0.003906 0.111328
0 0.160156 0.144531 0.158203 0.146484 0.156250 0.146484 0.154297 0.148438 0.152344 0.148438 0.150391 0.150391 0.152344 0.152344 0.152344 0.160156 0.154297 0.162109 0.154297 0.164062 0.162109 0.171875 0.162109 0.173828 0.164062 0.175781 0.164062 0.177734 0.169922 0.183594 0.171875 0.183594 0.175781 0.187500 0.177734 0.187500 0.181641 0.191406 0.191406 0.191406 0.191406 0.171875 0.195312 0.167969 0.195312 0.166016 0.197266 0.164062 0.199219 0.164062 0.201172 0.162109 0.197266 0.158203 0.195312 0.158203 0.191406 0.154297 0.189453 0.154297 0.187500 0.152344 0.185547 0.152344 0.181641 0.148438 0.179688 0.148438 0.177734 0.146484 0.173828 0.146484 0.171875 0.144531
0 0.414062 0.121094 0.412109 0.123047 0.412109 0.128906 0.414062 0.130859 0.414062 0.132812 0.421875 0.140625 0.421875 0.142578 0.423828 0.142578 0.425781 0.144531 0.425781 0.146484 0.431641 0.152344 0.433594 0.152344 0.437500 0.156250 0.439453 0.156250 0.441406 0.158203 0.443359 0.158203 0.445312 0.160156 0.445312 0.162109 0.447266 0.164062 0.447266 0.166016 0.449219 0.167969 0.451172 0.167969 0.453125 0.169922 0.453125 0.171875 0.455078 0.171875 0.474609 0.191406 0.474609 0.193359 0.476562 0.193359 0.482422 0.199219 0.482422 0.201172 0.484375 0.201172 0.490234 0.207031 0.492188 0.207031 0.496094 0.210938 0.498047 0.210938 0.503906 0.216797 0.505859 0.216797 0.511719 0.222656 0.513672 0.222656 0.517578 0.226562 0.519531 0.226562 0.521484 0.228516 0.523438 0.228516 0.527344 0.232422 0.533203 0.232422 0.535156 0.230469 0.535156 0.222656 0.531250 0.218750 0.531250 0.216797 0.529297 0.216797 0.525391 0.212891 0.523438 0.212891 0.519531 0.208984 0.517578 0.208984 0.511719 0.203125 0.509766 0.203125 0.492188 0.185547 0.492188 0.183594 0.484375 0.175781 0.484375 0.173828 0.482422 0.173828 0.478516 0.169922 0.478516 0.167969 0.466797 0.156250 0.466797 0.154297 0.464844 0.152344 0.462891 0.152344 0.457031 0.146484 0.455078 0.146484 0.447266 0.138672 0.445312 0.138672 0.441406 0.134766 0.437500 0.134766 0.435547 0.132812 0.433594 0.132812 0.429688 0.128906 0.427734 0.128906 0.425781 0.126953 0.423828 0.126953 0.417969 0.121094
0 0.263672 0.156250 0.261719 0.158203 0.259766 0.158203 0.257812 0.160156 0.255859 0.160156 0.253906 0.162109 0.253906 0.173828 0.267578 0.187500 0.267578 0.189453 0.273438 0.195312 0.273438 0.197266 0.281250 0.205078 0.281250 0.207031 0.283203 0.207031 0.285156 0.208984 0.285156 0.210938 0.287109 0.210938 0.294922 0.218750 0.294922 0.220703 0.296875 0.220703 0.308594 0.232422 0.310547 0.232422 0.314453 0.236328 0.316406 0.236328 0.318359 0.238281 0.322266 0.238281 0.322266 0.232422 0.324219 0.230469 0.324219 0.228516 0.328125 0.224609 0.332031 0.224609 0.330078 0.222656 0.330078 0.220703 0.326172 0.216797 0.326172 0.214844 0.318359 0.207031 0.316406 0.207031 0.312500 0.203125 0.312500 0.201172 0.310547 0.199219 0.308594 0.199219 0.296875 0.187500 0.294922 0.187500 0.292969 0.185547 0.292969 0.183594 0.291016 0.183594 0.285156 0.177734 0.283203 0.177734 0.277344 0.171875 0.277344 0.169922 0.273438 0.166016 0.271484 0.166016 0.269531 0.164062 0.269531 0.162109 0.265625 0.158203 0.265625 0.156250
0 0.201172 0.164062 0.199219 0.166016 0.197266 0.166016 0.197266 0.167969 0.193359 0.171875 0.193359 0.195312 0.195312 0.197266 0.195312 0.199219 0.201172 0.205078 0.201172 0.207031 0.203125 0.207031 0.208984 0.212891 0.210938 0.212891 0.222656 0.224609 0.224609 0.224609 0.226562 0.226562 0.226562 0.228516 0.236328 0.238281 0.236328 0.240234 0.238281 0.240234 0.240234 0.242188 0.240234 0.244141 0.250000 0.253906 0.250000 0.255859 0.255859 0.261719 0.255859 0.263672 0.259766 0.267578 0.259766 0.269531 0.261719 0.271484 0.261719 0.273438 0.265625 0.277344 0.265625 0.279297 0.267578 0.281250 0.267578 0.283203 0.269531 0.285156 0.269531 0.287109 0.273438 0.291016 0.273438 0.292969 0.279297 0.298828 0.281250 0.298828 0.285156 0.302734 0.287109 0.302734 0.291016 0.306641 0.292969 0.306641 0.296875 0.310547 0.298828 0.310547 0.300781 0.312500 0.302734 0.312500 0.302734 0.310547 0.308594 0.304688 0.314453 0.304688 0.318359 0.308594 0.318359 0.302734 0.316406 0.300781 0.316406 0.292969 0.314453 0.291016 0.314453 0.285156 0.310547 0.281250 0.310547 0.279297 0.308594 0.277344 0.308594 0.275391 0.304688 0.271484 0.304688 0.269531 0.302734 0.267578 0.302734 0.265625 0.298828 0.261719 0.298828 0.259766 0.296875 0.257812 0.296875 0.255859 0.291016 0.250000 0.291016 0.248047 0.285156 0.242188 0.285156 0.240234 0.279297 0.234375 0.279297 0.232422 0.273438 0.226562 0.273438 0.224609 0.263672 0.214844 0.263672 0.212891 0.259766 0.208984 0.259766 0.207031 0.248047 0.195312 0.248047 0.193359 0.234375 0.179688 0.232422 0.179688 0.228516 0.175781 0.224609 0.175781 0.222656 0.173828 0.220703 0.173828 0.218750 0.171875 0.216797 0.171875 0.212891 0.167969 0.210938 0.167969 0.207031 0.164062
0 0.537109 0.228516 0.537109 0.242188 0.539062 0.244141 0.539062 0.246094 0.542969 0.250000 0.542969 0.251953 0.546875 0.255859 0.546875 0.257812 0.548828 0.257812 0.552734 0.261719 0.554688 0.261719 0.558594 0.265625 0.560547 0.265625 0.562500 0.267578 0.564453 0.267578 0.566406 0.269531 0.574219 0.269531 0.576172 0.267578 0.578125 0.267578 0.580078 0.265625 0.580078 0.261719 0.578125 0.259766 0.578125 0.257812 0.576172 0.255859 0.576172 0.253906 0.570312 0.248047 0.570312 0.246094 0.566406 0.242188 0.566406 0.240234 0.562500 0.236328 0.562500 0.234375 0.560547 0.234375 0.556641 0.230469 0.554688 0.230469 0.552734 0.228516
0 0.328125 0.226562 0.326172 0.228516 0.326172 0.230469 0.324219 0.232422 0.324219 0.240234 0.326172 0.242188 0.326172 0.246094 0.328125 0.248047 0.328125 0.250000 0.330078 0.251953 0.330078 0.253906 0.337891 0.261719 0.337891 0.263672 0.345703 0.271484 0.347656 0.271484 0.349609 0.273438 0.357422 0.273438 0.359375 0.271484 0.359375 0.263672 0.357422 0.261719 0.357422 0.255859 0.355469 0.253906 0.355469 0.251953 0.353516 0.250000 0.353516 0.248047 0.351562 0.246094 0.351562 0.244141 0.349609 0.242188 0.349609 0.240234 0.341797 0.232422 0.339844 0.232422 0.333984 0.226562
0 0.000000 0.267578 0.000000 0.296875 0.005859 0.302734 0.007812 0.302734 0.011719 0.306641 0.013672 0.306641 0.015625 0.308594 0.017578 0.308594 0.023438 0.314453 0.025391 0.314453 0.027344 0.316406 0.029297 0.316406 0.031250 0.318359 0.033203 0.318359 0.035156 0.320312 0.037109 0.320312 0.041016 0.324219 0.042969 0.324219 0.044922 0.326172 0.046875 0.326172 0.048828 0.328125 0.050781 0.328125 0.052734 0.330078 0.054688 0.330078 0.056641 0.332031 0.058594 0.332031 0.060547 0.333984 0.062500 0.333984 0.066406 0.337891 0.070312 0.337891 0.072266 0.339844 0.076172 0.339844 0.078125 0.341797 0.083984 0.341797 0.085938 0.343750 0.085938 0.341797 0.083984 0.339844 0.083984 0.335938 0.082031 0.333984 0.082031 0.326172 0.083984 0.324219 0.083984 0.322266 0.085938 0.320312 0.087891 0.320312 0.089844 0.318359 0.095703 0.318359 0.103516 0.326172 0.103516 0.328125 0.103516 0.326172 0.099609 0.322266 0.099609 0.320312 0.091797 0.312500 0.089844 0.312500 0.085938 0.308594 0.083984 0.308594 0.078125 0.302734 0.076172 0.302734 0.068359 0.294922 0.066406 0.294922 0.062500 0.291016 0.060547 0.291016 0.056641 0.287109 0.054688 0.287109 0.050781 0.283203 0.048828 0.283203 0.044922 0.279297 0.042969 0.279297 0.041016 0.277344 0.039062 0.277344 0.035156 0.273438 0.033203 0.273438 0.031250 0.271484 0.027344 0.271484 0.025391 0.269531 0.019531 0.269531 0.017578 0.267578
0 0.308594 0.306641 0.304688 0.310547 0.304688 0.314453 0.302734 0.316406 0.302734 0.328125 0.304688 0.330078 0.304688 0.337891 0.306641 0.339844 0.306641 0.341797 0.314453 0.349609 0.316406 0.349609 0.318359 0.351562 0.320312 0.351562 0.322266 0.353516 0.333984 0.353516 0.333984 0.351562 0.335938 0.349609 0.335938 0.345703 0.333984 0.343750 0.333984 0.341797 0.330078 0.337891 0.330078 0.335938 0.328125 0.333984 0.328125 0.332031 0.324219 0.328125 0.324219 0.324219 0.322266 0.322266 0.322266 0.318359 0.320312 0.316406 0.320312 0.312500 0.314453 0.306641
0 0.089844 0.320312 0.087891 0.322266 0.085938 0.322266 0.085938 0.324219 0.083984 0.326172 0.083984 0.333984 0.085938 0.335938 0.085938 0.339844 0.087891 0.341797 0.087891 0.345703 0.089844 0.347656 0.089844 0.353516 0.091797 0.355469 0.091797 0.357422 0.093750 0.359375 0.093750 0.361328 0.095703 0.363281 0.097656 0.363281 0.101562 0.367188 0.107422 0.367188 0.109375 0.365234 0.109375 0.363281 0.111328 0.361328 0.111328 0.349609 0.109375 0.347656 0.109375 0.339844 0.107422 0.337891 0.107422 0.335938 0.105469 0.333984 0.105469 0.332031 0.101562 0.328125 0.101562 0.326172 0.095703 0.320312
0 0.375000 0.335938 0.375000 0.337891 0.371094 0.341797 0.371094 0.343750 0.369141 0.345703 0.369141 0.355469 0.371094 0.357422 0.371094 0.359375 0.382812 0.371094 0.382812 0.373047 0.392578 0.382812 0.392578 0.384766 0.394531 0.384766 0.400391 0.390625 0.402344 0.390625 0.410156 0.398438 0.410156 0.400391 0.416016 0.406250 0.416016 0.408203 0.423828 0.416016 0.423828 0.417969 0.427734 0.421875 0.427734 0.423828 0.429688 0.425781 0.431641 0.425781 0.439453 0.433594 0.441406 0.433594 0.451172 0.443359 0.453125 0.443359 0.457031 0.447266 0.458984 0.447266 0.472656 0.460938 0.472656 0.462891 0.480469 0.470703 0.480469 0.472656 0.486328 0.478516 0.486328 0.480469 0.490234 0.484375 0.490234 0.486328 0.496094 0.492188 0.496094 0.494141 0.498047 0.494141 0.500000 0.496094 0.500000 0.498047 0.501953 0.498047 0.505859 0.501953 0.507812 0.501953 0.511719 0.505859 0.515625 0.505859 0.517578 0.503906 0.519531 0.503906 0.521484 0.501953 0.521484 0.478516 0.519531 0.476562 0.519531 0.472656 0.517578 0.470703 0.517578 0.468750 0.515625 0.466797 0.515625 0.464844 0.511719 0.460938 0.511719 0.458984 0.503906 0.451172 0.503906 0.449219 0.501953 0.449219 0.500000 0.447266 0.500000 0.445312 0.492188 0.437500 0.492188 0.435547 0.472656 0.416016 0.472656 0.414062 0.462891 0.404297 0.460938 0.404297 0.458984 0.402344 0.458984 0.400391 0.455078 0.396484 0.453125 0.396484 0.445312 0.388672 0.443359 0.388672 0.429688 0.375000 0.429688 0.373047 0.404297 0.347656 0.402344 0.347656 0.400391 0.345703 0.398438 0.345703 0.396484 0.343750 0.390625 0.343750 0.388672 0.341797 0.384766 0.341797 0.382812 0.339844 0.380859 0.339844 0.378906 0.337891 0.376953 0.337891
0 0.775391 0.453125 0.773438 0.455078 0.769531 0.455078 0.767578 0.457031 0.765625 0.457031 0.763672 0.458984 0.761719 0.458984 0.759766 0.460938 0.751953 0.460938 0.751953 0.468750 0.744141 0.476562 0.742188 0.476562 0.740234 0.478516 0.738281 0.478516 0.734375 0.482422 0.732422 0.482422 0.730469 0.484375 0.726562 0.484375 0.724609 0.486328 0.718750 0.486328 0.722656 0.486328 0.724609 0.488281 0.728516 0.488281 0.730469 0.490234 0.751953 0.490234 0.753906 0.488281 0.789062 0.488281 0.789062 0.486328 0.792969 0.482422 0.794922 0.482422 0.796875 0.480469 0.808594 0.480469 0.810547 0.478516 0.830078 0.478516 0.832031 0.476562 0.832031 0.472656 0.830078 0.470703 0.830078 0.466797 0.822266 0.458984 0.820312 0.458984 0.818359 0.457031 0.816406 0.457031 0.814453 0.455078 0.810547 0.455078 0.808594 0.453125
0 0.669922 0.462891 0.667969 0.464844 0.638672 0.464844 0.636719 0.466797 0.630859 0.466797 0.628906 0.468750 0.626953 0.468750 0.626953 0.470703 0.623047 0.474609 0.623047 0.480469 0.625000 0.482422 0.630859 0.482422 0.632812 0.484375 0.648438 0.484375 0.650391 0.486328 0.664062 0.486328 0.666016 0.488281 0.712891 0.488281 0.716797 0.484375 0.724609 0.484375 0.726562 0.482422 0.730469 0.482422 0.732422 0.480469 0.734375 0.480469 0.738281 0.476562 0.740234 0.476562 0.742188 0.474609 0.744141 0.474609 0.750000 0.468750 0.750000 0.462891
0 0.837891 0.478516 0.835938 0.480469 0.810547 0.480469 0.808594 0.482422 0.796875 0.482422 0.794922 0.484375 0.792969 0.484375 0.791016 0.486328 0.791016 0.498047 0.792969 0.500000 0.792969 0.501953 0.796875 0.505859 0.798828 0.505859 0.800781 0.507812 0.837891 0.507812 0.839844 0.505859 0.851562 0.505859 0.853516 0.503906 0.861328 0.503906 0.863281 0.501953 0.867188 0.501953 0.869141 0.500000 0.871094 0.500000 0.875000 0.496094 0.875000 0.494141 0.876953 0.492188 0.876953 0.478516
0 0.007812 0.519531 0.000000 0.527344 0.000000 0.546875 0.001953 0.548828 0.001953 0.550781 0.003906 0.552734 0.003906 0.554688 0.005859 0.556641 0.005859 0.558594 0.009766 0.562500 0.009766 0.564453 0.015625 0.570312 0.015625 0.572266 0.017578 0.574219 0.017578 0.576172 0.021484 0.580078 0.021484 0.582031 0.025391 0.585938 0.025391 0.587891 0.029297 0.591797 0.029297 0.593750 0.033203 0.597656 0.033203 0.599609 0.037109 0.603516 0.037109 0.605469 0.041016 0.609375 0.041016 0.611328 0.042969 0.613281 0.042969 0.615234 0.044922 0.617188 0.044922 0.619141 0.048828 0.623047 0.048828 0.625000 0.052734 0.628906 0.052734 0.630859 0.054688 0.632812 0.054688 0.634766 0.058594 0.638672 0.058594 0.640625 0.060547 0.642578 0.060547 0.644531 0.062500 0.646484 0.062500 0.648438 0.066406 0.652344 0.066406 0.654297 0.068359 0.656250 0.068359 0.658203 0.072266 0.662109 0.072266 0.664062 0.078125 0.669922 0.078125 0.671875 0.080078 0.671875 0.083984 0.675781 0.083984 0.671875 0.085938 0.669922 0.085938 0.667969 0.091797 0.662109 0.097656 0.662109 0.099609 0.660156 0.101562 0.660156 0.103516 0.658203 0.126953 0.658203 0.126953 0.654297 0.125000 0.652344 0.125000 0.650391 0.123047 0.648438 0.123047 0.646484 0.117188 0.640625 0.117188 0.638672 0.113281 0.634766 0.113281 0.632812 0.111328 0.630859 0.111328 0.628906 0.109375 0.626953 0.109375 0.625000 0.107422 0.623047 0.107422 0.621094 0.105469 0.619141 0.105469 0.611328 0.103516 0.609375 0.103516 0.607422 0.101562 0.605469 0.101562 0.601562 0.097656 0.597656 0.097656 0.593750 0.095703 0.591797 0.095703 0.589844 0.091797 0.585938 0.091797 0.583984 0.089844 0.582031 0.089844 0.580078 0.087891 0.578125 0.087891 0.576172 0.085938 0.574219 0.085938 0.572266 0.076172 0.562500 0.076172 0.560547 0.070312 0.554688 0.070312 0.552734 0.064453 0.546875 0.064453 0.544922 0.062500 0.542969 0.060547 0.542969 0.056641 0.539062 0.054688 0.539062 0.050781 0.535156 0.048828 0.535156 0.044922 0.531250 0.042969 0.531250 0.039062 0.527344 0.037109 0.527344 0.035156 0.525391 0.033203 0.525391 0.029297 0.521484 0.025391 0.521484 0.023438 0.519531
0 0.269531 0.527344 0.269531 0.529297 0.267578 0.531250 0.267578 0.548828 0.271484 0.552734 0.271484 0.554688 0.277344 0.560547 0.279297 0.560547 0.283203 0.564453 0.285156 0.564453 0.289062 0.568359 0.291016 0.568359 0.294922 0.572266 0.296875 0.572266 0.302734 0.578125 0.304688 0.578125 0.310547 0.583984 0.312500 0.583984 0.316406 0.587891 0.318359 0.587891 0.328125 0.597656 0.328125 0.599609 0.332031 0.603516 0.332031 0.605469 0.333984 0.605469 0.335938 0.607422 0.335938 0.609375 0.337891 0.609375 0.343750 0.615234 0.345703 0.615234 0.351562 0.621094 0.353516 0.621094 0.361328 0.628906 0.363281 0.628906 0.367188 0.632812 0.369141 0.632812 0.371094 0.634766 0.373047 0.634766 0.382812 0.644531 0.384766 0.644531 0.388672 0.648438 0.390625 0.648438 0.396484 0.654297 0.398438 0.654297 0.402344 0.658203 0.404297 0.658203 0.408203 0.662109 0.410156 0.662109 0.412109 0.664062 0.414062 0.664062 0.417969 0.667969 0.419922 0.667969 0.423828 0.671875 0.425781 0.671875 0.427734 0.669922 0.449219 0.669922 0.449219 0.667969 0.451172 0.666016 0.451172 0.644531 0.441406 0.634766 0.439453 0.634766 0.435547 0.630859 0.433594 0.630859 0.431641 0.628906 0.429688 0.628906 0.427734 0.626953 0.427734 0.625000 0.414062 0.611328 0.414062 0.609375 0.412109 0.609375 0.402344 0.599609 0.402344 0.597656 0.398438 0.593750 0.398438 0.591797 0.388672 0.582031 0.388672 0.580078 0.384766 0.576172 0.382812 0.576172 0.375000 0.568359 0.373047 0.568359 0.367188 0.562500 0.365234 0.562500 0.363281 0.560547 0.361328 0.560547 0.357422 0.556641 0.355469 0.556641 0.353516 0.554688 0.351562 0.554688 0.347656 0.550781 0.345703 0.550781 0.341797 0.546875 0.339844 0.546875 0.337891 0.544922 0.333984 0.544922 0.332031 0.542969 0.330078 0.542969 0.328125 0.541016 0.326172 0.541016 0.324219 0.539062 0.322266 0.539062 0.320312 0.537109 0.318359 0.537109 0.316406 0.535156 0.314453 0.535156 0.312500 0.533203 0.308594 0.533203 0.306641 0.531250 0.300781 0.531250 0.298828 0.529297 0.292969 0.529297 0.291016 0.527344
0 0.042969 0.662109 0.041016 0.664062 0.027344 0.664062 0.025391 0.666016 0.023438 0.666016 0.023438 0.667969 0.027344 0.671875 0.027344 0.673828 0.029297 0.675781 0.033203 0.675781 0.035156 0.673828 0.039062 0.673828 0.042969 0.669922 0.042969 0.667969 0.044922 0.666016 0.054688 0.666016 0.056641 0.667969 0.056641 0.666016 0.054688 0.664062 0.054688 0.662109
0 0.427734 0.671875 0.425781 0.673828 0.419922 0.673828 0.417969 0.675781 0.402344 0.675781 0.400391 0.677734 0.394531 0.677734 0.392578 0.679688 0.388672 0.679688 0.386719 0.681641 0.384766 0.681641 0.382812 0.683594 0.380859 0.683594 0.380859 0.685547 0.384766 0.685547 0.386719 0.683594 0.390625 0.683594 0.392578 0.685547 0.392578 0.691406 0.386719 0.697266 0.394531 0.697266 0.396484 0.699219 0.417969 0.699219 0.419922 0.697266 0.427734 0.697266 0.429688 0.695312 0.433594 0.695312 0.435547 0.693359 0.443359 0.693359 0.445312 0.691406 0.451172 0.691406 0.453125 0.689453 0.458984 0.689453 0.460938 0.687500 0.462891 0.687500 0.464844 0.685547 0.466797 0.685547 0.472656 0.679688 0.472656 0.675781 0.468750 0.671875
0 0.044922 0.667969 0.044922 0.669922 0.042969 0.671875 0.042969 0.679688 0.050781 0.687500 0.052734 0.687500 0.056641 0.691406 0.056641 0.693359 0.064453 0.701172 0.064453 0.703125 0.072266 0.710938 0.074219 0.710938 0.080078 0.716797 0.085938 0.716797 0.085938 0.712891 0.083984 0.710938 0.083984 0.708984 0.082031 0.707031 0.082031 0.683594 0.074219 0.675781 0.072266 0.675781 0.070312 0.673828 0.066406 0.673828 0.064453 0.671875 0.062500 0.671875 0.060547 0.669922 0.056641 0.669922 0.054688 0.667969
0 0.103516 0.660156 0.101562 0.662109 0.099609 0.662109 0.097656 0.664062 0.091797 0.664062 0.087891 0.667969 0.087891 0.669922 0.085938 0.671875 0.085938 0.677734 0.083984 0.679688 0.083984 0.707031 0.085938 0.708984 0.085938 0.710938 0.087891 0.712891 0.087891 0.714844 0.089844 0.716797 0.089844 0.718750 0.095703 0.724609 0.097656 0.724609 0.099609 0.726562 0.107422 0.726562 0.109375 0.728516 0.138672 0.728516 0.140625 0.726562 0.142578 0.726562 0.144531 0.724609 0.146484 0.724609 0.156250 0.714844 0.156250 0.712891 0.158203 0.710938 0.158203 0.708984 0.160156 0.707031 0.160156 0.689453 0.158203 0.687500 0.158203 0.685547 0.156250 0.683594 0.156250 0.681641 0.152344 0.677734 0.152344 0.675781 0.146484 0.669922 0.144531 0.669922 0.140625 0.666016 0.138672 0.666016 0.136719 0.664062 0.134766 0.664062 0.132812 0.662109 0.128906 0.662109 0.126953 0.660156
0 0.000000 0.648438 0.000000 0.710938 0.003906 0.714844 0.005859 0.714844 0.011719 0.720703 0.013672 0.720703 0.019531 0.726562 0.021484 0.726562 0.041016 0.746094 0.041016 0.748047 0.044922 0.751953 0.044922 0.753906 0.052734 0.761719 0.054688 0.761719 0.066406 0.773438 0.068359 0.773438 0.072266 0.777344 0.074219 0.777344 0.076172 0.779297 0.087891 0.779297 0.089844 0.777344 0.091797 0.777344 0.091797 0.769531 0.089844 0.767578 0.089844 0.759766 0.087891 0.757812 0.087891 0.753906 0.083984 0.750000 0.083984 0.748047 0.082031 0.746094 0.082031 0.744141 0.078125 0.740234 0.078125 0.738281 0.074219 0.734375 0.074219 0.732422 0.064453 0.722656 0.062500 0.722656 0.060547 0.720703 0.060547 0.718750 0.058594 0.718750 0.044922 0.705078 0.044922 0.703125 0.037109 0.695312 0.037109 0.693359 0.035156 0.691406 0.035156 0.689453 0.033203 0.687500 0.033203 0.685547 0.031250 0.683594 0.031250 0.681641 0.029297 0.679688 0.029297 0.677734 0.025391 0.673828 0.025391 0.671875 0.021484 0.667969 0.021484 0.666016 0.019531 0.664062 0.019531 0.662109 0.011719 0.654297 0.009766 0.654297 0.007812 0.652344 0.005859 0.652344 0.003906 0.650391 0.001953 0.650391
0 0.386719 0.685547 0.384766 0.687500 0.373047 0.687500 0.371094 0.689453 0.365234 0.689453 0.363281 0.691406 0.357422 0.691406 0.355469 0.693359 0.347656 0.693359 0.345703 0.695312 0.341797 0.695312 0.339844 0.697266 0.332031 0.697266 0.330078 0.699219 0.328125 0.699219 0.326172 0.701172 0.324219 0.701172 0.322266 0.703125 0.320312 0.703125 0.318359 0.705078 0.310547 0.705078 0.308594 0.707031 0.298828 0.707031 0.296875 0.708984 0.291016 0.708984 0.289062 0.710938 0.281250 0.710938 0.279297 0.712891 0.273438 0.712891 0.271484 0.714844 0.265625 0.714844 0.263672 0.716797 0.257812 0.716797 0.255859 0.718750 0.251953 0.718750 0.250000 0.720703 0.248047 0.720703 0.246094 0.722656 0.244141 0.722656 0.242188 0.724609 0.240234 0.724609 0.238281 0.726562 0.236328 0.726562 0.234375 0.728516 0.232422 0.728516 0.220703 0.740234 0.226562 0.740234 0.228516 0.742188 0.232422 0.742188 0.234375 0.744141 0.236328 0.744141 0.242188 0.750000 0.244141 0.750000 0.246094 0.751953 0.246094 0.757812 0.240234 0.763672 0.250000 0.763672 0.251953 0.761719 0.255859 0.761719 0.257812 0.759766 0.259766 0.759766 0.261719 0.757812 0.267578 0.757812 0.269531 0.755859 0.275391 0.755859 0.277344 0.753906 0.283203 0.753906 0.287109 0.750000 0.291016 0.750000 0.292969 0.748047 0.294922 0.748047 0.298828 0.744141 0.300781 0.744141 0.302734 0.742188 0.304688 0.742188 0.306641 0.740234 0.308594 0.740234 0.310547 0.738281 0.312500 0.738281 0.314453 0.736328 0.316406 0.736328 0.318359 0.734375 0.320312 0.734375 0.322266 0.732422 0.326172 0.732422 0.328125 0.730469 0.332031 0.730469 0.333984 0.728516 0.339844 0.728516 0.341797 0.726562 0.343750 0.726562 0.345703 0.724609 0.347656 0.724609 0.349609 0.722656 0.351562 0.722656 0.355469 0.718750 0.357422 0.718750 0.361328 0.714844 0.363281 0.714844 0.367188 0.710938 0.369141 0.710938 0.376953 0.703125 0.378906 0.703125 0.382812 0.699219 0.382812 0.697266 0.384766 0.695312 0.386719 0.695312 0.390625 0.691406 0.390625 0.685547
0 0.218750 0.742188 0.216797 0.744141 0.208984 0.744141 0.207031 0.746094 0.203125 0.746094 0.199219 0.750000 0.197266 0.750000 0.195312 0.751953 0.191406 0.751953 0.189453 0.753906 0.187500 0.753906 0.183594 0.757812 0.181641 0.757812 0.179688 0.759766 0.177734 0.759766 0.175781 0.761719 0.173828 0.761719 0.171875 0.763672 0.169922 0.763672 0.167969 0.765625 0.166016 0.765625 0.164062 0.767578 0.162109 0.767578 0.160156 0.769531 0.156250 0.769531 0.154297 0.771484 0.150391 0.771484 0.148438 0.773438 0.146484 0.773438 0.144531 0.775391 0.140625 0.775391 0.138672 0.777344 0.136719 0.777344 0.134766 0.779297 0.132812 0.779297 0.128906 0.783203 0.125000 0.783203 0.123047 0.785156 0.121094 0.785156 0.119141 0.787109 0.117188 0.787109 0.115234 0.789062 0.113281 0.789062 0.111328 0.791016 0.109375 0.791016 0.103516 0.796875 0.101562 0.796875 0.099609 0.798828 0.099609 0.804688 0.130859 0.804688 0.132812 0.802734 0.136719 0.802734 0.138672 0.800781 0.144531 0.800781 0.146484 0.798828 0.152344 0.798828 0.154297 0.796875 0.160156 0.796875 0.162109 0.794922 0.167969 0.794922 0.169922 0.792969 0.173828 0.792969 0.175781 0.791016 0.187500 0.791016 0.189453 0.789062 0.195312 0.789062 0.197266 0.787109 0.201172 0.787109 0.203125 0.785156 0.207031 0.785156 0.208984 0.783203 0.210938 0.783203 0.212891 0.781250 0.214844 0.781250 0.218750 0.777344 0.220703 0.777344 0.222656 0.775391 0.224609 0.775391 0.234375 0.765625 0.236328 0.765625 0.244141 0.757812 0.244141 0.751953 0.242188 0.751953 0.236328 0.746094 0.234375 0.746094 0.232422 0.744141 0.228516 0.744141 0.226562 0.742188
0 0.212891 0.824219 0.210938 0.826172 0.207031 0.826172 0.205078 0.828125 0.199219 0.828125 0.197266 0.830078 0.191406 0.830078 0.189453 0.832031 0.185547 0.832031 0.183594 0.833984 0.179688 0.833984 0.177734 0.835938 0.173828 0.835938 0.171875 0.837891 0.167969 0.837891 0.166016 0.839844 0.162109 0.839844 0.160156 0.841797 0.154297 0.841797 0.152344 0.843750 0.146484 0.843750 0.144531 0.845703 0.140625 0.845703 0.138672 0.847656 0.136719 0.847656 0.136719 0.849609 0.138672 0.851562 0.140625 0.851562 0.144531 0.855469 0.144531 0.857422 0.146484 0.859375 0.146484 0.867188 0.144531 0.869141 0.144531 0.871094 0.134766 0.880859 0.132812 0.880859 0.126953 0.886719 0.125000 0.886719 0.138672 0.886719 0.140625 0.884766 0.144531 0.884766 0.146484 0.882812 0.152344 0.882812 0.154297 0.880859 0.160156 0.880859 0.162109 0.878906 0.167969 0.878906 0.169922 0.876953 0.171875 0.876953 0.173828 0.875000 0.177734 0.875000 0.179688 0.873047 0.181641 0.873047 0.185547 0.869141 0.187500 0.869141 0.189453 0.867188 0.191406 0.867188 0.193359 0.865234 0.197266 0.865234 0.199219 0.863281 0.205078 0.863281 0.207031 0.861328 0.212891 0.861328 0.214844 0.859375 0.220703 0.859375 0.222656 0.857422 0.228516 0.857422 0.230469 0.855469 0.234375 0.855469 0.236328 0.853516 0.242188 0.853516 0.244141 0.851562 0.246094 0.851562 0.248047 0.849609 0.250000 0.849609 0.253906 0.845703 0.255859 0.845703 0.259766 0.841797 0.259766 0.830078 0.253906 0.824219
0 0.099609 0.849609 0.097656 0.851562 0.089844 0.851562 0.087891 0.853516 0.082031 0.853516 0.080078 0.855469 0.072266 0.855469 0.070312 0.857422 0.064453 0.857422 0.062500 0.859375 0.056641 0.859375 0.054688 0.861328 0.052734 0.861328 0.050781 0.863281 0.048828 0.863281 0.046875 0.865234 0.044922 0.865234 0.042969 0.867188 0.041016 0.867188 0.037109 0.871094 0.035156 0.871094 0.033203 0.873047 0.031250 0.873047 0.025391 0.878906 0.023438 0.878906 0.021484 0.880859 0.017578 0.880859 0.013672 0.884766 0.011719 0.884766 0.009766 0.886719 0.003906 0.886719 0.001953 0.888672 0.000000 0.888672 0.000000 0.939453 0.001953 0.939453 0.003906 0.937500 0.009766 0.937500 0.011719 0.935547 0.013672 0.935547 0.015625 0.933594 0.019531 0.933594 0.021484 0.931641 0.027344 0.931641 0.029297 0.929688 0.033203 0.929688 0.035156 0.927734 0.037109 0.927734 0.039062 0.925781 0.041016 0.925781 0.042969 0.923828 0.046875 0.923828 0.048828 0.921875 0.050781 0.921875 0.052734 0.919922 0.054688 0.919922 0.056641 0.917969 0.058594 0.917969 0.060547 0.916016 0.062500 0.916016 0.066406 0.912109 0.068359 0.912109 0.072266 0.908203 0.074219 0.908203 0.076172 0.906250 0.078125 0.906250 0.080078 0.904297 0.082031 0.904297 0.083984 0.902344 0.085938 0.902344 0.087891 0.900391 0.089844 0.900391 0.091797 0.898438 0.095703 0.898438 0.097656 0.896484 0.101562 0.896484 0.103516 0.894531 0.109375 0.894531 0.113281 0.890625 0.117188 0.890625 0.119141 0.888672 0.121094 0.888672 0.125000 0.884766 0.126953 0.884766 0.132812 0.878906 0.134766 0.878906 0.142578 0.871094 0.142578 0.869141 0.144531 0.867188 0.144531 0.859375 0.142578 0.857422 0.142578 0.855469 0.140625 0.853516 0.138672 0.853516 0.134766 0.849609
0 0.900391 0.873047 0.896484 0.876953 0.894531 0.876953 0.880859 0.890625 0.880859 0.892578 0.878906 0.894531 0.878906 0.896484 0.876953 0.898438 0.876953 0.900391 0.875000 0.902344 0.875000 0.904297 0.861328 0.917969 0.859375 0.917969 0.855469 0.921875 0.853516 0.921875 0.843750 0.931641 0.841797 0.931641 0.839844 0.933594 0.837891 0.933594 0.833984 0.937500 0.833984 0.947266 0.837891 0.951172 0.839844 0.951172 0.841797 0.949219 0.847656 0.949219 0.849609 0.947266 0.853516 0.947266 0.857422 0.943359 0.857422 0.941406 0.869141 0.929688 0.869141 0.927734 0.871094 0.925781 0.873047 0.925781 0.888672 0.910156 0.890625 0.910156 0.896484 0.904297 0.898438 0.904297 0.902344 0.900391 0.902344 0.880859 0.900391 0.878906
0 0.910156 0.898438 0.908203 0.900391 0.904297 0.900391 0.898438 0.906250 0.896484 0.906250 0.890625 0.912109 0.888672 0.912109 0.873047 0.927734 0.871094 0.927734 0.871094 0.929688 0.859375 0.941406 0.859375 0.943359 0.853516 0.949219 0.853516 0.951172 0.851562 0.953125 0.851562 0.955078 0.847656 0.958984 0.847656 0.972656 0.849609 0.974609 0.849609 0.976562 0.851562 0.978516 0.853516 0.978516 0.859375 0.984375 0.861328 0.984375 0.863281 0.986328 0.865234 0.986328 0.867188 0.988281 0.876953 0.988281 0.878906 0.986328 0.880859 0.986328 0.882812 0.984375 0.884766 0.984375 0.888672 0.980469 0.890625 0.980469 0.892578 0.978516 0.892578 0.976562 0.898438 0.970703 0.900391 0.970703 0.900391 0.968750 0.917969 0.951172 0.917969 0.949219 0.921875 0.945312 0.921875 0.943359 0.923828 0.941406 0.923828 0.939453 0.927734 0.935547 0.927734 0.933594 0.929688 0.931641 0.929688 0.929688 0.931641 0.927734 0.931641 0.925781 0.933594 0.923828 0.933594 0.921875 0.935547 0.919922 0.935547 0.902344 0.931641 0.898438
0 0.777344 0.951172 0.775391 0.953125 0.773438 0.953125 0.769531 0.957031 0.769531 0.964844 0.771484 0.966797 0.777344 0.966797 0.779297 0.968750 0.814453 0.968750 0.818359 0.964844 0.818359 0.957031 0.816406 0.955078 0.798828 0.955078 0.796875 0.953125 0.792969 0.953125 0.791016 0.951172
0 0.285156 0.976562 0.283203 0.978516 0.281250 0.978516 0.279297 0.980469 0.277344 0.980469 0.261719 0.996094 0.263672 0.996094 0.265625 0.998047 0.367188 0.998047 0.369141 0.996094 0.369141 0.984375 0.351562 0.984375 0.349609 0.982422 0.326172 0.982422 0.324219 0.980469 0.310547 0.980469 0.308594 0.978516 0.304688 0.978516 0.302734 0.976562
