0 0.296875 0.000000 0.296875 0.007812 0.298828 0.007812 0.300781 0.009766 0.304688 0.009766 0.306641 0.011719 0.316406 0.011719 0.318359 0.009766 0.324219 0.009766 0.326172 0.007812 0.330078 0.007812 0.332031 0.005859 0.333984 0.005859 0.337891 0.001953 0.337891 0.000000
0 0.861328 0.021484 0.859375 0.023438 0.857422 0.023438 0.855469 0.025391 0.855469 0.029297 0.857422 0.031250 0.857422 0.037109 0.859375 0.039062 0.859375 0.041016 0.861328 0.042969 0.863281 0.042969 0.865234 0.044922 0.867188 0.044922 0.871094 0.048828 0.873047 0.048828 0.875000 0.050781 0.882812 0.050781 0.884766 0.048828 0.884766 0.046875 0.886719 0.044922 0.886719 0.041016 0.884766 0.039062 0.884766 0.037109 0.873047 0.025391 0.871094 0.025391 0.867188 0.021484
0 0.433594 0.083984 0.431641 0.085938 0.427734 0.085938 0.425781 0.087891 0.421875 0.087891 0.421875 0.089844 0.419922 0.091797 0.419922 0.095703 0.417969 0.097656 0.417969 0.101562 0.419922 0.103516 0.419922 0.107422 0.427734 0.115234 0.429688 0.115234 0.433594 0.119141 0.435547 0.119141 0.437500 0.121094 0.441406 0.121094 0.443359 0.123047 0.445312 0.123047 0.447266 0.125000 0.451172 0.125000 0.455078 0.128906 0.457031 0.128906 0.458984 0.130859 0.460938 0.130859 0.462891 0.132812 0.464844 0.132812 0.468750 0.136719 0.470703 0.136719 0.472656 0.138672 0.474609 0.138672 0.478516 0.142578 0.480469 0.142578 0.482422 0.144531 0.484375 0.144531 0.486328 0.146484 0.488281 0.146484 0.492188 0.150391 0.513672 0.150391 0.515625 0.148438 0.515625 0.144531 0.517578 0.142578 0.513672 0.138672 0.513672 0.136719 0.511719 0.134766 0.511719 0.123047 0.513672 0.121094 0.511719 0.119141 0.511719 0.113281 0.507812 0.109375 0.507812 0.107422 0.505859 0.105469 0.505859 0.103516 0.498047 0.095703 0.496094 0.095703 0.494141 0.093750 0.492188 0.093750 0.488281 0.089844 0.486328 0.089844 0.484375 0.087891 0.480469 0.087891 0.478516 0.085938 0.470703 0.085938 0.468750 0.083984
0 0.517578 0.119141 0.513672 0.123047 0.513672 0.134766 0.515625 0.136719 0.515625 0.138672 0.517578 0.140625 0.519531 0.140625 0.521484 0.142578 0.525391 0.142578 0.527344 0.144531 0.533203 0.144531 0.537109 0.140625 0.537109 0.138672 0.539062 0.136719 0.537109 0.134766 0.537109 0.130859 0.527344 0.121094 0.525391 0.121094 0.523438 0.119141
0 0.757812 0.132812 0.755859 0.134766 0.753906 0.134766 0.751953 0.136719 0.751953 0.140625 0.753906 0.142578 0.753906 0.144531 0.755859 0.146484 0.755859 0.148438 0.759766 0.152344 0.759766 0.154297 0.771484 0.166016 0.773438 0.166016 0.777344 0.169922 0.783203 0.169922 0.785156 0.171875 0.791016 0.171875 0.792969 0.173828 0.798828 0.173828 0.800781 0.175781 0.810547 0.175781 0.812500 0.173828 0.812500 0.162109 0.810547 0.160156 0.810547 0.158203 0.804688 0.152344 0.804688 0.150391 0.792969 0.138672 0.791016 0.138672 0.787109 0.134766 0.783203 0.134766 0.781250 0.132812
0 0.144531 0.162109 0.142578 0.164062 0.140625 0.164062 0.136719 0.167969 0.134766 0.167969 0.132812 0.169922 0.130859 0.169922 0.125000 0.175781 0.125000 0.191406 0.128906 0.195312 0.130859 0.195312 0.132812 0.197266 0.134766 0.197266 0.136719 0.199219 0.164062 0.199219 0.166016 0.197266 0.166016 0.183594 0.167969 0.181641 0.167969 0.179688 0.169922 0.177734 0.169922 0.175781 0.173828 0.171875 0.177734 0.171875 0.179688 0.169922 0.183594 0.169922 0.181641 0.169922 0.177734 0.166016 0.173828 0.166016 0.171875 0.164062 0.166016 0.164062 0.164062 0.162109
0 0.359375 0.154297 0.357422 0.156250 0.355469 0.156250 0.349609 0.162109 0.349609 0.164062 0.345703 0.167969 0.345703 0.169922 0.343750 0.171875 0.343750 0.175781 0.341797 0.177734 0.341797 0.183594 0.339844 0.185547 0.339844 0.193359 0.341797 0.195312 0.341797 0.201172 0.343750 0.203125 0.343750 0.205078 0.345703 0.205078 0.347656 0.207031 0.359375 0.207031 0.361328 0.205078 0.365234 0.205078 0.367188 0.203125 0.369141 0.203125 0.371094 0.201172 0.375000 0.201172 0.376953 0.199219 0.382812 0.199219 0.384766 0.197266 0.400391 0.197266 0.406250 0.191406 0.406250 0.183594 0.404297 0.181641 0.404297 0.177734 0.400391 0.173828 0.400391 0.171875 0.390625 0.162109 0.388672 0.162109 0.382812 0.156250 0.378906 0.156250 0.376953 0.154297
0 0.179688 0.171875 0.177734 0.173828 0.173828 0.173828 0.171875 0.175781 0.171875 0.177734 0.169922 0.179688 0.169922 0.181641 0.167969 0.183594 0.167969 0.197266 0.169922 0.199219 0.169922 0.201172 0.173828 0.205078 0.175781 0.205078 0.179688 0.208984 0.181641 0.208984 0.183594 0.210938 0.199219 0.210938 0.201172 0.208984 0.203125 0.208984 0.205078 0.207031 0.207031 0.207031 0.214844 0.199219 0.214844 0.191406 0.212891 0.189453 0.212891 0.187500 0.210938 0.187500 0.207031 0.183594 0.205078 0.183594 0.201172 0.179688 0.199219 0.179688 0.197266 0.177734 0.195312 0.177734 0.193359 0.175781 0.191406 0.175781 0.187500 0.171875
0 0.628906 0.183594 0.628906 0.197266 0.630859 0.199219 0.630859 0.201172 0.634766 0.205078 0.634766 0.207031 0.636719 0.207031 0.646484 0.216797 0.650391 0.216797 0.652344 0.218750 0.666016 0.218750 0.671875 0.212891 0.671875 0.210938 0.673828 0.208984 0.673828 0.195312 0.671875 0.195312 0.667969 0.191406 0.666016 0.191406 0.662109 0.187500 0.660156 0.187500 0.658203 0.185547 0.650391 0.185547 0.648438 0.183594
0 0.988281 0.291016 0.988281 0.292969 0.986328 0.294922 0.986328 0.300781 0.984375 0.302734 0.984375 0.316406 0.986328 0.318359 0.986328 0.328125 0.988281 0.330078 0.988281 0.337891 0.996094 0.345703 0.998047 0.345703 0.998047 0.291016
0 0.955078 0.341797 0.953125 0.343750 0.951172 0.343750 0.947266 0.347656 0.945312 0.347656 0.935547 0.357422 0.929688 0.357422 0.927734 0.359375 0.927734 0.361328 0.929688 0.363281 0.929688 0.365234 0.931641 0.367188 0.933594 0.367188 0.937500 0.371094 0.939453 0.371094 0.945312 0.376953 0.947266 0.376953 0.949219 0.378906 0.951172 0.378906 0.955078 0.382812 0.957031 0.382812 0.960938 0.386719 0.962891 0.386719 0.966797 0.390625 0.968750 0.390625 0.972656 0.394531 0.974609 0.394531 0.980469 0.400391 0.982422 0.400391 0.986328 0.404297 0.988281 0.404297 0.992188 0.408203 0.994141 0.408203 0.998047 0.412109 0.998047 0.369141 0.996094 0.367188 0.996094 0.365234 0.986328 0.355469 0.984375 0.355469 0.976562 0.347656 0.974609 0.347656 0.970703 0.343750 0.968750 0.343750 0.966797 0.341797
0 0.041016 0.404297 0.039062 0.406250 0.035156 0.406250 0.033203 0.408203 0.031250 0.408203 0.029297 0.410156 0.027344 0.410156 0.023438 0.414062 0.021484 0.414062 0.017578 0.417969 0.015625 0.417969 0.015625 0.419922 0.017578 0.419922 0.019531 0.421875 0.037109 0.421875 0.039062 0.423828 0.050781 0.423828 0.052734 0.425781 0.052734 0.423828 0.054688 0.421875 0.070312 0.421875 0.072266 0.423828 0.074219 0.423828 0.078125 0.427734 0.080078 0.427734 0.085938 0.433594 0.087891 0.433594 0.099609 0.445312 0.099609 0.447266 0.107422 0.447266 0.109375 0.445312 0.111328 0.445312 0.113281 0.443359 0.113281 0.441406 0.115234 0.439453 0.115234 0.437500 0.113281 0.435547 0.113281 0.431641 0.111328 0.429688 0.111328 0.427734 0.109375 0.427734 0.105469 0.423828 0.103516 0.423828 0.101562 0.421875 0.099609 0.421875 0.097656 0.419922 0.095703 0.419922 0.093750 0.417969 0.091797 0.417969 0.087891 0.414062 0.085938 0.414062 0.083984 0.412109 0.080078 0.412109 0.078125 0.410156 0.074219 0.410156 0.072266 0.408203 0.066406 0.408203 0.064453 0.406250 0.058594 0.406250 0.056641 0.404297
0 0.720703 0.398438 0.718750 0.400391 0.705078 0.400391 0.703125 0.402344 0.699219 0.402344 0.695312 0.406250 0.695312 0.421875 0.697266 0.423828 0.697266 0.425781 0.703125 0.431641 0.705078 0.431641 0.707031 0.433594 0.708984 0.433594 0.710938 0.435547 0.714844 0.435547 0.716797 0.437500 0.722656 0.437500 0.724609 0.439453 0.730469 0.439453 0.732422 0.441406 0.734375 0.441406 0.736328 0.443359 0.738281 0.443359 0.740234 0.445312 0.742188 0.445312 0.744141 0.447266 0.746094 0.447266 0.750000 0.451172 0.755859 0.451172 0.757812 0.453125 0.767578 0.453125 0.765625 0.451172 0.765625 0.417969 0.763672 0.417969 0.757812 0.412109 0.755859 0.412109 0.753906 0.410156 0.751953 0.410156 0.748047 0.406250 0.746094 0.406250 0.744141 0.404297 0.742188 0.404297 0.740234 0.402344 0.734375 0.402344 0.732422 0.400391 0.726562 0.400391 0.724609 0.398438
0 0.183594 0.427734 0.181641 0.429688 0.179688 0.429688 0.173828 0.435547 0.175781 0.437500 0.175781 0.439453 0.183594 0.447266 0.185547 0.447266 0.187500 0.449219 0.205078 0.449219 0.208984 0.445312 0.208984 0.439453 0.207031 0.437500 0.207031 0.433594 0.201172 0.427734
0 0.767578 0.419922 0.767578 0.451172 0.769531 0.453125 0.769531 0.455078 0.771484 0.457031 0.771484 0.458984 0.773438 0.458984 0.777344 0.462891 0.779297 0.462891 0.781250 0.464844 0.785156 0.464844 0.787109 0.466797 0.792969 0.466797 0.794922 0.468750 0.798828 0.468750 0.800781 0.470703 0.806641 0.470703 0.808594 0.472656 0.812500 0.472656 0.814453 0.474609 0.822266 0.474609 0.824219 0.472656 0.828125 0.472656 0.833984 0.466797 0.833984 0.462891 0.830078 0.458984 0.828125 0.458984 0.826172 0.457031 0.824219 0.457031 0.818359 0.451172 0.814453 0.451172 0.812500 0.449219 0.810547 0.449219 0.802734 0.441406 0.800781 0.441406 0.794922 0.435547 0.792969 0.435547 0.787109 0.429688 0.785156 0.429688 0.777344 0.421875 0.773438 0.421875 0.771484 0.419922
0 0.054688 0.423828 0.054688 0.435547 0.056641 0.437500 0.056641 0.439453 0.068359 0.451172 0.070312 0.451172 0.076172 0.457031 0.078125 0.457031 0.085938 0.464844 0.085938 0.466797 0.087891 0.468750 0.087891 0.470703 0.089844 0.472656 0.089844 0.474609 0.095703 0.480469 0.097656 0.480469 0.101562 0.484375 0.115234 0.484375 0.115234 0.472656 0.113281 0.470703 0.113281 0.466797 0.109375 0.462891 0.109375 0.460938 0.103516 0.455078 0.103516 0.453125 0.097656 0.447266 0.097656 0.445312 0.087891 0.435547 0.085938 0.435547 0.080078 0.429688 0.078125 0.429688 0.074219 0.425781 0.072266 0.425781 0.070312 0.423828
0 0.769531 0.470703 0.767578 0.472656 0.757812 0.472656 0.755859 0.474609 0.755859 0.476562 0.761719 0.482422 0.763672 0.482422 0.765625 0.484375 0.767578 0.484375 0.769531 0.486328 0.771484 0.486328 0.773438 0.488281 0.779297 0.488281 0.781250 0.490234 0.787109 0.490234 0.789062 0.492188 0.796875 0.492188 0.800781 0.488281 0.800781 0.482422 0.798828 0.480469 0.798828 0.476562 0.794922 0.472656 0.792969 0.472656 0.791016 0.470703
0 0.919922 0.474609 0.917969 0.476562 0.912109 0.476562 0.908203 0.480469 0.908203 0.482422 0.904297 0.486328 0.904297 0.488281 0.902344 0.490234 0.902344 0.496094 0.904297 0.498047 0.906250 0.498047 0.908203 0.500000 0.914062 0.500000 0.916016 0.501953 0.917969 0.501953 0.925781 0.509766 0.927734 0.509766 0.933594 0.515625 0.935547 0.515625 0.937500 0.517578 0.939453 0.517578 0.943359 0.521484 0.953125 0.521484 0.955078 0.519531 0.957031 0.519531 0.964844 0.511719 0.964844 0.501953 0.962891 0.500000 0.962891 0.498047 0.958984 0.494141 0.958984 0.492188 0.949219 0.482422 0.949219 0.480469 0.947266 0.478516 0.945312 0.478516 0.943359 0.476562 0.941406 0.476562 0.939453 0.474609
0 0.300781 0.488281 0.296875 0.492188 0.296875 0.494141 0.294922 0.496094 0.294922 0.498047 0.292969 0.500000 0.292969 0.517578 0.294922 0.519531 0.294922 0.529297 0.296875 0.531250 0.296875 0.535156 0.300781 0.539062 0.349609 0.539062 0.351562 0.537109 0.355469 0.537109 0.357422 0.535156 0.357422 0.533203 0.359375 0.531250 0.359375 0.525391 0.357422 0.523438 0.357422 0.517578 0.355469 0.515625 0.355469 0.511719 0.353516 0.509766 0.353516 0.507812 0.345703 0.500000 0.343750 0.500000 0.339844 0.496094 0.337891 0.496094 0.333984 0.492188 0.332031 0.492188 0.330078 0.490234 0.326172 0.490234 0.324219 0.488281
0 0.980469 0.552734 0.978516 0.554688 0.974609 0.554688 0.972656 0.556641 0.970703 0.556641 0.968750 0.558594 0.966797 0.558594 0.964844 0.560547 0.964844 0.562500 0.962891 0.564453 0.962891 0.566406 0.960938 0.568359 0.960938 0.574219 0.962891 0.576172 0.962891 0.578125 0.964844 0.580078 0.966797 0.580078 0.968750 0.582031 0.970703 0.582031 0.972656 0.583984 0.974609 0.583984 0.976562 0.585938 0.978516 0.585938 0.980469 0.587891 0.982422 0.587891 0.984375 0.589844 0.988281 0.589844 0.990234 0.591797 0.992188 0.591797 0.994141 0.593750 0.998047 0.593750 0.996094 0.591797 0.996094 0.552734
0 0.453125 0.580078 0.451172 0.582031 0.447266 0.582031 0.441406 0.587891 0.441406 0.589844 0.439453 0.591797 0.439453 0.601562 0.441406 0.603516 0.441406 0.607422 0.443359 0.609375 0.445312 0.609375 0.449219 0.613281 0.451172 0.613281 0.453125 0.615234 0.455078 0.615234 0.458984 0.619141 0.460938 0.619141 0.464844 0.623047 0.466797 0.623047 0.470703 0.626953 0.474609 0.626953 0.476562 0.628906 0.478516 0.628906 0.482422 0.632812 0.486328 0.632812 0.490234 0.636719 0.492188 0.636719 0.494141 0.638672 0.496094 0.638672 0.498047 0.640625 0.500000 0.640625 0.501953 0.642578 0.507812 0.642578 0.509766 0.640625 0.513672 0.640625 0.515625 0.638672 0.517578 0.638672 0.521484 0.634766 0.521484 0.617188 0.513672 0.609375 0.513672 0.607422 0.507812 0.601562 0.505859 0.601562 0.500000 0.595703 0.496094 0.595703 0.492188 0.591797 0.490234 0.591797 0.488281 0.589844 0.486328 0.589844 0.482422 0.585938 0.480469 0.585938 0.478516 0.583984 0.474609 0.583984 0.472656 0.582031 0.466797 0.582031 0.464844 0.580078
0 0.457031 0.644531 0.455078 0.646484 0.455078 0.648438 0.447266 0.656250 0.443359 0.656250 0.441406 0.658203 0.441406 0.662109 0.445312 0.666016 0.449219 0.666016 0.451172 0.667969 0.464844 0.667969 0.470703 0.662109 0.470703 0.656250 0.472656 0.654297 0.472656 0.648438 0.468750 0.644531
0 0.333984 0.634766 0.332031 0.636719 0.330078 0.636719 0.328125 0.638672 0.324219 0.638672 0.322266 0.640625 0.320312 0.640625 0.314453 0.646484 0.314453 0.648438 0.312500 0.650391 0.312500 0.660156 0.314453 0.662109 0.314453 0.664062 0.316406 0.666016 0.316406 0.667969 0.328125 0.679688 0.330078 0.679688 0.332031 0.681641 0.333984 0.681641 0.335938 0.683594 0.337891 0.683594 0.339844 0.685547 0.341797 0.685547 0.343750 0.687500 0.345703 0.687500 0.347656 0.689453 0.353516 0.689453 0.351562 0.687500 0.351562 0.681641 0.353516 0.679688 0.353516 0.677734 0.367188 0.664062 0.371094 0.664062 0.369141 0.662109 0.369141 0.652344 0.365234 0.648438 0.365234 0.646484 0.361328 0.642578 0.359375 0.642578 0.355469 0.638672 0.353516 0.638672 0.351562 0.636719 0.347656 0.636719 0.345703 0.634766
0 0.367188 0.666016 0.355469 0.677734 0.355469 0.679688 0.353516 0.681641 0.353516 0.687500 0.355469 0.689453 0.361328 0.689453 0.363281 0.687500 0.365234 0.687500 0.365234 0.685547 0.371094 0.679688 0.384766 0.679688 0.386719 0.677734 0.388672 0.677734 0.388672 0.675781 0.390625 0.673828 0.384766 0.667969 0.380859 0.667969 0.378906 0.666016
0 0.488281 0.669922 0.486328 0.671875 0.482422 0.671875 0.480469 0.673828 0.478516 0.673828 0.476562 0.675781 0.474609 0.675781 0.472656 0.677734 0.470703 0.677734 0.472656 0.679688 0.472656 0.681641 0.474609 0.683594 0.474609 0.685547 0.476562 0.685547 0.478516 0.687500 0.482422 0.687500 0.484375 0.689453 0.488281 0.689453 0.490234 0.691406 0.513672 0.691406 0.515625 0.693359 0.537109 0.693359 0.541016 0.689453 0.541016 0.683594 0.535156 0.677734 0.533203 0.677734 0.529297 0.673828 0.525391 0.673828 0.523438 0.671875 0.519531 0.671875 0.517578 0.669922
0 0.857422 0.662109 0.855469 0.664062 0.855469 0.669922 0.849609 0.675781 0.847656 0.675781 0.845703 0.677734 0.843750 0.677734 0.839844 0.681641 0.837891 0.681641 0.837891 0.699219 0.839844 0.701172 0.839844 0.707031 0.843750 0.710938 0.849609 0.710938 0.853516 0.707031 0.855469 0.707031 0.857422 0.705078 0.859375 0.705078 0.861328 0.703125 0.865234 0.703125 0.867188 0.701172 0.871094 0.701172 0.873047 0.699219 0.875000 0.699219 0.882812 0.691406 0.882812 0.685547 0.880859 0.683594 0.880859 0.681641 0.878906 0.679688 0.878906 0.677734 0.876953 0.675781 0.876953 0.673828 0.873047 0.669922 0.873047 0.667969 0.869141 0.664062 0.867188 0.664062 0.865234 0.662109
0 0.000000 0.701172 0.000000 0.753906 0.001953 0.753906 0.003906 0.755859 0.007812 0.755859 0.009766 0.757812 0.023438 0.757812 0.025391 0.755859 0.027344 0.755859 0.029297 0.753906 0.029297 0.751953 0.031250 0.750000 0.031250 0.746094 0.033203 0.744141 0.033203 0.730469 0.031250 0.728516 0.031250 0.726562 0.027344 0.722656 0.027344 0.720703 0.023438 0.716797 0.023438 0.714844 0.021484 0.712891 0.019531 0.712891 0.013672 0.707031 0.011719 0.707031 0.009766 0.705078 0.007812 0.705078 0.003906 0.701172
0 0.281250 0.718750 0.279297 0.720703 0.277344 0.720703 0.277344 0.724609 0.275391 0.726562 0.275391 0.734375 0.273438 0.736328 0.273438 0.750000 0.277344 0.753906 0.287109 0.753906 0.289062 0.751953 0.310547 0.751953 0.312500 0.750000 0.318359 0.750000 0.320312 0.748047 0.320312 0.744141 0.318359 0.742188 0.318359 0.740234 0.314453 0.736328 0.314453 0.734375 0.310547 0.730469 0.308594 0.730469 0.302734 0.724609 0.296875 0.724609 0.292969 0.720703 0.289062 0.720703 0.287109 0.718750
0 0.175781 0.714844 0.167969 0.722656 0.167969 0.724609 0.164062 0.728516 0.164062 0.740234 0.166016 0.742188 0.166016 0.750000 0.169922 0.753906 0.169922 0.755859 0.173828 0.759766 0.173828 0.761719 0.175781 0.761719 0.177734 0.763672 0.177734 0.765625 0.191406 0.779297 0.191406 0.781250 0.193359 0.783203 0.195312 0.783203 0.201172 0.789062 0.203125 0.789062 0.205078 0.787109 0.228516 0.787109 0.230469 0.789062 0.232422 0.789062 0.234375 0.791016 0.236328 0.791016 0.238281 0.792969 0.242188 0.789062 0.242188 0.779297 0.240234 0.777344 0.240234 0.775391 0.236328 0.771484 0.236328 0.769531 0.234375 0.767578 0.234375 0.765625 0.230469 0.761719 0.230469 0.759766 0.226562 0.755859 0.226562 0.753906 0.216797 0.744141 0.216797 0.742188 0.210938 0.736328 0.210938 0.734375 0.203125 0.726562 0.201172 0.726562 0.195312 0.720703 0.193359 0.720703 0.189453 0.716797 0.187500 0.716797 0.185547 0.714844
0 0.691406 0.767578 0.689453 0.769531 0.687500 0.769531 0.687500 0.792969 0.689453 0.794922 0.689453 0.800781 0.697266 0.808594 0.697266 0.810547 0.705078 0.818359 0.707031 0.818359 0.710938 0.822266 0.712891 0.822266 0.714844 0.824219 0.716797 0.824219 0.718750 0.826172 0.734375 0.826172 0.740234 0.820312 0.740234 0.804688 0.738281 0.802734 0.738281 0.800781 0.736328 0.798828 0.736328 0.792969 0.734375 0.791016 0.734375 0.787109 0.732422 0.785156 0.732422 0.779297 0.730469 0.777344 0.730469 0.775391 0.728516 0.775391 0.724609 0.771484 0.722656 0.771484 0.720703 0.769531 0.718750 0.769531 0.716797 0.767578
0 0.205078 0.789062 0.203125 0.791016 0.203125 0.792969 0.199219 0.796875 0.199219 0.812500 0.205078 0.818359 0.207031 0.818359 0.208984 0.820312 0.210938 0.820312 0.214844 0.824219 0.216797 0.824219 0.218750 0.826172 0.222656 0.826172 0.224609 0.828125 0.232422 0.828125 0.234375 0.830078 0.238281 0.830078 0.240234 0.832031 0.251953 0.832031 0.253906 0.830078 0.255859 0.830078 0.259766 0.826172 0.259766 0.822266 0.257812 0.820312 0.257812 0.814453 0.255859 0.812500 0.255859 0.810547 0.253906 0.808594 0.253906 0.806641 0.250000 0.802734 0.250000 0.800781 0.248047 0.800781 0.246094 0.798828 0.244141 0.798828 0.242188 0.796875 0.240234 0.796875 0.236328 0.792969 0.234375 0.792969 0.232422 0.791016 0.230469 0.791016 0.228516 0.789062
0 0.894531 0.822266 0.892578 0.824219 0.884766 0.824219 0.882812 0.826172 0.876953 0.826172 0.875000 0.828125 0.873047 0.828125 0.869141 0.832031 0.871094 0.833984 0.886719 0.833984 0.888672 0.835938 0.890625 0.835938 0.892578 0.837891 0.894531 0.837891 0.898438 0.841797 0.900391 0.841797 0.906250 0.847656 0.908203 0.847656 0.914062 0.853516 0.916016 0.853516 0.919922 0.857422 0.923828 0.857422 0.925781 0.855469 0.927734 0.855469 0.929688 0.853516 0.931641 0.853516 0.933594 0.851562 0.935547 0.851562 0.945312 0.841797 0.945312 0.833984 0.943359 0.832031 0.943359 0.830078 0.937500 0.824219 0.935547 0.824219 0.933594 0.822266
0 0.863281 0.835938 0.861328 0.837891 0.861328 0.847656 0.865234 0.851562 0.867188 0.851562 0.869141 0.853516 0.871094 0.853516 0.875000 0.857422 0.876953 0.857422 0.878906 0.859375 0.880859 0.859375 0.882812 0.861328 0.884766 0.861328 0.888672 0.865234 0.890625 0.865234 0.894531 0.869141 0.896484 0.869141 0.898438 0.871094 0.900391 0.871094 0.902344 0.873047 0.904297 0.873047 0.906250 0.875000 0.908203 0.875000 0.912109 0.878906 0.916016 0.878906 0.917969 0.880859 0.925781 0.880859 0.927734 0.878906 0.929688 0.878906 0.931641 0.876953 0.931641 0.875000 0.929688 0.873047 0.929688 0.871094 0.927734 0.869141 0.927734 0.867188 0.916016 0.855469 0.914062 0.855469 0.908203 0.849609 0.906250 0.849609 0.900391 0.843750 0.898438 0.843750 0.894531 0.839844 0.892578 0.839844 0.890625 0.837891 0.888672 0.837891 0.886719 0.835938
0 0.058594 0.851562 0.054688 0.855469 0.052734 0.855469 0.050781 0.857422 0.050781 0.859375 0.048828 0.861328 0.048828 0.863281 0.046875 0.865234 0.046875 0.869141 0.044922 0.871094 0.044922 0.875000 0.042969 0.876953 0.042969 0.888672 0.044922 0.890625 0.044922 0.892578 0.048828 0.896484 0.060547 0.896484 0.062500 0.894531 0.066406 0.894531 0.068359 0.892578 0.074219 0.892578 0.076172 0.890625 0.080078 0.890625 0.082031 0.888672 0.083984 0.888672 0.085938 0.886719 0.085938 0.884766 0.087891 0.882812 0.087891 0.875000 0.085938 0.873047 0.085938 0.871094 0.083984 0.869141 0.083984 0.867188 0.080078 0.863281 0.078125 0.863281 0.074219 0.859375 0.072266 0.859375 0.068359 0.855469 0.066406 0.855469 0.064453 0.853516 0.062500 0.853516 0.060547 0.851562
0 0.777344 0.863281 0.775391 0.865234 0.767578 0.865234 0.765625 0.867188 0.761719 0.867188 0.757812 0.871094 0.755859 0.871094 0.755859 0.880859 0.757812 0.882812 0.759766 0.882812 0.761719 0.884766 0.763672 0.884766 0.765625 0.886719 0.767578 0.886719 0.771484 0.890625 0.779297 0.890625 0.781250 0.888672 0.783203 0.888672 0.785156 0.886719 0.787109 0.886719 0.791016 0.882812 0.792969 0.882812 0.796875 0.878906 0.798828 0.878906 0.800781 0.876953 0.800781 0.873047 0.798828 0.871094 0.798828 0.869141 0.796875 0.869141 0.794922 0.867188 0.792969 0.867188 0.791016 0.865234 0.787109 0.865234 0.785156 0.863281
0 0.128906 0.968750 0.126953 0.970703 0.125000 0.970703 0.123047 0.972656 0.121094 0.972656 0.119141 0.974609 0.119141 0.976562 0.117188 0.978516 0.117188 0.982422 0.115234 0.984375 0.115234 0.990234 0.113281 0.992188 0.113281 0.996094 0.111328 0.998047 0.169922 0.998047 0.169922 0.996094 0.167969 0.994141 0.167969 0.992188 0.164062 0.988281 0.164062 0.986328 0.158203 0.980469 0.158203 0.978516 0.150391 0.970703 0.148438 0.970703 0.146484 0.968750
