0 0.000000 0.015625 0.000000 0.041016 0.001953 0.039062 0.003906 0.039062 0.005859 0.037109 0.007812 0.037109 0.011719 0.033203 0.013672 0.033203 0.017578 0.029297 0.019531 0.029297 0.021484 0.027344 0.021484 0.025391 0.019531 0.023438 0.017578 0.023438 0.013672 0.019531 0.007812 0.019531 0.005859 0.017578 0.001953 0.017578
0 0.994141 0.013672 0.992188 0.015625 0.988281 0.015625 0.986328 0.017578 0.984375 0.017578 0.980469 0.021484 0.978516 0.021484 0.974609 0.025391 0.972656 0.025391 0.972656 0.027344 0.970703 0.029297 0.970703 0.039062 0.974609 0.042969 0.976562 0.042969 0.978516 0.044922 0.980469 0.044922 0.982422 0.046875 0.984375 0.046875 0.986328 0.048828 0.988281 0.048828 0.990234 0.050781 0.992188 0.050781 0.994141 0.052734 0.998047 0.052734 0.998047 0.013672
0 0.085938 0.037109 0.082031 0.041016 0.080078 0.041016 0.078125 0.042969 0.078125 0.044922 0.074219 0.048828 0.074219 0.050781 0.072266 0.052734 0.072266 0.054688 0.070312 0.056641 0.070312 0.068359 0.074219 0.072266 0.076172 0.072266 0.078125 0.074219 0.091797 0.074219 0.093750 0.072266 0.097656 0.072266 0.099609 0.070312 0.101562 0.070312 0.105469 0.066406 0.107422 0.066406 0.109375 0.064453 0.111328 0.064453 0.113281 0.062500 0.117188 0.062500 0.119141 0.060547 0.123047 0.060547 0.125000 0.058594 0.126953 0.058594 0.128906 0.056641 0.130859 0.056641 0.132812 0.054688 0.134766 0.054688 0.136719 0.052734 0.134766 0.050781 0.136719 0.048828 0.136719 0.044922 0.134766 0.044922 0.132812 0.042969 0.125000 0.042969 0.123047 0.041016 0.117188 0.041016 0.115234 0.039062 0.109375 0.039062 0.107422 0.037109
0 0.773438 0.048828 0.771484 0.050781 0.750000 0.050781 0.748047 0.052734 0.748047 0.056641 0.750000 0.058594 0.751953 0.058594 0.757812 0.064453 0.759766 0.064453 0.763672 0.068359 0.765625 0.068359 0.767578 0.070312 0.773438 0.070312 0.775391 0.068359 0.777344 0.068359 0.779297 0.066406 0.779297 0.064453 0.781250 0.062500 0.781250 0.048828
0 0.867188 0.042969 0.853516 0.056641 0.853516 0.058594 0.849609 0.062500 0.847656 0.062500 0.845703 0.064453 0.843750 0.064453 0.841797 0.066406 0.841797 0.074219 0.843750 0.076172 0.849609 0.076172 0.851562 0.074219 0.853516 0.074219 0.855469 0.072266 0.857422 0.072266 0.863281 0.066406 0.865234 0.066406 0.867188 0.064453 0.869141 0.064453 0.880859 0.052734 0.880859 0.048828 0.876953 0.044922 0.875000 0.044922 0.873047 0.042969
0 0.986328 0.056641 0.984375 0.058594 0.982422 0.058594 0.980469 0.060547 0.978516 0.060547 0.974609 0.064453 0.972656 0.064453 0.972656 0.070312 0.974609 0.072266 0.974609 0.074219 0.976562 0.076172 0.978516 0.076172 0.980469 0.078125 0.982422 0.078125 0.984375 0.080078 0.986328 0.080078 0.988281 0.082031 0.990234 0.082031 0.992188 0.083984 0.994141 0.083984 0.996094 0.082031 0.998047 0.082031 0.998047 0.056641
0 0.908203 0.083984 0.906250 0.085938 0.902344 0.085938 0.900391 0.087891 0.898438 0.087891 0.890625 0.095703 0.890625 0.099609 0.888672 0.101562 0.888672 0.107422 0.890625 0.109375 0.890625 0.115234 0.892578 0.117188 0.892578 0.119141 0.894531 0.121094 0.896484 0.121094 0.900391 0.117188 0.902344 0.117188 0.906250 0.113281 0.908203 0.113281 0.910156 0.111328 0.916016 0.111328 0.919922 0.115234 0.919922 0.117188 0.921875 0.119141 0.921875 0.128906 0.919922 0.130859 0.919922 0.132812 0.916016 0.136719 0.916016 0.138672 0.917969 0.138672 0.919922 0.140625 0.921875 0.140625 0.923828 0.142578 0.927734 0.142578 0.929688 0.144531 0.937500 0.144531 0.945312 0.136719 0.945312 0.134766 0.947266 0.132812 0.947266 0.130859 0.949219 0.128906 0.949219 0.119141 0.947266 0.117188 0.947266 0.113281 0.945312 0.111328 0.945312 0.109375 0.943359 0.107422 0.943359 0.105469 0.939453 0.101562 0.939453 0.099609 0.935547 0.095703 0.935547 0.093750 0.927734 0.085938 0.925781 0.085938 0.923828 0.083984
0 0.146484 0.097656 0.134766 0.109375 0.134766 0.111328 0.128906 0.117188 0.128906 0.119141 0.126953 0.121094 0.126953 0.123047 0.123047 0.126953 0.123047 0.128906 0.119141 0.132812 0.119141 0.134766 0.115234 0.138672 0.115234 0.148438 0.130859 0.148438 0.132812 0.146484 0.136719 0.146484 0.138672 0.144531 0.142578 0.144531 0.144531 0.142578 0.146484 0.142578 0.148438 0.140625 0.150391 0.140625 0.152344 0.138672 0.154297 0.138672 0.158203 0.134766 0.160156 0.134766 0.162109 0.132812 0.164062 0.132812 0.169922 0.126953 0.171875 0.126953 0.177734 0.121094 0.177734 0.119141 0.179688 0.117188 0.179688 0.111328 0.177734 0.109375 0.177734 0.107422 0.171875 0.101562 0.169922 0.101562 0.167969 0.099609 0.166016 0.099609 0.164062 0.097656
0 0.910156 0.113281 0.908203 0.115234 0.906250 0.115234 0.902344 0.119141 0.900391 0.119141 0.896484 0.123047 0.892578 0.123047 0.886719 0.128906 0.884766 0.128906 0.882812 0.130859 0.880859 0.130859 0.878906 0.132812 0.875000 0.132812 0.873047 0.134766 0.871094 0.134766 0.863281 0.142578 0.863281 0.154297 0.865234 0.156250 0.865234 0.160156 0.867188 0.162109 0.880859 0.162109 0.882812 0.160156 0.886719 0.160156 0.888672 0.158203 0.890625 0.158203 0.892578 0.156250 0.894531 0.156250 0.896484 0.154297 0.898438 0.154297 0.900391 0.152344 0.902344 0.152344 0.908203 0.146484 0.908203 0.144531 0.914062 0.138672 0.914062 0.136719 0.917969 0.132812 0.917969 0.130859 0.919922 0.128906 0.919922 0.119141 0.917969 0.117188 0.917969 0.115234 0.916016 0.113281
0 0.001953 0.146484 0.000000 0.148438 0.000000 0.181641 0.007812 0.181641 0.009766 0.179688 0.017578 0.179688 0.019531 0.177734 0.025391 0.177734 0.027344 0.175781 0.039062 0.175781 0.041016 0.173828 0.048828 0.173828 0.048828 0.169922 0.041016 0.162109 0.039062 0.162109 0.035156 0.158203 0.033203 0.158203 0.031250 0.156250 0.029297 0.156250 0.027344 0.154297 0.025391 0.154297 0.023438 0.152344 0.021484 0.152344 0.019531 0.150391 0.017578 0.150391 0.015625 0.148438 0.013672 0.148438 0.011719 0.146484
0 0.142578 0.152344 0.140625 0.154297 0.134766 0.154297 0.132812 0.156250 0.130859 0.156250 0.128906 0.158203 0.126953 0.158203 0.125000 0.160156 0.123047 0.160156 0.121094 0.162109 0.117188 0.162109 0.115234 0.164062 0.111328 0.164062 0.107422 0.167969 0.101562 0.167969 0.099609 0.169922 0.095703 0.169922 0.093750 0.171875 0.091797 0.171875 0.089844 0.173828 0.089844 0.179688 0.091797 0.181641 0.125000 0.181641 0.126953 0.179688 0.132812 0.179688 0.134766 0.177734 0.138672 0.177734 0.140625 0.175781 0.144531 0.175781 0.146484 0.173828 0.152344 0.173828 0.154297 0.171875 0.158203 0.171875 0.162109 0.167969 0.164062 0.167969 0.167969 0.164062 0.169922 0.164062 0.171875 0.162109 0.171875 0.156250 0.169922 0.154297 0.167969 0.154297 0.166016 0.152344
0 0.593750 0.132812 0.576172 0.150391 0.576172 0.152344 0.568359 0.160156 0.566406 0.160156 0.562500 0.164062 0.560547 0.164062 0.558594 0.166016 0.558594 0.167969 0.556641 0.169922 0.556641 0.181641 0.558594 0.183594 0.558594 0.187500 0.562500 0.191406 0.562500 0.193359 0.570312 0.201172 0.570312 0.203125 0.572266 0.205078 0.574219 0.205078 0.578125 0.208984 0.582031 0.208984 0.583984 0.210938 0.587891 0.210938 0.589844 0.212891 0.595703 0.212891 0.597656 0.214844 0.603516 0.214844 0.605469 0.212891 0.607422 0.212891 0.611328 0.208984 0.613281 0.208984 0.621094 0.201172 0.621094 0.199219 0.623047 0.197266 0.623047 0.195312 0.626953 0.191406 0.626953 0.187500 0.628906 0.185547 0.628906 0.173828 0.626953 0.171875 0.626953 0.160156 0.625000 0.158203 0.625000 0.152344 0.623047 0.150391 0.623047 0.148438 0.619141 0.144531 0.619141 0.142578 0.613281 0.136719 0.609375 0.136719 0.605469 0.132812
0 0.234375 0.218750 0.232422 0.220703 0.226562 0.220703 0.224609 0.222656 0.220703 0.222656 0.218750 0.224609 0.212891 0.224609 0.210938 0.226562 0.208984 0.226562 0.207031 0.228516 0.205078 0.228516 0.197266 0.236328 0.197266 0.246094 0.199219 0.248047 0.199219 0.250000 0.203125 0.250000 0.205078 0.248047 0.207031 0.248047 0.210938 0.244141 0.212891 0.244141 0.214844 0.242188 0.216797 0.242188 0.218750 0.240234 0.220703 0.240234 0.222656 0.238281 0.224609 0.238281 0.226562 0.236328 0.232422 0.236328 0.234375 0.234375 0.240234 0.234375 0.242188 0.232422 0.244141 0.232422 0.246094 0.230469 0.248047 0.230469 0.250000 0.228516 0.250000 0.220703 0.248047 0.218750
0 0.998047 0.220703 0.994141 0.224609 0.992188 0.224609 0.990234 0.226562 0.990234 0.228516 0.986328 0.232422 0.986328 0.234375 0.984375 0.236328 0.982422 0.236328 0.982422 0.238281 0.978516 0.242188 0.978516 0.244141 0.974609 0.248047 0.974609 0.259766 0.976562 0.259766 0.982422 0.265625 0.984375 0.265625 0.986328 0.267578 0.988281 0.267578 0.990234 0.269531 0.996094 0.269531 0.996094 0.267578 0.998047 0.265625
0 0.638672 0.248047 0.636719 0.250000 0.634766 0.250000 0.632812 0.251953 0.632812 0.253906 0.626953 0.259766 0.626953 0.275391 0.628906 0.277344 0.628906 0.279297 0.630859 0.281250 0.630859 0.283203 0.638672 0.291016 0.646484 0.291016 0.648438 0.289062 0.652344 0.289062 0.654297 0.287109 0.654297 0.285156 0.658203 0.281250 0.658203 0.279297 0.660156 0.277344 0.660156 0.273438 0.662109 0.271484 0.662109 0.261719 0.660156 0.259766 0.660156 0.255859 0.656250 0.251953 0.654297 0.251953 0.650391 0.248047
0 0.248047 0.251953 0.246094 0.253906 0.246094 0.255859 0.242188 0.259766 0.242188 0.261719 0.240234 0.263672 0.240234 0.265625 0.238281 0.267578 0.238281 0.269531 0.236328 0.271484 0.236328 0.275391 0.234375 0.277344 0.234375 0.279297 0.228516 0.285156 0.228516 0.291016 0.230469 0.292969 0.230469 0.294922 0.236328 0.294922 0.238281 0.296875 0.240234 0.294922 0.244141 0.294922 0.246094 0.292969 0.248047 0.292969 0.251953 0.289062 0.253906 0.289062 0.255859 0.287109 0.257812 0.287109 0.259766 0.285156 0.261719 0.285156 0.269531 0.277344 0.269531 0.269531 0.267578 0.267578 0.267578 0.265625 0.265625 0.263672 0.265625 0.261719 0.255859 0.251953
0 0.593750 0.255859 0.591797 0.257812 0.589844 0.257812 0.585938 0.261719 0.583984 0.261719 0.582031 0.263672 0.582031 0.265625 0.580078 0.267578 0.580078 0.269531 0.576172 0.273438 0.574219 0.273438 0.570312 0.277344 0.570312 0.279297 0.566406 0.283203 0.566406 0.285156 0.556641 0.294922 0.554688 0.294922 0.548828 0.300781 0.546875 0.300781 0.546875 0.302734 0.529297 0.320312 0.527344 0.320312 0.525391 0.322266 0.523438 0.322266 0.521484 0.324219 0.519531 0.324219 0.517578 0.326172 0.515625 0.326172 0.513672 0.328125 0.511719 0.328125 0.505859 0.333984 0.505859 0.335938 0.503906 0.337891 0.503906 0.349609 0.505859 0.351562 0.505859 0.353516 0.507812 0.353516 0.509766 0.355469 0.517578 0.355469 0.519531 0.353516 0.521484 0.353516 0.527344 0.347656 0.529297 0.347656 0.535156 0.341797 0.537109 0.341797 0.541016 0.337891 0.542969 0.337891 0.544922 0.335938 0.546875 0.335938 0.548828 0.333984 0.552734 0.333984 0.556641 0.330078 0.558594 0.330078 0.560547 0.328125 0.562500 0.328125 0.564453 0.326172 0.566406 0.326172 0.568359 0.324219 0.570312 0.324219 0.574219 0.320312 0.576172 0.320312 0.580078 0.316406 0.582031 0.316406 0.583984 0.314453 0.583984 0.312500 0.589844 0.306641 0.589844 0.304688 0.591797 0.302734 0.591797 0.300781 0.593750 0.298828 0.593750 0.296875 0.595703 0.294922 0.595703 0.292969 0.597656 0.291016 0.597656 0.285156 0.599609 0.283203 0.599609 0.281250 0.601562 0.279297 0.601562 0.277344 0.603516 0.275391 0.603516 0.273438 0.605469 0.271484 0.605469 0.269531 0.607422 0.267578 0.607422 0.259766 0.605469 0.257812 0.605469 0.255859
0 0.365234 0.332031 0.363281 0.333984 0.361328 0.333984 0.359375 0.335938 0.357422 0.335938 0.353516 0.339844 0.351562 0.339844 0.341797 0.349609 0.341797 0.353516 0.355469 0.353516 0.357422 0.355469 0.365234 0.355469 0.369141 0.359375 0.369141 0.363281 0.371094 0.365234 0.371094 0.367188 0.373047 0.367188 0.376953 0.371094 0.384766 0.371094 0.384766 0.353516 0.382812 0.351562 0.382812 0.347656 0.380859 0.345703 0.380859 0.341797 0.373047 0.333984 0.369141 0.333984 0.367188 0.332031
0 0.468750 0.349609 0.466797 0.351562 0.462891 0.351562 0.458984 0.355469 0.458984 0.386719 0.466797 0.394531 0.468750 0.394531 0.470703 0.396484 0.474609 0.392578 0.476562 0.392578 0.478516 0.390625 0.478516 0.388672 0.480469 0.386719 0.480469 0.384766 0.482422 0.382812 0.482422 0.376953 0.484375 0.375000 0.484375 0.371094 0.486328 0.369141 0.486328 0.365234 0.484375 0.363281 0.484375 0.359375 0.480469 0.355469 0.480469 0.353516 0.478516 0.353516 0.474609 0.349609
0 0.712891 0.349609 0.710938 0.351562 0.708984 0.351562 0.705078 0.355469 0.705078 0.357422 0.701172 0.361328 0.699219 0.361328 0.693359 0.367188 0.691406 0.367188 0.687500 0.371094 0.685547 0.371094 0.683594 0.373047 0.681641 0.373047 0.677734 0.376953 0.675781 0.376953 0.667969 0.384766 0.666016 0.384766 0.662109 0.388672 0.660156 0.388672 0.660156 0.392578 0.662109 0.394531 0.662109 0.396484 0.667969 0.396484 0.669922 0.394531 0.689453 0.394531 0.691406 0.392578 0.693359 0.392578 0.695312 0.390625 0.697266 0.390625 0.703125 0.384766 0.705078 0.384766 0.708984 0.380859 0.712891 0.380859 0.718750 0.375000 0.720703 0.375000 0.724609 0.371094 0.726562 0.371094 0.730469 0.367188 0.732422 0.367188 0.738281 0.361328 0.738281 0.359375 0.736328 0.357422 0.736328 0.355469 0.734375 0.355469 0.730469 0.351562 0.724609 0.351562 0.722656 0.349609
0 0.345703 0.355469 0.343750 0.357422 0.341797 0.357422 0.339844 0.359375 0.337891 0.359375 0.330078 0.367188 0.330078 0.369141 0.328125 0.371094 0.328125 0.373047 0.324219 0.376953 0.324219 0.378906 0.322266 0.380859 0.322266 0.382812 0.320312 0.384766 0.320312 0.386719 0.318359 0.388672 0.318359 0.390625 0.316406 0.392578 0.316406 0.400391 0.318359 0.402344 0.318359 0.404297 0.320312 0.406250 0.320312 0.408203 0.322266 0.408203 0.324219 0.410156 0.347656 0.410156 0.349609 0.408203 0.351562 0.408203 0.351562 0.406250 0.355469 0.402344 0.355469 0.400391 0.359375 0.396484 0.359375 0.394531 0.361328 0.392578 0.361328 0.390625 0.363281 0.388672 0.363281 0.386719 0.367188 0.382812 0.367188 0.380859 0.369141 0.378906 0.369141 0.365234 0.367188 0.363281 0.367188 0.359375 0.365234 0.357422 0.357422 0.357422 0.355469 0.355469
0 0.175781 0.421875 0.173828 0.423828 0.167969 0.423828 0.160156 0.431641 0.160156 0.441406 0.162109 0.443359 0.162109 0.445312 0.166016 0.449219 0.166016 0.451172 0.167969 0.451172 0.173828 0.457031 0.175781 0.457031 0.179688 0.460938 0.181641 0.460938 0.183594 0.462891 0.185547 0.462891 0.187500 0.464844 0.191406 0.464844 0.193359 0.466797 0.205078 0.466797 0.207031 0.464844 0.208984 0.464844 0.210938 0.462891 0.210938 0.460938 0.214844 0.457031 0.214844 0.443359 0.212891 0.441406 0.212891 0.439453 0.201172 0.427734 0.199219 0.427734 0.197266 0.425781 0.195312 0.425781 0.193359 0.423828 0.187500 0.423828 0.185547 0.421875
0 0.083984 0.490234 0.082031 0.492188 0.080078 0.492188 0.076172 0.496094 0.074219 0.496094 0.068359 0.501953 0.066406 0.501953 0.062500 0.505859 0.060547 0.505859 0.058594 0.507812 0.056641 0.507812 0.054688 0.509766 0.048828 0.509766 0.046875 0.511719 0.044922 0.511719 0.042969 0.513672 0.039062 0.513672 0.037109 0.515625 0.033203 0.515625 0.031250 0.517578 0.031250 0.523438 0.033203 0.525391 0.033203 0.527344 0.035156 0.529297 0.039062 0.529297 0.041016 0.531250 0.052734 0.531250 0.054688 0.529297 0.056641 0.529297 0.058594 0.527344 0.060547 0.527344 0.062500 0.525391 0.064453 0.525391 0.066406 0.523438 0.070312 0.523438 0.072266 0.521484 0.078125 0.521484 0.080078 0.519531 0.082031 0.519531 0.083984 0.517578 0.085938 0.517578 0.091797 0.511719 0.091797 0.509766 0.095703 0.505859 0.095703 0.503906 0.097656 0.501953 0.097656 0.490234
0 0.927734 0.474609 0.925781 0.476562 0.921875 0.476562 0.919922 0.478516 0.917969 0.478516 0.916016 0.480469 0.914062 0.480469 0.912109 0.482422 0.910156 0.482422 0.910156 0.484375 0.906250 0.488281 0.906250 0.490234 0.904297 0.492188 0.904297 0.494141 0.902344 0.496094 0.902344 0.500000 0.900391 0.501953 0.900391 0.507812 0.898438 0.509766 0.898438 0.533203 0.900391 0.535156 0.900391 0.539062 0.906250 0.544922 0.908203 0.544922 0.912109 0.548828 0.914062 0.548828 0.916016 0.550781 0.925781 0.550781 0.927734 0.548828 0.929688 0.548828 0.933594 0.544922 0.935547 0.544922 0.937500 0.542969 0.939453 0.542969 0.945312 0.537109 0.947266 0.537109 0.953125 0.531250 0.953125 0.529297 0.957031 0.525391 0.957031 0.523438 0.960938 0.519531 0.960938 0.517578 0.962891 0.515625 0.962891 0.503906 0.960938 0.501953 0.960938 0.498047 0.958984 0.496094 0.958984 0.494141 0.957031 0.492188 0.957031 0.490234 0.943359 0.476562 0.941406 0.476562 0.939453 0.474609
0 0.183594 0.507812 0.181641 0.509766 0.173828 0.509766 0.171875 0.511719 0.164062 0.511719 0.162109 0.513672 0.160156 0.513672 0.158203 0.515625 0.154297 0.515625 0.150391 0.519531 0.150391 0.521484 0.146484 0.525391 0.146484 0.527344 0.140625 0.533203 0.138672 0.533203 0.132812 0.539062 0.134766 0.541016 0.136719 0.541016 0.138672 0.542969 0.156250 0.542969 0.158203 0.541016 0.162109 0.541016 0.166016 0.537109 0.167969 0.537109 0.169922 0.535156 0.171875 0.535156 0.173828 0.533203 0.175781 0.533203 0.185547 0.523438 0.185547 0.509766
0 0.216797 0.539062 0.214844 0.541016 0.208984 0.541016 0.208984 0.542969 0.207031 0.544922 0.205078 0.544922 0.201172 0.548828 0.201172 0.550781 0.199219 0.552734 0.199219 0.554688 0.197266 0.556641 0.197266 0.558594 0.195312 0.560547 0.195312 0.568359 0.197266 0.570312 0.197266 0.576172 0.201172 0.580078 0.201172 0.582031 0.203125 0.582031 0.205078 0.583984 0.205078 0.585938 0.207031 0.585938 0.210938 0.589844 0.214844 0.589844 0.216797 0.591797 0.238281 0.591797 0.240234 0.589844 0.246094 0.589844 0.246094 0.587891 0.248047 0.585938 0.250000 0.585938 0.250000 0.583984 0.253906 0.580078 0.253906 0.562500 0.251953 0.560547 0.251953 0.558594 0.250000 0.556641 0.250000 0.552734 0.248047 0.550781 0.248047 0.548828 0.246094 0.546875 0.246094 0.544922 0.242188 0.541016 0.234375 0.541016 0.232422 0.539062
0 0.052734 0.546875 0.050781 0.548828 0.050781 0.550781 0.048828 0.552734 0.048828 0.560547 0.052734 0.564453 0.052734 0.566406 0.054688 0.566406 0.058594 0.570312 0.060547 0.570312 0.062500 0.572266 0.066406 0.572266 0.068359 0.574219 0.070312 0.574219 0.072266 0.576172 0.074219 0.576172 0.082031 0.583984 0.083984 0.583984 0.085938 0.585938 0.093750 0.585938 0.091797 0.583984 0.091797 0.580078 0.089844 0.578125 0.089844 0.574219 0.087891 0.572266 0.087891 0.570312 0.085938 0.568359 0.085938 0.566406 0.074219 0.554688 0.072266 0.554688 0.070312 0.552734 0.068359 0.552734 0.066406 0.550781 0.064453 0.550781 0.060547 0.546875
0 0.136719 0.605469 0.136719 0.607422 0.134766 0.609375 0.134766 0.611328 0.132812 0.613281 0.132812 0.626953 0.134766 0.628906 0.134766 0.630859 0.142578 0.638672 0.144531 0.638672 0.146484 0.640625 0.148438 0.640625 0.150391 0.642578 0.162109 0.642578 0.164062 0.640625 0.166016 0.640625 0.167969 0.638672 0.169922 0.638672 0.171875 0.636719 0.171875 0.634766 0.166016 0.628906 0.166016 0.626953 0.158203 0.619141 0.158203 0.617188 0.150391 0.609375 0.148438 0.609375 0.144531 0.605469
0 0.941406 0.662109 0.939453 0.664062 0.935547 0.664062 0.933594 0.666016 0.931641 0.666016 0.929688 0.667969 0.927734 0.667969 0.925781 0.669922 0.923828 0.669922 0.923828 0.671875 0.919922 0.675781 0.919922 0.689453 0.921875 0.691406 0.921875 0.695312 0.923828 0.697266 0.923828 0.699219 0.927734 0.703125 0.929688 0.703125 0.935547 0.708984 0.937500 0.708984 0.939453 0.710938 0.943359 0.710938 0.945312 0.712891 0.947266 0.712891 0.949219 0.714844 0.955078 0.714844 0.957031 0.716797 0.960938 0.716797 0.962891 0.718750 0.990234 0.718750 0.994141 0.714844 0.998047 0.714844 0.998047 0.669922 0.990234 0.669922 0.988281 0.667969 0.988281 0.666016 0.976562 0.666016 0.974609 0.664062 0.970703 0.664062 0.968750 0.662109
0 0.857422 0.673828 0.855469 0.675781 0.853516 0.675781 0.851562 0.677734 0.849609 0.677734 0.845703 0.681641 0.843750 0.681641 0.839844 0.685547 0.837891 0.685547 0.833984 0.689453 0.832031 0.689453 0.830078 0.691406 0.830078 0.693359 0.826172 0.697266 0.826172 0.718750 0.828125 0.720703 0.828125 0.722656 0.830078 0.724609 0.830078 0.726562 0.833984 0.730469 0.833984 0.732422 0.837891 0.736328 0.839844 0.736328 0.841797 0.738281 0.855469 0.738281 0.857422 0.736328 0.859375 0.736328 0.861328 0.734375 0.865234 0.734375 0.869141 0.730469 0.875000 0.730469 0.875000 0.728516 0.876953 0.726562 0.880859 0.726562 0.884766 0.722656 0.886719 0.722656 0.890625 0.718750 0.890625 0.716797 0.892578 0.714844 0.892578 0.695312 0.890625 0.693359 0.890625 0.689453 0.886719 0.685547 0.886719 0.681641 0.884766 0.681641 0.882812 0.679688 0.882812 0.677734 0.880859 0.677734 0.876953 0.673828
0 0.433594 0.740234 0.433594 0.742188 0.431641 0.744141 0.431641 0.746094 0.429688 0.748047 0.429688 0.750000 0.427734 0.751953 0.429688 0.753906 0.429688 0.755859 0.431641 0.757812 0.431641 0.759766 0.433594 0.761719 0.445312 0.761719 0.445312 0.757812 0.447266 0.755859 0.447266 0.753906 0.449219 0.751953 0.449219 0.750000 0.453125 0.746094 0.453125 0.744141 0.457031 0.740234
0 0.474609 0.730469 0.472656 0.732422 0.470703 0.732422 0.468750 0.734375 0.466797 0.734375 0.460938 0.740234 0.458984 0.740234 0.455078 0.744141 0.455078 0.746094 0.451172 0.750000 0.451172 0.751953 0.449219 0.753906 0.449219 0.755859 0.447266 0.757812 0.447266 0.771484 0.453125 0.777344 0.457031 0.777344 0.458984 0.779297 0.462891 0.779297 0.464844 0.781250 0.468750 0.781250 0.470703 0.783203 0.490234 0.783203 0.492188 0.781250 0.498047 0.781250 0.501953 0.777344 0.503906 0.777344 0.505859 0.775391 0.507812 0.775391 0.511719 0.771484 0.513672 0.771484 0.515625 0.769531 0.515625 0.761719 0.511719 0.757812 0.511719 0.755859 0.505859 0.750000 0.505859 0.748047 0.492188 0.734375 0.490234 0.734375 0.488281 0.732422 0.482422 0.732422 0.480469 0.730469
0 0.289062 0.755859 0.285156 0.759766 0.283203 0.759766 0.279297 0.763672 0.279297 0.771484 0.281250 0.771484 0.296875 0.787109 0.298828 0.787109 0.300781 0.789062 0.310547 0.789062 0.316406 0.783203 0.316406 0.763672 0.308594 0.755859
0 0.207031 0.753906 0.205078 0.755859 0.205078 0.757812 0.201172 0.761719 0.201172 0.771484 0.203125 0.773438 0.203125 0.775391 0.207031 0.779297 0.208984 0.779297 0.214844 0.785156 0.216797 0.785156 0.220703 0.789062 0.222656 0.789062 0.224609 0.791016 0.226562 0.791016 0.230469 0.794922 0.232422 0.794922 0.234375 0.796875 0.236328 0.796875 0.238281 0.798828 0.246094 0.798828 0.251953 0.792969 0.251953 0.791016 0.253906 0.789062 0.253906 0.783203 0.251953 0.781250 0.251953 0.779297 0.250000 0.777344 0.250000 0.775391 0.248047 0.773438 0.248047 0.771484 0.240234 0.763672 0.238281 0.763672 0.234375 0.759766 0.230469 0.759766 0.228516 0.757812 0.224609 0.757812 0.222656 0.755859 0.218750 0.755859 0.216797 0.753906
0 0.357422 0.849609 0.355469 0.851562 0.349609 0.851562 0.347656 0.853516 0.343750 0.853516 0.341797 0.855469 0.333984 0.855469 0.332031 0.857422 0.330078 0.857422 0.324219 0.863281 0.322266 0.863281 0.322266 0.867188 0.324219 0.869141 0.324219 0.871094 0.326172 0.873047 0.326172 0.880859 0.328125 0.880859 0.332031 0.884766 0.339844 0.884766 0.341797 0.886719 0.361328 0.886719 0.363281 0.884766 0.367188 0.884766 0.369141 0.882812 0.371094 0.882812 0.373047 0.880859 0.375000 0.880859 0.378906 0.876953 0.378906 0.875000 0.380859 0.873047 0.380859 0.863281 0.378906 0.861328 0.378906 0.859375 0.375000 0.855469 0.373047 0.855469 0.369141 0.851562 0.367188 0.851562 0.365234 0.849609
0 0.275391 0.857422 0.273438 0.859375 0.271484 0.859375 0.267578 0.863281 0.267578 0.865234 0.263672 0.869141 0.263672 0.871094 0.259766 0.875000 0.259766 0.876953 0.257812 0.878906 0.257812 0.880859 0.253906 0.884766 0.253906 0.894531 0.255859 0.896484 0.255859 0.898438 0.257812 0.900391 0.261719 0.900391 0.263672 0.898438 0.265625 0.898438 0.269531 0.894531 0.271484 0.894531 0.275391 0.890625 0.279297 0.890625 0.281250 0.888672 0.285156 0.888672 0.287109 0.886719 0.314453 0.886719 0.316406 0.884766 0.318359 0.884766 0.324219 0.878906 0.324219 0.873047 0.322266 0.871094 0.322266 0.869141 0.316406 0.863281 0.314453 0.863281 0.312500 0.861328 0.308594 0.861328 0.306641 0.859375 0.302734 0.859375 0.300781 0.857422
0 0.712891 0.855469 0.710938 0.857422 0.707031 0.857422 0.703125 0.861328 0.701172 0.861328 0.701172 0.863281 0.699219 0.865234 0.697266 0.865234 0.695312 0.867188 0.695312 0.880859 0.699219 0.880859 0.701172 0.882812 0.701172 0.884766 0.703125 0.886719 0.703125 0.888672 0.705078 0.890625 0.705078 0.894531 0.707031 0.894531 0.708984 0.896484 0.708984 0.898438 0.710938 0.898438 0.714844 0.902344 0.716797 0.902344 0.718750 0.904297 0.722656 0.904297 0.724609 0.902344 0.728516 0.902344 0.732422 0.898438 0.734375 0.898438 0.734375 0.875000 0.732422 0.873047 0.732422 0.871094 0.730469 0.869141 0.730469 0.863281 0.726562 0.859375 0.726562 0.857422 0.724609 0.855469
0 0.693359 0.882812 0.691406 0.884766 0.689453 0.884766 0.687500 0.886719 0.685547 0.886719 0.683594 0.888672 0.681641 0.888672 0.673828 0.896484 0.671875 0.896484 0.669922 0.898438 0.669922 0.900391 0.667969 0.902344 0.667969 0.904297 0.666016 0.906250 0.666016 0.910156 0.667969 0.912109 0.667969 0.917969 0.669922 0.919922 0.669922 0.921875 0.671875 0.923828 0.671875 0.925781 0.673828 0.927734 0.673828 0.929688 0.675781 0.929688 0.677734 0.931641 0.677734 0.933594 0.679688 0.933594 0.681641 0.935547 0.687500 0.935547 0.689453 0.933594 0.693359 0.933594 0.697266 0.929688 0.697266 0.927734 0.699219 0.925781 0.699219 0.923828 0.701172 0.921875 0.703125 0.921875 0.703125 0.919922 0.705078 0.917969 0.705078 0.916016 0.707031 0.914062 0.707031 0.904297 0.705078 0.902344 0.705078 0.898438 0.703125 0.896484 0.703125 0.890625 0.701172 0.888672 0.701172 0.886719 0.699219 0.884766 0.699219 0.882812
0 0.167969 0.884766 0.164062 0.888672 0.162109 0.888672 0.162109 0.892578 0.158203 0.896484 0.158203 0.898438 0.154297 0.902344 0.154297 0.904297 0.152344 0.906250 0.152344 0.919922 0.154297 0.921875 0.154297 0.925781 0.156250 0.927734 0.156250 0.929688 0.158203 0.931641 0.158203 0.933594 0.160156 0.933594 0.162109 0.935547 0.162109 0.937500 0.166016 0.937500 0.169922 0.941406 0.175781 0.941406 0.177734 0.943359 0.197266 0.943359 0.199219 0.941406 0.203125 0.941406 0.205078 0.939453 0.207031 0.939453 0.208984 0.937500 0.210938 0.937500 0.210938 0.935547 0.212891 0.933594 0.212891 0.923828 0.210938 0.921875 0.210938 0.916016 0.207031 0.912109 0.207031 0.910156 0.203125 0.906250 0.203125 0.904297 0.199219 0.900391 0.199219 0.898438 0.197266 0.898438 0.187500 0.888672 0.185547 0.888672 0.183594 0.886719 0.181641 0.886719 0.179688 0.884766
0 0.111328 0.925781 0.109375 0.927734 0.101562 0.927734 0.097656 0.931641 0.095703 0.931641 0.091797 0.935547 0.087891 0.935547 0.080078 0.943359 0.080078 0.947266 0.082031 0.949219 0.082031 0.951172 0.083984 0.953125 0.083984 0.960938 0.085938 0.960938 0.087891 0.962891 0.087891 0.964844 0.089844 0.964844 0.093750 0.968750 0.105469 0.968750 0.109375 0.964844 0.115234 0.964844 0.117188 0.966797 0.121094 0.966797 0.125000 0.970703 0.126953 0.970703 0.128906 0.972656 0.136719 0.972656 0.138672 0.970703 0.140625 0.970703 0.142578 0.968750 0.144531 0.968750 0.148438 0.964844 0.148438 0.947266 0.146484 0.945312 0.146484 0.943359 0.144531 0.941406 0.144531 0.939453 0.136719 0.931641 0.132812 0.931641 0.128906 0.927734 0.125000 0.927734 0.123047 0.925781
0 0.041016 0.964844 0.039062 0.966797 0.033203 0.966797 0.029297 0.970703 0.025391 0.970703 0.021484 0.974609 0.015625 0.974609 0.015625 0.976562 0.013672 0.978516 0.013672 0.980469 0.007812 0.986328 0.005859 0.986328 0.001953 0.990234 0.000000 0.990234 0.000000 0.998047 0.064453 0.998047 0.066406 0.996094 0.066406 0.994141 0.070312 0.990234 0.070312 0.972656 0.068359 0.972656 0.066406 0.970703 0.066406 0.968750 0.064453 0.968750 0.062500 0.966797 0.060547 0.966797 0.058594 0.964844
0 0.503906 0.966797 0.501953 0.968750 0.494141 0.968750 0.492188 0.970703 0.488281 0.970703 0.486328 0.972656 0.486328 0.974609 0.484375 0.976562 0.482422 0.976562 0.472656 0.986328 0.472656 0.988281 0.470703 0.990234 0.468750 0.990234 0.464844 0.994141 0.464844 0.996094 0.462891 0.998047 0.505859 0.998047 0.505859 0.996094 0.509766 0.992188 0.509766 0.988281 0.513672 0.984375 0.513672 0.982422 0.515625 0.980469 0.515625 0.978516 0.517578 0.976562 0.517578 0.972656 0.513672 0.968750 0.511719 0.968750 0.509766 0.966797
0 0.642578 0.976562 0.640625 0.978516 0.634766 0.978516 0.632812 0.980469 0.628906 0.980469 0.626953 0.982422 0.625000 0.982422 0.619141 0.988281 0.619141 0.992188 0.617188 0.994141 0.617188 0.998047 0.673828 0.998047 0.673828 0.996094 0.671875 0.994141 0.671875 0.992188 0.658203 0.978516 0.656250 0.978516 0.654297 0.976562
