0 0.246094 0.000000 0.246094 0.003906 0.248047 0.003906 0.250000 0.005859 0.251953 0.005859 0.253906 0.007812 0.271484 0.007812 0.273438 0.005859 0.275391 0.005859 0.281250 0.000000
0 0.539062 0.000000 0.546875 0.007812 0.548828 0.007812 0.552734 0.011719 0.562500 0.011719 0.564453 0.009766 0.568359 0.009766 0.576172 0.001953 0.578125 0.001953 0.580078 0.000000
0 0.199219 0.019531 0.197266 0.021484 0.195312 0.021484 0.193359 0.023438 0.191406 0.023438 0.185547 0.029297 0.185547 0.031250 0.181641 0.035156 0.181641 0.041016 0.179688 0.042969 0.179688 0.048828 0.177734 0.050781 0.177734 0.052734 0.179688 0.054688 0.191406 0.054688 0.199219 0.046875 0.199219 0.042969 0.201172 0.041016 0.201172 0.033203 0.203125 0.031250 0.203125 0.025391 0.205078 0.023438 0.205078 0.019531
0 0.291016 0.041016 0.289062 0.042969 0.289062 0.046875 0.292969 0.050781 0.292969 0.052734 0.294922 0.054688 0.294922 0.056641 0.296875 0.058594 0.296875 0.060547 0.304688 0.068359 0.306641 0.068359 0.310547 0.072266 0.312500 0.072266 0.316406 0.076172 0.318359 0.076172 0.322266 0.080078 0.324219 0.080078 0.328125 0.083984 0.330078 0.083984 0.335938 0.089844 0.337891 0.089844 0.339844 0.091797 0.341797 0.091797 0.343750 0.093750 0.347656 0.093750 0.349609 0.095703 0.371094 0.095703 0.373047 0.093750 0.375000 0.093750 0.378906 0.089844 0.378906 0.087891 0.380859 0.085938 0.380859 0.078125 0.378906 0.076172 0.378906 0.062500 0.375000 0.058594 0.373047 0.058594 0.371094 0.056641 0.369141 0.056641 0.367188 0.054688 0.363281 0.054688 0.361328 0.052734 0.355469 0.052734 0.353516 0.050781 0.341797 0.050781 0.339844 0.048828 0.330078 0.048828 0.328125 0.046875 0.320312 0.046875 0.318359 0.044922 0.312500 0.044922 0.310547 0.042969 0.304688 0.042969 0.302734 0.041016
0 0.943359 0.373047 0.925781 0.390625 0.925781 0.392578 0.923828 0.394531 0.923828 0.406250 0.931641 0.406250 0.939453 0.398438 0.941406 0.398438 0.947266 0.392578 0.947266 0.390625 0.949219 0.388672 0.949219 0.373047
0 0.958984 0.376953 0.957031 0.378906 0.955078 0.378906 0.955078 0.380859 0.953125 0.382812 0.953125 0.386719 0.951172 0.388672 0.951172 0.390625 0.941406 0.400391 0.939453 0.400391 0.919922 0.419922 0.919922 0.423828 0.921875 0.425781 0.927734 0.425781 0.929688 0.423828 0.931641 0.423828 0.949219 0.406250 0.949219 0.404297 0.957031 0.396484 0.957031 0.394531 0.962891 0.388672 0.962891 0.386719 0.964844 0.384766 0.964844 0.376953
0 0.058594 0.378906 0.056641 0.380859 0.054688 0.380859 0.052734 0.382812 0.052734 0.386719 0.050781 0.388672 0.050781 0.390625 0.048828 0.392578 0.048828 0.406250 0.050781 0.408203 0.050781 0.414062 0.054688 0.417969 0.054688 0.419922 0.064453 0.429688 0.066406 0.429688 0.068359 0.431641 0.070312 0.431641 0.072266 0.433594 0.074219 0.433594 0.078125 0.437500 0.083984 0.437500 0.085938 0.435547 0.087891 0.435547 0.089844 0.433594 0.093750 0.433594 0.097656 0.429688 0.097656 0.427734 0.099609 0.425781 0.099609 0.423828 0.103516 0.419922 0.103516 0.412109 0.101562 0.410156 0.101562 0.408203 0.087891 0.394531 0.085938 0.394531 0.080078 0.388672 0.078125 0.388672 0.074219 0.384766 0.072266 0.384766 0.066406 0.378906
0 0.271484 0.396484 0.269531 0.398438 0.269531 0.404297 0.273438 0.404297 0.277344 0.408203 0.277344 0.410156 0.279297 0.412109 0.279297 0.414062 0.281250 0.416016 0.281250 0.423828 0.296875 0.423828 0.298828 0.421875 0.300781 0.421875 0.306641 0.416016 0.306641 0.404297 0.304688 0.402344 0.304688 0.400391 0.296875 0.400391 0.294922 0.398438 0.291016 0.398438 0.289062 0.396484
0 0.253906 0.406250 0.251953 0.408203 0.250000 0.408203 0.248047 0.410156 0.246094 0.410156 0.242188 0.414062 0.240234 0.414062 0.238281 0.416016 0.236328 0.416016 0.224609 0.427734 0.224609 0.429688 0.222656 0.431641 0.222656 0.443359 0.224609 0.445312 0.224609 0.447266 0.234375 0.457031 0.236328 0.457031 0.238281 0.458984 0.248047 0.458984 0.250000 0.457031 0.253906 0.457031 0.257812 0.453125 0.259766 0.453125 0.271484 0.441406 0.271484 0.439453 0.275391 0.435547 0.275391 0.433594 0.277344 0.431641 0.277344 0.425781 0.279297 0.423828 0.279297 0.416016 0.277344 0.414062 0.277344 0.412109 0.275391 0.410156 0.275391 0.408203 0.273438 0.406250
0 0.898438 0.478516 0.896484 0.480469 0.894531 0.480469 0.888672 0.486328 0.888672 0.490234 0.890625 0.492188 0.890625 0.500000 0.888672 0.501953 0.888672 0.503906 0.890625 0.503906 0.892578 0.505859 0.894531 0.505859 0.898438 0.509766 0.919922 0.509766 0.923828 0.505859 0.923828 0.503906 0.925781 0.501953 0.925781 0.496094 0.923828 0.494141 0.923828 0.492188 0.921875 0.490234 0.921875 0.488281 0.916016 0.482422 0.914062 0.482422 0.910156 0.478516
0 0.810547 0.478516 0.804688 0.484375 0.804688 0.494141 0.806641 0.494141 0.808594 0.496094 0.814453 0.496094 0.816406 0.498047 0.818359 0.498047 0.820312 0.500000 0.822266 0.500000 0.828125 0.505859 0.828125 0.507812 0.830078 0.509766 0.830078 0.519531 0.833984 0.515625 0.833984 0.513672 0.835938 0.511719 0.835938 0.509766 0.837891 0.507812 0.837891 0.500000 0.835938 0.498047 0.835938 0.492188 0.833984 0.490234 0.833984 0.488281 0.830078 0.484375 0.828125 0.484375 0.824219 0.480469 0.822266 0.480469 0.820312 0.478516
0 0.878906 0.488281 0.876953 0.490234 0.875000 0.490234 0.873047 0.492188 0.871094 0.492188 0.863281 0.500000 0.863281 0.501953 0.859375 0.505859 0.859375 0.517578 0.869141 0.517578 0.873047 0.513672 0.875000 0.513672 0.878906 0.509766 0.880859 0.509766 0.886719 0.503906 0.886719 0.501953 0.888672 0.500000 0.888672 0.492188 0.886719 0.490234 0.886719 0.488281
0 0.794922 0.496094 0.792969 0.498047 0.791016 0.498047 0.791016 0.500000 0.789062 0.501953 0.789062 0.503906 0.785156 0.507812 0.785156 0.519531 0.789062 0.523438 0.789062 0.525391 0.791016 0.527344 0.792969 0.527344 0.796875 0.531250 0.802734 0.531250 0.804688 0.533203 0.814453 0.533203 0.818359 0.529297 0.820312 0.529297 0.822266 0.527344 0.824219 0.527344 0.824219 0.525391 0.826172 0.523438 0.828125 0.523438 0.828125 0.509766 0.826172 0.507812 0.826172 0.505859 0.822266 0.501953 0.820312 0.501953 0.818359 0.500000 0.816406 0.500000 0.814453 0.498047 0.808594 0.498047 0.806641 0.496094
0 0.656250 0.562500 0.652344 0.566406 0.650391 0.566406 0.648438 0.568359 0.646484 0.568359 0.642578 0.572266 0.640625 0.572266 0.630859 0.582031 0.630859 0.583984 0.628906 0.585938 0.628906 0.609375 0.632812 0.613281 0.632812 0.615234 0.642578 0.615234 0.644531 0.613281 0.648438 0.613281 0.652344 0.609375 0.654297 0.609375 0.658203 0.605469 0.660156 0.605469 0.662109 0.603516 0.664062 0.603516 0.667969 0.599609 0.669922 0.599609 0.673828 0.595703 0.675781 0.595703 0.677734 0.593750 0.679688 0.593750 0.681641 0.591797 0.683594 0.591797 0.685547 0.589844 0.689453 0.589844 0.691406 0.587891 0.693359 0.587891 0.695312 0.585938 0.701172 0.585938 0.703125 0.583984 0.705078 0.583984 0.707031 0.582031 0.708984 0.582031 0.708984 0.580078 0.712891 0.576172 0.712891 0.574219 0.710938 0.572266 0.708984 0.572266 0.705078 0.568359 0.697266 0.568359 0.695312 0.566406 0.679688 0.566406 0.677734 0.564453 0.673828 0.564453 0.671875 0.562500
0 0.998047 0.570312 0.996094 0.572266 0.994141 0.572266 0.984375 0.582031 0.984375 0.583984 0.980469 0.587891 0.980469 0.597656 0.982422 0.599609 0.982422 0.601562 0.984375 0.603516 0.990234 0.603516 0.992188 0.605469 0.996094 0.605469 0.998047 0.603516
0 0.244141 0.578125 0.244141 0.587891 0.246094 0.589844 0.246094 0.593750 0.251953 0.599609 0.251953 0.605469 0.253906 0.607422 0.253906 0.609375 0.255859 0.611328 0.255859 0.613281 0.259766 0.617188 0.259766 0.619141 0.267578 0.626953 0.267578 0.628906 0.269531 0.630859 0.271484 0.630859 0.273438 0.632812 0.275391 0.632812 0.277344 0.634766 0.281250 0.634766 0.283203 0.636719 0.287109 0.636719 0.289062 0.634766 0.289062 0.621094 0.287109 0.619141 0.287109 0.617188 0.275391 0.605469 0.275391 0.603516 0.265625 0.593750 0.265625 0.591797 0.257812 0.583984 0.255859 0.583984 0.250000 0.578125
0 0.648438 0.628906 0.646484 0.630859 0.642578 0.630859 0.640625 0.632812 0.638672 0.632812 0.636719 0.634766 0.636719 0.636719 0.634766 0.638672 0.634766 0.640625 0.632812 0.642578 0.632812 0.644531 0.630859 0.646484 0.630859 0.648438 0.628906 0.650391 0.628906 0.654297 0.626953 0.656250 0.626953 0.669922 0.625000 0.671875 0.625000 0.679688 0.623047 0.681641 0.623047 0.697266 0.626953 0.701172 0.628906 0.701172 0.630859 0.703125 0.638672 0.703125 0.642578 0.699219 0.644531 0.699219 0.646484 0.697266 0.646484 0.695312 0.648438 0.693359 0.650391 0.693359 0.650391 0.691406 0.660156 0.681641 0.660156 0.679688 0.666016 0.673828 0.666016 0.669922 0.667969 0.667969 0.667969 0.666016 0.669922 0.664062 0.669922 0.638672 0.667969 0.636719 0.667969 0.634766 0.666016 0.632812 0.664062 0.632812 0.662109 0.630859 0.656250 0.630859 0.654297 0.628906
0 0.972656 0.675781 0.970703 0.677734 0.960938 0.677734 0.958984 0.679688 0.953125 0.679688 0.951172 0.681641 0.949219 0.681641 0.943359 0.687500 0.943359 0.701172 0.945312 0.703125 0.945312 0.707031 0.947266 0.708984 0.947266 0.710938 0.949219 0.712891 0.949219 0.714844 0.953125 0.718750 0.955078 0.718750 0.960938 0.724609 0.968750 0.724609 0.970703 0.722656 0.974609 0.722656 0.984375 0.712891 0.984375 0.710938 0.986328 0.708984 0.986328 0.705078 0.990234 0.701172 0.990234 0.699219 0.992188 0.697266 0.992188 0.695312 0.994141 0.693359 0.996094 0.693359 0.998047 0.691406 0.998047 0.675781
0 0.066406 0.687500 0.064453 0.689453 0.064453 0.691406 0.062500 0.693359 0.062500 0.703125 0.064453 0.705078 0.064453 0.708984 0.066406 0.710938 0.066406 0.712891 0.068359 0.714844 0.068359 0.716797 0.070312 0.718750 0.070312 0.720703 0.072266 0.722656 0.072266 0.724609 0.074219 0.726562 0.074219 0.728516 0.080078 0.734375 0.080078 0.736328 0.082031 0.738281 0.082031 0.740234 0.085938 0.744141 0.085938 0.746094 0.089844 0.750000 0.089844 0.751953 0.091797 0.753906 0.093750 0.753906 0.097656 0.757812 0.099609 0.757812 0.103516 0.761719 0.105469 0.761719 0.109375 0.765625 0.113281 0.765625 0.115234 0.767578 0.119141 0.767578 0.121094 0.769531 0.126953 0.769531 0.128906 0.771484 0.132812 0.771484 0.134766 0.773438 0.136719 0.773438 0.138672 0.775391 0.138672 0.777344 0.140625 0.779297 0.140625 0.781250 0.142578 0.781250 0.146484 0.785156 0.146484 0.787109 0.152344 0.792969 0.154297 0.792969 0.156250 0.791016 0.158203 0.791016 0.160156 0.789062 0.160156 0.779297 0.158203 0.777344 0.158203 0.773438 0.156250 0.771484 0.156250 0.767578 0.146484 0.757812 0.146484 0.755859 0.144531 0.753906 0.144531 0.751953 0.138672 0.746094 0.138672 0.744141 0.134766 0.740234 0.134766 0.738281 0.130859 0.734375 0.130859 0.732422 0.123047 0.724609 0.123047 0.722656 0.113281 0.712891 0.111328 0.712891 0.109375 0.710938 0.109375 0.708984 0.107422 0.708984 0.103516 0.705078 0.101562 0.705078 0.091797 0.695312 0.089844 0.695312 0.085938 0.691406 0.083984 0.691406 0.082031 0.689453 0.080078 0.689453 0.078125 0.687500
0 0.527344 0.732422 0.525391 0.734375 0.523438 0.734375 0.519531 0.738281 0.517578 0.738281 0.501953 0.753906 0.501953 0.755859 0.500000 0.757812 0.500000 0.769531 0.501953 0.771484 0.501953 0.773438 0.507812 0.779297 0.511719 0.779297 0.513672 0.777344 0.519531 0.777344 0.521484 0.775391 0.523438 0.775391 0.525391 0.773438 0.527344 0.773438 0.533203 0.767578 0.535156 0.767578 0.535156 0.765625 0.537109 0.763672 0.539062 0.763672 0.541016 0.761719 0.541016 0.759766 0.542969 0.757812 0.544922 0.757812 0.544922 0.755859 0.550781 0.750000 0.550781 0.748047 0.548828 0.746094 0.548828 0.742188 0.546875 0.740234 0.546875 0.738281 0.544922 0.738281 0.539062 0.732422
0 0.554688 0.750000 0.552734 0.751953 0.550781 0.751953 0.546875 0.755859 0.546875 0.757812 0.544922 0.759766 0.542969 0.759766 0.542969 0.761719 0.539062 0.765625 0.537109 0.765625 0.537109 0.767578 0.535156 0.769531 0.533203 0.769531 0.513672 0.789062 0.513672 0.791016 0.511719 0.792969 0.511719 0.796875 0.509766 0.798828 0.509766 0.802734 0.511719 0.804688 0.511719 0.808594 0.515625 0.812500 0.527344 0.812500 0.531250 0.808594 0.531250 0.806641 0.533203 0.804688 0.533203 0.800781 0.535156 0.798828 0.535156 0.794922 0.537109 0.792969 0.537109 0.791016 0.541016 0.787109 0.541016 0.785156 0.544922 0.781250 0.546875 0.781250 0.558594 0.769531 0.558594 0.755859 0.556641 0.753906 0.556641 0.751953
0 0.439453 0.773438 0.433594 0.779297 0.433594 0.783203 0.431641 0.785156 0.431641 0.789062 0.429688 0.791016 0.429688 0.800781 0.431641 0.800781 0.433594 0.802734 0.439453 0.802734 0.441406 0.804688 0.443359 0.804688 0.445312 0.806641 0.447266 0.806641 0.449219 0.808594 0.451172 0.808594 0.453125 0.810547 0.455078 0.810547 0.458984 0.814453 0.460938 0.814453 0.464844 0.818359 0.464844 0.822266 0.466797 0.824219 0.466797 0.830078 0.468750 0.830078 0.472656 0.833984 0.482422 0.833984 0.484375 0.832031 0.486328 0.832031 0.488281 0.830078 0.488281 0.818359 0.486328 0.816406 0.486328 0.814453 0.484375 0.812500 0.484375 0.810547 0.482422 0.810547 0.480469 0.808594 0.478516 0.808594 0.474609 0.804688 0.472656 0.804688 0.470703 0.802734 0.468750 0.802734 0.464844 0.798828 0.462891 0.798828 0.458984 0.794922 0.458984 0.792969 0.457031 0.791016 0.457031 0.789062 0.455078 0.787109 0.455078 0.785156 0.453125 0.783203 0.453125 0.781250 0.451172 0.779297 0.451172 0.777344 0.447266 0.773438
0 0.398438 0.794922 0.396484 0.796875 0.394531 0.796875 0.390625 0.800781 0.390625 0.806641 0.392578 0.808594 0.392578 0.810547 0.394531 0.812500 0.394531 0.816406 0.398438 0.820312 0.398438 0.822266 0.400391 0.824219 0.400391 0.828125 0.406250 0.833984 0.408203 0.833984 0.412109 0.837891 0.414062 0.837891 0.419922 0.843750 0.421875 0.843750 0.425781 0.847656 0.427734 0.847656 0.429688 0.849609 0.433594 0.849609 0.435547 0.851562 0.449219 0.851562 0.451172 0.849609 0.453125 0.849609 0.455078 0.847656 0.457031 0.847656 0.460938 0.843750 0.460938 0.841797 0.462891 0.839844 0.462891 0.837891 0.464844 0.835938 0.464844 0.824219 0.462891 0.822266 0.462891 0.818359 0.460938 0.816406 0.458984 0.816406 0.455078 0.812500 0.453125 0.812500 0.451172 0.810547 0.449219 0.810547 0.447266 0.808594 0.445312 0.808594 0.443359 0.806641 0.441406 0.806641 0.439453 0.804688 0.433594 0.804688 0.431641 0.802734 0.427734 0.802734 0.425781 0.800781 0.421875 0.800781 0.419922 0.798828 0.414062 0.798828 0.410156 0.794922
0 0.611328 0.794922 0.609375 0.796875 0.605469 0.796875 0.603516 0.798828 0.601562 0.798828 0.599609 0.800781 0.597656 0.800781 0.593750 0.804688 0.593750 0.806641 0.589844 0.810547 0.589844 0.816406 0.587891 0.818359 0.587891 0.826172 0.589844 0.828125 0.589844 0.833984 0.591797 0.835938 0.591797 0.837891 0.593750 0.839844 0.593750 0.841797 0.597656 0.845703 0.599609 0.845703 0.603516 0.849609 0.611328 0.849609 0.613281 0.847656 0.615234 0.847656 0.615234 0.843750 0.617188 0.841797 0.617188 0.839844 0.619141 0.837891 0.619141 0.835938 0.621094 0.833984 0.623047 0.833984 0.626953 0.830078 0.630859 0.830078 0.632812 0.832031 0.634766 0.832031 0.634766 0.826172 0.632812 0.824219 0.632812 0.818359 0.630859 0.816406 0.630859 0.814453 0.628906 0.812500 0.628906 0.810547 0.623047 0.804688 0.623047 0.802734 0.615234 0.794922
0 0.626953 0.832031 0.623047 0.835938 0.621094 0.835938 0.621094 0.837891 0.619141 0.839844 0.619141 0.841797 0.617188 0.843750 0.617188 0.849609 0.619141 0.851562 0.619141 0.855469 0.621094 0.857422 0.621094 0.861328 0.625000 0.865234 0.625000 0.867188 0.632812 0.875000 0.634766 0.875000 0.642578 0.882812 0.644531 0.882812 0.648438 0.886719 0.648438 0.888672 0.650391 0.888672 0.656250 0.894531 0.658203 0.894531 0.662109 0.898438 0.664062 0.898438 0.667969 0.902344 0.669922 0.902344 0.675781 0.908203 0.685547 0.908203 0.689453 0.904297 0.689453 0.902344 0.691406 0.900391 0.691406 0.894531 0.693359 0.892578 0.693359 0.878906 0.691406 0.876953 0.691406 0.875000 0.689453 0.873047 0.689453 0.871094 0.687500 0.869141 0.685547 0.869141 0.683594 0.867188 0.681641 0.867188 0.679688 0.865234 0.677734 0.865234 0.673828 0.861328 0.671875 0.861328 0.667969 0.857422 0.666016 0.857422 0.664062 0.855469 0.662109 0.855469 0.660156 0.853516 0.658203 0.853516 0.640625 0.835938 0.638672 0.835938 0.636719 0.833984 0.632812 0.833984 0.630859 0.832031
0 0.994141 0.855469 0.992188 0.857422 0.986328 0.857422 0.984375 0.859375 0.982422 0.859375 0.980469 0.861328 0.978516 0.861328 0.976562 0.863281 0.974609 0.863281 0.964844 0.873047 0.964844 0.875000 0.962891 0.876953 0.962891 0.878906 0.960938 0.880859 0.960938 0.888672 0.962891 0.890625 0.962891 0.894531 0.966797 0.898438 0.966797 0.902344 0.970703 0.906250 0.970703 0.908203 0.980469 0.917969 0.982422 0.917969 0.986328 0.921875 0.990234 0.921875 0.994141 0.925781 0.996094 0.925781 0.998047 0.923828 0.998047 0.855469
0 0.597656 0.916016 0.595703 0.917969 0.587891 0.917969 0.585938 0.919922 0.583984 0.919922 0.582031 0.921875 0.578125 0.921875 0.564453 0.935547 0.564453 0.937500 0.562500 0.939453 0.562500 0.941406 0.558594 0.945312 0.558594 0.947266 0.560547 0.949219 0.560547 0.951172 0.564453 0.951172 0.566406 0.949219 0.587891 0.949219 0.589844 0.951172 0.595703 0.951172 0.597656 0.953125 0.601562 0.953125 0.603516 0.955078 0.609375 0.955078 0.611328 0.957031 0.619141 0.957031 0.621094 0.958984 0.632812 0.958984 0.634766 0.957031 0.636719 0.957031 0.636719 0.945312 0.634766 0.943359 0.634766 0.941406 0.632812 0.939453 0.632812 0.937500 0.628906 0.933594 0.628906 0.931641 0.625000 0.927734 0.623047 0.927734 0.619141 0.923828 0.617188 0.923828 0.615234 0.921875 0.613281 0.921875 0.609375 0.917969 0.607422 0.917969 0.605469 0.916016
0 0.246094 0.917969 0.224609 0.939453 0.224609 0.949219 0.226562 0.951172 0.226562 0.953125 0.234375 0.960938 0.259766 0.960938 0.261719 0.958984 0.265625 0.958984 0.271484 0.953125 0.271484 0.949219 0.273438 0.947266 0.273438 0.935547 0.271484 0.933594 0.271484 0.929688 0.269531 0.927734 0.269531 0.925781 0.261719 0.917969
0 0.566406 0.951172 0.564453 0.953125 0.556641 0.953125 0.554688 0.955078 0.550781 0.955078 0.548828 0.957031 0.546875 0.957031 0.544922 0.958984 0.541016 0.958984 0.539062 0.960938 0.537109 0.960938 0.537109 0.962891 0.535156 0.964844 0.535156 0.974609 0.537109 0.976562 0.537109 0.980469 0.539062 0.982422 0.539062 0.984375 0.541016 0.984375 0.542969 0.986328 0.544922 0.986328 0.546875 0.988281 0.548828 0.988281 0.550781 0.990234 0.554688 0.990234 0.556641 0.992188 0.576172 0.992188 0.578125 0.990234 0.582031 0.990234 0.583984 0.988281 0.587891 0.988281 0.591797 0.984375 0.593750 0.984375 0.601562 0.976562 0.601562 0.974609 0.603516 0.972656 0.603516 0.960938 0.599609 0.957031 0.599609 0.955078 0.597656 0.955078 0.595703 0.953125 0.589844 0.953125 0.587891 0.951172
