0 0.593750 0.000000 0.593750 0.003906 0.591797 0.005859 0.591797 0.009766 0.593750 0.009766 0.595703 0.011719 0.597656 0.011719 0.599609 0.013672 0.601562 0.013672 0.605469 0.009766 0.607422 0.009766 0.611328 0.005859 0.611328 0.003906 0.613281 0.001953 0.613281 0.000000
0 0.703125 0.000000 0.703125 0.003906 0.705078 0.005859 0.705078 0.007812 0.710938 0.013672 0.712891 0.013672 0.714844 0.015625 0.724609 0.015625 0.726562 0.013672 0.728516 0.013672 0.730469 0.011719 0.732422 0.011719 0.734375 0.009766 0.736328 0.009766 0.738281 0.007812 0.742188 0.007812 0.744141 0.005859 0.751953 0.005859 0.753906 0.003906 0.761719 0.003906 0.765625 0.000000
0 0.875000 0.000000 0.875000 0.005859 0.876953 0.007812 0.876953 0.009766 0.880859 0.013672 0.880859 0.015625 0.884766 0.019531 0.884766 0.021484 0.892578 0.021484 0.894531 0.019531 0.898438 0.019531 0.898438 0.013672 0.892578 0.007812 0.892578 0.005859 0.888672 0.001953 0.888672 0.000000
0 0.000000 0.000000 0.000000 0.027344 0.007812 0.027344 0.009766 0.025391 0.011719 0.025391 0.013672 0.023438 0.015625 0.023438 0.019531 0.019531 0.019531 0.000000
0 0.087891 0.000000 0.091797 0.003906 0.091797 0.007812 0.093750 0.007812 0.095703 0.009766 0.095703 0.011719 0.097656 0.011719 0.101562 0.015625 0.107422 0.015625 0.111328 0.019531 0.115234 0.019531 0.119141 0.023438 0.125000 0.023438 0.126953 0.025391 0.130859 0.025391 0.132812 0.027344 0.150391 0.027344 0.154297 0.023438 0.156250 0.023438 0.160156 0.019531 0.160156 0.017578 0.162109 0.015625 0.164062 0.015625 0.164062 0.009766 0.166016 0.007812 0.166016 0.000000
0 0.537109 0.000000 0.537109 0.007812 0.539062 0.009766 0.539062 0.013672 0.541016 0.015625 0.541016 0.019531 0.542969 0.021484 0.542969 0.025391 0.548828 0.031250 0.550781 0.031250 0.552734 0.033203 0.552734 0.035156 0.554688 0.035156 0.558594 0.039062 0.582031 0.039062 0.583984 0.037109 0.585938 0.037109 0.587891 0.035156 0.587891 0.013672 0.585938 0.011719 0.585938 0.009766 0.583984 0.007812 0.583984 0.005859 0.578125 0.000000
0 0.812500 0.000000 0.812500 0.005859 0.814453 0.007812 0.814453 0.009766 0.816406 0.011719 0.816406 0.013672 0.820312 0.017578 0.820312 0.019531 0.824219 0.023438 0.824219 0.025391 0.828125 0.029297 0.828125 0.031250 0.835938 0.039062 0.847656 0.039062 0.851562 0.035156 0.853516 0.035156 0.857422 0.031250 0.859375 0.031250 0.863281 0.027344 0.863281 0.017578 0.861328 0.015625 0.861328 0.013672 0.857422 0.009766 0.857422 0.007812 0.849609 0.000000
0 0.287109 0.009766 0.287109 0.011719 0.279297 0.019531 0.279297 0.021484 0.271484 0.029297 0.271484 0.054688 0.273438 0.054688 0.275391 0.056641 0.277344 0.056641 0.279297 0.058594 0.285156 0.058594 0.287109 0.060547 0.289062 0.060547 0.291016 0.062500 0.304688 0.062500 0.306641 0.060547 0.308594 0.060547 0.310547 0.058594 0.335938 0.058594 0.337891 0.060547 0.351562 0.060547 0.353516 0.058594 0.355469 0.058594 0.357422 0.056641 0.357422 0.042969 0.355469 0.041016 0.355469 0.037109 0.351562 0.033203 0.351562 0.031250 0.347656 0.027344 0.345703 0.027344 0.343750 0.025391 0.341797 0.025391 0.339844 0.023438 0.339844 0.021484 0.337891 0.021484 0.335938 0.019531 0.333984 0.019531 0.332031 0.017578 0.330078 0.017578 0.328125 0.015625 0.326172 0.015625 0.324219 0.013672 0.322266 0.013672 0.318359 0.009766
0 0.640625 0.013672 0.638672 0.015625 0.634766 0.015625 0.630859 0.019531 0.628906 0.019531 0.623047 0.025391 0.621094 0.025391 0.621094 0.027344 0.619141 0.029297 0.617188 0.029297 0.617188 0.031250 0.613281 0.035156 0.613281 0.039062 0.615234 0.039062 0.617188 0.041016 0.619141 0.041016 0.621094 0.042969 0.623047 0.042969 0.626953 0.046875 0.628906 0.044922 0.632812 0.044922 0.634766 0.042969 0.646484 0.042969 0.650391 0.046875 0.652344 0.046875 0.654297 0.048828 0.654297 0.052734 0.656250 0.054688 0.656250 0.060547 0.652344 0.064453 0.654297 0.066406 0.656250 0.066406 0.658203 0.068359 0.662109 0.068359 0.664062 0.070312 0.669922 0.070312 0.671875 0.072266 0.677734 0.072266 0.679688 0.070312 0.687500 0.070312 0.689453 0.068359 0.693359 0.068359 0.695312 0.066406 0.697266 0.066406 0.701172 0.062500 0.703125 0.062500 0.705078 0.060547 0.707031 0.060547 0.707031 0.048828 0.705078 0.046875 0.705078 0.044922 0.693359 0.033203 0.691406 0.033203 0.687500 0.029297 0.685547 0.029297 0.681641 0.025391 0.679688 0.025391 0.677734 0.023438 0.675781 0.023438 0.673828 0.021484 0.671875 0.021484 0.669922 0.019531 0.667969 0.019531 0.666016 0.017578 0.664062 0.017578 0.662109 0.015625 0.658203 0.015625 0.656250 0.013672
0 0.064453 0.027344 0.062500 0.029297 0.058594 0.029297 0.056641 0.031250 0.054688 0.031250 0.052734 0.033203 0.050781 0.033203 0.050781 0.035156 0.048828 0.037109 0.048828 0.048828 0.052734 0.052734 0.052734 0.054688 0.056641 0.058594 0.058594 0.058594 0.062500 0.062500 0.070312 0.062500 0.072266 0.064453 0.091797 0.064453 0.093750 0.062500 0.095703 0.062500 0.099609 0.058594 0.099609 0.056641 0.101562 0.054688 0.101562 0.046875 0.099609 0.044922 0.099609 0.042969 0.093750 0.037109 0.093750 0.035156 0.089844 0.031250 0.087891 0.031250 0.085938 0.029297 0.080078 0.029297 0.078125 0.027344
0 0.173828 0.025391 0.173828 0.027344 0.171875 0.029297 0.169922 0.029297 0.169922 0.031250 0.167969 0.033203 0.166016 0.033203 0.152344 0.046875 0.152344 0.076172 0.154297 0.078125 0.154297 0.085938 0.158203 0.089844 0.158203 0.091797 0.164062 0.097656 0.166016 0.097656 0.169922 0.101562 0.191406 0.101562 0.197266 0.095703 0.199219 0.095703 0.201172 0.093750 0.203125 0.093750 0.203125 0.091797 0.205078 0.089844 0.207031 0.089844 0.207031 0.087891 0.208984 0.085938 0.210938 0.085938 0.214844 0.082031 0.214844 0.080078 0.216797 0.078125 0.218750 0.078125 0.218750 0.074219 0.222656 0.070312 0.222656 0.042969 0.218750 0.039062 0.218750 0.037109 0.216797 0.037109 0.214844 0.035156 0.214844 0.033203 0.212891 0.033203 0.208984 0.029297 0.207031 0.029297 0.205078 0.027344 0.201172 0.027344 0.199219 0.025391
0 0.634766 0.044922 0.632812 0.046875 0.628906 0.046875 0.626953 0.048828 0.626953 0.050781 0.625000 0.052734 0.623047 0.052734 0.623047 0.054688 0.621094 0.056641 0.619141 0.056641 0.611328 0.064453 0.611328 0.066406 0.609375 0.068359 0.609375 0.070312 0.605469 0.074219 0.605469 0.091797 0.607422 0.093750 0.607422 0.097656 0.609375 0.099609 0.611328 0.099609 0.615234 0.103516 0.619141 0.103516 0.621094 0.101562 0.623047 0.101562 0.626953 0.097656 0.626953 0.095703 0.630859 0.091797 0.630859 0.087891 0.632812 0.085938 0.632812 0.083984 0.650391 0.066406 0.650391 0.064453 0.654297 0.060547 0.654297 0.054688 0.652344 0.052734 0.652344 0.048828 0.650391 0.048828 0.646484 0.044922
0 0.849609 0.060547 0.847656 0.062500 0.845703 0.062500 0.841797 0.066406 0.841797 0.068359 0.839844 0.070312 0.839844 0.072266 0.837891 0.074219 0.837891 0.083984 0.839844 0.085938 0.839844 0.095703 0.841797 0.097656 0.845703 0.097656 0.847656 0.099609 0.849609 0.099609 0.851562 0.101562 0.853516 0.101562 0.855469 0.103516 0.857422 0.103516 0.859375 0.101562 0.865234 0.101562 0.869141 0.097656 0.871094 0.097656 0.875000 0.093750 0.875000 0.091797 0.878906 0.087891 0.878906 0.076172 0.876953 0.074219 0.876953 0.072266 0.875000 0.070312 0.875000 0.068359 0.869141 0.062500 0.867188 0.062500 0.865234 0.060547
0 0.064453 0.070312 0.060547 0.074219 0.058594 0.074219 0.058594 0.076172 0.054688 0.080078 0.054688 0.082031 0.050781 0.085938 0.050781 0.089844 0.048828 0.091797 0.048828 0.103516 0.050781 0.105469 0.052734 0.105469 0.054688 0.107422 0.060547 0.107422 0.062500 0.109375 0.070312 0.109375 0.072266 0.111328 0.085938 0.111328 0.087891 0.113281 0.089844 0.113281 0.091797 0.111328 0.099609 0.111328 0.101562 0.113281 0.125000 0.113281 0.128906 0.109375 0.130859 0.109375 0.130859 0.105469 0.128906 0.103516 0.128906 0.099609 0.126953 0.097656 0.126953 0.095703 0.119141 0.087891 0.117188 0.087891 0.113281 0.083984 0.111328 0.083984 0.109375 0.082031 0.107422 0.082031 0.105469 0.080078 0.103516 0.080078 0.099609 0.076172 0.097656 0.076172 0.093750 0.072266 0.091797 0.072266 0.089844 0.070312
0 0.990234 0.060547 0.988281 0.062500 0.984375 0.062500 0.978516 0.068359 0.978516 0.074219 0.976562 0.076172 0.976562 0.093750 0.978516 0.095703 0.978516 0.099609 0.980469 0.101562 0.980469 0.105469 0.984375 0.109375 0.984375 0.111328 0.988281 0.115234 0.988281 0.117188 0.992188 0.121094 0.994141 0.121094 0.996094 0.123047 0.998047 0.123047 0.998047 0.066406 0.996094 0.064453 0.996094 0.062500 0.994141 0.060547
0 0.835938 0.099609 0.833984 0.101562 0.832031 0.101562 0.828125 0.105469 0.828125 0.121094 0.830078 0.123047 0.832031 0.123047 0.833984 0.125000 0.835938 0.125000 0.837891 0.126953 0.853516 0.126953 0.857422 0.123047 0.857422 0.109375 0.853516 0.105469 0.853516 0.103516 0.851562 0.103516 0.849609 0.101562 0.847656 0.101562 0.845703 0.099609
0 0.791016 0.097656 0.789062 0.099609 0.787109 0.099609 0.785156 0.101562 0.781250 0.101562 0.777344 0.105469 0.775391 0.105469 0.767578 0.113281 0.765625 0.113281 0.765625 0.115234 0.761719 0.119141 0.761719 0.123047 0.759766 0.125000 0.759766 0.136719 0.761719 0.138672 0.761719 0.142578 0.763672 0.144531 0.763672 0.146484 0.765625 0.148438 0.767578 0.148438 0.771484 0.152344 0.775391 0.152344 0.777344 0.154297 0.792969 0.154297 0.794922 0.152344 0.796875 0.152344 0.800781 0.148438 0.802734 0.148438 0.810547 0.140625 0.810547 0.138672 0.814453 0.134766 0.814453 0.132812 0.818359 0.128906 0.818359 0.119141 0.814453 0.115234 0.814453 0.113281 0.812500 0.111328 0.812500 0.109375 0.806641 0.103516 0.804688 0.103516 0.798828 0.097656
0 0.351562 0.113281 0.345703 0.119141 0.345703 0.126953 0.349609 0.130859 0.349609 0.132812 0.357422 0.140625 0.357422 0.144531 0.355469 0.146484 0.355469 0.156250 0.357422 0.158203 0.359375 0.158203 0.361328 0.160156 0.363281 0.160156 0.365234 0.162109 0.367188 0.162109 0.369141 0.164062 0.388672 0.164062 0.390625 0.162109 0.396484 0.162109 0.398438 0.160156 0.400391 0.160156 0.404297 0.156250 0.404297 0.154297 0.408203 0.150391 0.408203 0.144531 0.410156 0.142578 0.410156 0.130859 0.408203 0.128906 0.408203 0.126953 0.404297 0.123047 0.398438 0.123047 0.396484 0.125000 0.388672 0.125000 0.386719 0.126953 0.373047 0.126953 0.365234 0.119141 0.365234 0.117188 0.363281 0.115234 0.361328 0.115234 0.359375 0.113281
0 0.824219 0.132812 0.822266 0.134766 0.816406 0.134766 0.814453 0.136719 0.814453 0.138672 0.812500 0.140625 0.812500 0.144531 0.810547 0.146484 0.810547 0.154297 0.812500 0.156250 0.812500 0.158203 0.814453 0.160156 0.814453 0.162109 0.816406 0.162109 0.820312 0.166016 0.833984 0.166016 0.835938 0.164062 0.835938 0.162109 0.837891 0.160156 0.837891 0.146484 0.835938 0.144531 0.835938 0.142578 0.833984 0.140625 0.833984 0.138672 0.830078 0.134766 0.828125 0.134766 0.826172 0.132812
0 0.955078 0.171875 0.953125 0.173828 0.947266 0.173828 0.947266 0.177734 0.945312 0.179688 0.945312 0.191406 0.949219 0.195312 0.953125 0.195312 0.955078 0.193359 0.957031 0.193359 0.958984 0.191406 0.960938 0.191406 0.962891 0.189453 0.962891 0.187500 0.964844 0.185547 0.964844 0.181641 0.962891 0.179688 0.962891 0.177734 0.960938 0.175781 0.960938 0.173828 0.958984 0.171875
0 0.490234 0.160156 0.488281 0.162109 0.486328 0.162109 0.482422 0.166016 0.482422 0.167969 0.480469 0.169922 0.480469 0.171875 0.476562 0.175781 0.476562 0.177734 0.472656 0.181641 0.472656 0.183594 0.470703 0.185547 0.470703 0.189453 0.468750 0.191406 0.468750 0.197266 0.470703 0.199219 0.470703 0.203125 0.472656 0.205078 0.472656 0.207031 0.476562 0.210938 0.476562 0.212891 0.478516 0.212891 0.484375 0.218750 0.486328 0.218750 0.490234 0.222656 0.492188 0.222656 0.494141 0.224609 0.496094 0.224609 0.498047 0.226562 0.500000 0.226562 0.503906 0.230469 0.521484 0.230469 0.523438 0.228516 0.527344 0.228516 0.529297 0.226562 0.531250 0.226562 0.535156 0.222656 0.537109 0.222656 0.541016 0.218750 0.541016 0.216797 0.542969 0.214844 0.542969 0.205078 0.541016 0.203125 0.541016 0.197266 0.539062 0.195312 0.539062 0.191406 0.535156 0.187500 0.535156 0.185547 0.533203 0.183594 0.533203 0.181641 0.519531 0.167969 0.517578 0.167969 0.513672 0.164062 0.511719 0.164062 0.509766 0.162109 0.503906 0.162109 0.501953 0.160156
0 0.988281 0.187500 0.986328 0.189453 0.980469 0.189453 0.978516 0.191406 0.974609 0.191406 0.974609 0.201172 0.976562 0.201172 0.980469 0.205078 0.982422 0.205078 0.984375 0.207031 0.994141 0.207031 0.996094 0.205078 0.998047 0.205078 0.998047 0.187500
0 0.736328 0.195312 0.732422 0.199219 0.724609 0.199219 0.722656 0.201172 0.718750 0.201172 0.716797 0.203125 0.714844 0.203125 0.712891 0.205078 0.712891 0.212891 0.714844 0.214844 0.714844 0.216797 0.718750 0.220703 0.720703 0.220703 0.724609 0.224609 0.726562 0.224609 0.728516 0.226562 0.742188 0.226562 0.744141 0.224609 0.746094 0.224609 0.750000 0.220703 0.750000 0.201172 0.748047 0.199219 0.748047 0.197266 0.746094 0.195312
0 0.759766 0.203125 0.757812 0.205078 0.753906 0.205078 0.753906 0.212891 0.755859 0.214844 0.755859 0.218750 0.757812 0.220703 0.757812 0.224609 0.761719 0.228516 0.765625 0.228516 0.767578 0.230469 0.775391 0.230469 0.777344 0.228516 0.779297 0.228516 0.781250 0.226562 0.783203 0.226562 0.785156 0.224609 0.787109 0.224609 0.791016 0.220703 0.792969 0.220703 0.794922 0.218750 0.796875 0.218750 0.796875 0.214844 0.792969 0.214844 0.791016 0.212891 0.787109 0.212891 0.785156 0.210938 0.783203 0.210938 0.781250 0.208984 0.779297 0.208984 0.775391 0.205078 0.773438 0.205078 0.771484 0.203125
0 0.404297 0.207031 0.402344 0.208984 0.400391 0.208984 0.402344 0.210938 0.402344 0.212891 0.406250 0.216797 0.406250 0.218750 0.408203 0.220703 0.408203 0.226562 0.410156 0.228516 0.410156 0.234375 0.412109 0.236328 0.412109 0.250000 0.410156 0.251953 0.410156 0.255859 0.414062 0.255859 0.416016 0.253906 0.417969 0.253906 0.423828 0.248047 0.423828 0.246094 0.429688 0.240234 0.429688 0.238281 0.433594 0.234375 0.433594 0.222656 0.431641 0.220703 0.431641 0.218750 0.423828 0.210938 0.421875 0.210938 0.419922 0.208984 0.417969 0.208984 0.416016 0.207031
0 0.380859 0.205078 0.375000 0.210938 0.373047 0.210938 0.373047 0.212891 0.371094 0.214844 0.371094 0.216797 0.369141 0.218750 0.369141 0.224609 0.367188 0.226562 0.367188 0.250000 0.369141 0.251953 0.369141 0.253906 0.371094 0.253906 0.375000 0.257812 0.376953 0.257812 0.378906 0.259766 0.380859 0.259766 0.382812 0.261719 0.384766 0.261719 0.386719 0.263672 0.388672 0.263672 0.390625 0.265625 0.398438 0.265625 0.402344 0.261719 0.404297 0.261719 0.408203 0.257812 0.408203 0.251953 0.410156 0.250000 0.410156 0.236328 0.408203 0.234375 0.408203 0.228516 0.406250 0.226562 0.406250 0.220703 0.404297 0.218750 0.404297 0.216797 0.400391 0.212891 0.400391 0.210938 0.394531 0.205078
0 0.599609 0.205078 0.597656 0.207031 0.597656 0.208984 0.591797 0.214844 0.591797 0.216797 0.589844 0.218750 0.589844 0.232422 0.591797 0.234375 0.591797 0.240234 0.593750 0.242188 0.593750 0.244141 0.595703 0.246094 0.595703 0.248047 0.597656 0.250000 0.597656 0.251953 0.599609 0.253906 0.599609 0.255859 0.605469 0.261719 0.607422 0.261719 0.609375 0.263672 0.611328 0.263672 0.613281 0.265625 0.617188 0.265625 0.619141 0.267578 0.636719 0.267578 0.638672 0.265625 0.640625 0.265625 0.644531 0.261719 0.644531 0.259766 0.646484 0.257812 0.646484 0.242188 0.644531 0.240234 0.644531 0.234375 0.642578 0.232422 0.642578 0.230469 0.640625 0.228516 0.640625 0.226562 0.634766 0.220703 0.634766 0.218750 0.625000 0.208984 0.623047 0.208984 0.621094 0.207031 0.617188 0.207031 0.615234 0.205078
0 0.316406 0.234375 0.314453 0.236328 0.314453 0.244141 0.316406 0.246094 0.316406 0.248047 0.318359 0.250000 0.318359 0.251953 0.322266 0.255859 0.324219 0.255859 0.326172 0.257812 0.328125 0.257812 0.332031 0.261719 0.333984 0.261719 0.335938 0.263672 0.341797 0.263672 0.343750 0.261719 0.345703 0.261719 0.345703 0.259766 0.347656 0.257812 0.347656 0.253906 0.345703 0.251953 0.345703 0.250000 0.343750 0.250000 0.332031 0.238281 0.332031 0.236328 0.330078 0.234375
0 0.291016 0.240234 0.289062 0.242188 0.289062 0.246094 0.287109 0.248047 0.287109 0.251953 0.291016 0.255859 0.291016 0.257812 0.292969 0.259766 0.292969 0.269531 0.296875 0.273438 0.300781 0.273438 0.302734 0.275391 0.308594 0.275391 0.310547 0.273438 0.312500 0.273438 0.316406 0.269531 0.316406 0.253906 0.314453 0.251953 0.314453 0.250000 0.312500 0.248047 0.312500 0.246094 0.310547 0.244141 0.308594 0.244141 0.306641 0.242188 0.304688 0.242188 0.302734 0.240234
0 0.158203 0.212891 0.156250 0.214844 0.154297 0.214844 0.152344 0.216797 0.150391 0.216797 0.144531 0.222656 0.144531 0.224609 0.138672 0.230469 0.138672 0.236328 0.136719 0.238281 0.136719 0.244141 0.134766 0.246094 0.134766 0.251953 0.132812 0.253906 0.132812 0.267578 0.134766 0.269531 0.134766 0.273438 0.136719 0.275391 0.136719 0.277344 0.140625 0.281250 0.140625 0.283203 0.144531 0.287109 0.144531 0.289062 0.150391 0.294922 0.150391 0.296875 0.158203 0.304688 0.164062 0.304688 0.166016 0.302734 0.167969 0.302734 0.173828 0.296875 0.175781 0.296875 0.189453 0.283203 0.191406 0.283203 0.203125 0.271484 0.203125 0.269531 0.205078 0.267578 0.205078 0.263672 0.207031 0.261719 0.207031 0.248047 0.205078 0.246094 0.205078 0.240234 0.203125 0.238281 0.203125 0.234375 0.201172 0.232422 0.201172 0.228516 0.191406 0.218750 0.189453 0.218750 0.187500 0.216797 0.185547 0.216797 0.183594 0.214844 0.181641 0.214844 0.179688 0.212891
0 0.697266 0.259766 0.693359 0.263672 0.691406 0.263672 0.689453 0.265625 0.687500 0.265625 0.685547 0.267578 0.681641 0.267578 0.679688 0.269531 0.677734 0.269531 0.675781 0.271484 0.673828 0.271484 0.671875 0.273438 0.669922 0.273438 0.667969 0.275391 0.664062 0.275391 0.662109 0.277344 0.660156 0.277344 0.658203 0.279297 0.656250 0.279297 0.644531 0.291016 0.644531 0.292969 0.640625 0.296875 0.640625 0.302734 0.642578 0.304688 0.642578 0.308594 0.654297 0.320312 0.658203 0.320312 0.660156 0.322266 0.662109 0.322266 0.664062 0.324219 0.669922 0.324219 0.671875 0.326172 0.697266 0.326172 0.699219 0.324219 0.705078 0.324219 0.707031 0.322266 0.708984 0.322266 0.712891 0.318359 0.714844 0.318359 0.718750 0.314453 0.720703 0.314453 0.722656 0.312500 0.724609 0.312500 0.740234 0.296875 0.740234 0.285156 0.738281 0.283203 0.738281 0.279297 0.736328 0.277344 0.736328 0.275391 0.734375 0.273438 0.734375 0.271484 0.728516 0.265625 0.726562 0.265625 0.722656 0.261719 0.718750 0.261719 0.716797 0.259766
0 0.037109 0.273438 0.035156 0.275391 0.031250 0.275391 0.029297 0.277344 0.027344 0.277344 0.027344 0.279297 0.025391 0.281250 0.025391 0.283203 0.019531 0.289062 0.019531 0.291016 0.017578 0.292969 0.017578 0.296875 0.015625 0.298828 0.015625 0.300781 0.013672 0.302734 0.013672 0.308594 0.011719 0.310547 0.011719 0.314453 0.009766 0.316406 0.009766 0.343750 0.011719 0.345703 0.011719 0.347656 0.017578 0.353516 0.054688 0.353516 0.056641 0.351562 0.058594 0.351562 0.060547 0.349609 0.062500 0.349609 0.074219 0.337891 0.074219 0.335938 0.076172 0.333984 0.076172 0.312500 0.074219 0.310547 0.074219 0.304688 0.072266 0.302734 0.072266 0.298828 0.068359 0.294922 0.068359 0.291016 0.058594 0.281250 0.056641 0.281250 0.052734 0.277344 0.050781 0.277344 0.048828 0.275391 0.046875 0.275391 0.044922 0.273438
0 0.240234 0.316406 0.238281 0.318359 0.236328 0.318359 0.224609 0.330078 0.222656 0.330078 0.222656 0.332031 0.220703 0.333984 0.220703 0.345703 0.222656 0.347656 0.222656 0.353516 0.226562 0.357422 0.226562 0.359375 0.232422 0.365234 0.238281 0.365234 0.240234 0.367188 0.261719 0.367188 0.263672 0.365234 0.265625 0.365234 0.267578 0.363281 0.269531 0.363281 0.273438 0.359375 0.273438 0.357422 0.275391 0.355469 0.275391 0.332031 0.273438 0.330078 0.273438 0.328125 0.265625 0.320312 0.263672 0.320312 0.261719 0.318359 0.257812 0.318359 0.255859 0.316406
0 0.888672 0.322266 0.886719 0.324219 0.880859 0.324219 0.878906 0.326172 0.875000 0.326172 0.871094 0.330078 0.869141 0.330078 0.863281 0.335938 0.863281 0.349609 0.865234 0.351562 0.865234 0.359375 0.867188 0.361328 0.867188 0.363281 0.871094 0.367188 0.904297 0.367188 0.906250 0.365234 0.910156 0.365234 0.917969 0.357422 0.917969 0.341797 0.916016 0.339844 0.916016 0.335938 0.914062 0.333984 0.914062 0.328125 0.908203 0.322266
0 0.939453 0.341797 0.939453 0.345703 0.937500 0.347656 0.937500 0.351562 0.939453 0.353516 0.939453 0.355469 0.945312 0.361328 0.953125 0.361328 0.953125 0.351562 0.951172 0.349609 0.951172 0.347656 0.949219 0.345703 0.949219 0.343750 0.947266 0.343750 0.945312 0.341797
0 0.326172 0.320312 0.324219 0.322266 0.322266 0.322266 0.320312 0.324219 0.318359 0.324219 0.310547 0.332031 0.310547 0.337891 0.308594 0.339844 0.308594 0.341797 0.314453 0.347656 0.314453 0.349609 0.316406 0.351562 0.316406 0.375000 0.318359 0.376953 0.318359 0.380859 0.320312 0.382812 0.320312 0.384766 0.330078 0.394531 0.333984 0.394531 0.341797 0.386719 0.341797 0.384766 0.343750 0.382812 0.343750 0.380859 0.347656 0.376953 0.347656 0.375000 0.349609 0.373047 0.349609 0.369141 0.351562 0.367188 0.351562 0.341797 0.349609 0.339844 0.349609 0.333984 0.347656 0.332031 0.347656 0.330078 0.343750 0.326172 0.343750 0.324219 0.339844 0.320312
0 0.519531 0.339844 0.517578 0.341797 0.515625 0.341797 0.511719 0.345703 0.509766 0.345703 0.503906 0.351562 0.501953 0.351562 0.500000 0.353516 0.498047 0.353516 0.496094 0.355469 0.494141 0.355469 0.486328 0.363281 0.486328 0.365234 0.482422 0.369141 0.482422 0.373047 0.480469 0.375000 0.480469 0.376953 0.478516 0.378906 0.478516 0.380859 0.476562 0.382812 0.476562 0.384766 0.474609 0.386719 0.472656 0.386719 0.466797 0.392578 0.464844 0.392578 0.462891 0.394531 0.462891 0.398438 0.460938 0.400391 0.460938 0.406250 0.462891 0.408203 0.462891 0.410156 0.464844 0.412109 0.464844 0.414062 0.474609 0.423828 0.476562 0.423828 0.478516 0.425781 0.480469 0.425781 0.482422 0.427734 0.482422 0.429688 0.484375 0.429688 0.486328 0.431641 0.490234 0.431641 0.494141 0.435547 0.496094 0.435547 0.498047 0.437500 0.501953 0.437500 0.503906 0.435547 0.505859 0.435547 0.507812 0.433594 0.509766 0.433594 0.515625 0.427734 0.517578 0.427734 0.517578 0.425781 0.527344 0.416016 0.527344 0.412109 0.529297 0.410156 0.531250 0.410156 0.533203 0.408203 0.533203 0.406250 0.542969 0.396484 0.544922 0.396484 0.550781 0.390625 0.550781 0.388672 0.552734 0.386719 0.552734 0.353516 0.550781 0.351562 0.550781 0.345703 0.544922 0.339844
0 0.183594 0.382812 0.181641 0.384766 0.175781 0.384766 0.173828 0.386719 0.171875 0.386719 0.169922 0.388672 0.167969 0.388672 0.166016 0.390625 0.164062 0.390625 0.160156 0.394531 0.158203 0.394531 0.158203 0.396484 0.156250 0.398438 0.154297 0.398438 0.154297 0.402344 0.152344 0.404297 0.152344 0.414062 0.154297 0.416016 0.154297 0.421875 0.156250 0.423828 0.156250 0.425781 0.160156 0.429688 0.162109 0.429688 0.164062 0.431641 0.181641 0.431641 0.183594 0.429688 0.189453 0.429688 0.191406 0.427734 0.197266 0.427734 0.199219 0.425781 0.201172 0.425781 0.208984 0.417969 0.208984 0.416016 0.210938 0.414062 0.210938 0.398438 0.208984 0.396484 0.208984 0.394531 0.207031 0.392578 0.207031 0.390625 0.205078 0.388672 0.203125 0.388672 0.201172 0.386719 0.199219 0.386719 0.197266 0.384766 0.195312 0.384766 0.193359 0.382812
0 0.546875 0.396484 0.544922 0.398438 0.542969 0.398438 0.535156 0.406250 0.535156 0.408203 0.531250 0.412109 0.529297 0.412109 0.529297 0.416016 0.531250 0.417969 0.541016 0.417969 0.542969 0.416016 0.546875 0.416016 0.548828 0.414062 0.552734 0.414062 0.552734 0.404297 0.554688 0.402344 0.554688 0.400391 0.556641 0.398438 0.554688 0.396484
0 0.580078 0.386719 0.578125 0.388672 0.574219 0.388672 0.572266 0.390625 0.566406 0.390625 0.564453 0.392578 0.562500 0.392578 0.558594 0.396484 0.558594 0.398438 0.556641 0.400391 0.556641 0.402344 0.554688 0.404297 0.554688 0.414062 0.556641 0.416016 0.556641 0.419922 0.560547 0.423828 0.560547 0.425781 0.562500 0.427734 0.564453 0.427734 0.566406 0.429688 0.582031 0.429688 0.585938 0.425781 0.587891 0.425781 0.589844 0.423828 0.591797 0.423828 0.593750 0.421875 0.595703 0.421875 0.597656 0.419922 0.599609 0.419922 0.601562 0.417969 0.605469 0.417969 0.607422 0.416016 0.609375 0.416016 0.611328 0.414062 0.611328 0.406250 0.609375 0.404297 0.609375 0.400391 0.605469 0.396484 0.603516 0.396484 0.599609 0.392578 0.597656 0.392578 0.593750 0.388672 0.591797 0.388672 0.589844 0.386719
0 0.058594 0.388672 0.056641 0.390625 0.050781 0.390625 0.048828 0.392578 0.044922 0.392578 0.042969 0.394531 0.041016 0.394531 0.039062 0.396484 0.035156 0.396484 0.033203 0.398438 0.031250 0.398438 0.029297 0.400391 0.025391 0.400391 0.019531 0.406250 0.019531 0.408203 0.017578 0.410156 0.017578 0.416016 0.019531 0.417969 0.019531 0.421875 0.021484 0.423828 0.021484 0.425781 0.029297 0.433594 0.029297 0.435547 0.033203 0.439453 0.035156 0.439453 0.042969 0.447266 0.044922 0.447266 0.048828 0.451172 0.050781 0.451172 0.054688 0.455078 0.056641 0.455078 0.058594 0.457031 0.060547 0.457031 0.060547 0.455078 0.062500 0.453125 0.062500 0.451172 0.064453 0.449219 0.064453 0.447266 0.066406 0.445312 0.066406 0.441406 0.068359 0.439453 0.068359 0.437500 0.070312 0.435547 0.070312 0.423828 0.074219 0.419922 0.076172 0.419922 0.076172 0.417969 0.080078 0.414062 0.080078 0.412109 0.082031 0.410156 0.082031 0.408203 0.083984 0.406250 0.083984 0.398438 0.082031 0.396484 0.082031 0.394531 0.080078 0.392578 0.080078 0.390625 0.078125 0.390625 0.076172 0.388672
0 0.089844 0.417969 0.087891 0.419922 0.082031 0.419922 0.080078 0.421875 0.074219 0.421875 0.072266 0.423828 0.072266 0.437500 0.074219 0.439453 0.074219 0.441406 0.078125 0.445312 0.078125 0.447266 0.083984 0.453125 0.085938 0.453125 0.087891 0.455078 0.091797 0.455078 0.093750 0.457031 0.119141 0.457031 0.121094 0.455078 0.128906 0.455078 0.130859 0.453125 0.132812 0.453125 0.134766 0.451172 0.136719 0.451172 0.138672 0.449219 0.138672 0.447266 0.140625 0.445312 0.140625 0.441406 0.138672 0.439453 0.138672 0.431641 0.136719 0.429688 0.136719 0.425781 0.132812 0.421875 0.128906 0.421875 0.126953 0.419922 0.113281 0.419922 0.111328 0.417969
0 0.277344 0.417969 0.275391 0.419922 0.265625 0.419922 0.263672 0.421875 0.257812 0.421875 0.255859 0.423828 0.255859 0.425781 0.253906 0.427734 0.253906 0.437500 0.255859 0.439453 0.255859 0.441406 0.257812 0.443359 0.257812 0.445312 0.263672 0.451172 0.265625 0.451172 0.269531 0.455078 0.273438 0.455078 0.275391 0.457031 0.285156 0.457031 0.287109 0.455078 0.289062 0.455078 0.291016 0.453125 0.292969 0.453125 0.296875 0.449219 0.298828 0.449219 0.298828 0.447266 0.300781 0.445312 0.300781 0.427734 0.298828 0.425781 0.298828 0.423828 0.296875 0.421875 0.296875 0.419922 0.294922 0.417969
0 0.423828 0.419922 0.421875 0.421875 0.419922 0.421875 0.417969 0.423828 0.416016 0.423828 0.414062 0.425781 0.412109 0.425781 0.402344 0.435547 0.400391 0.435547 0.392578 0.443359 0.392578 0.445312 0.388672 0.449219 0.388672 0.464844 0.390625 0.466797 0.390625 0.468750 0.396484 0.474609 0.398438 0.474609 0.400391 0.476562 0.406250 0.476562 0.408203 0.478516 0.414062 0.478516 0.416016 0.480469 0.437500 0.480469 0.439453 0.478516 0.445312 0.478516 0.447266 0.476562 0.449219 0.476562 0.451172 0.474609 0.453125 0.474609 0.455078 0.472656 0.455078 0.466797 0.457031 0.464844 0.457031 0.431641 0.455078 0.429688 0.455078 0.425781 0.453125 0.425781 0.449219 0.421875 0.445312 0.421875 0.443359 0.419922
0 0.875000 0.433594 0.873047 0.435547 0.873047 0.439453 0.871094 0.441406 0.871094 0.453125 0.869141 0.455078 0.869141 0.457031 0.865234 0.460938 0.863281 0.460938 0.876953 0.460938 0.878906 0.462891 0.880859 0.462891 0.882812 0.464844 0.884766 0.464844 0.892578 0.472656 0.892578 0.474609 0.894531 0.476562 0.894531 0.478516 0.896484 0.480469 0.896484 0.482422 0.900391 0.486328 0.910156 0.476562 0.910156 0.462891 0.908203 0.460938 0.908203 0.457031 0.906250 0.455078 0.906250 0.451172 0.902344 0.447266 0.902344 0.445312 0.900391 0.443359 0.900391 0.441406 0.896484 0.437500 0.894531 0.437500 0.892578 0.435547 0.890625 0.435547 0.888672 0.433594
0 0.335938 0.449219 0.333984 0.451172 0.318359 0.451172 0.316406 0.453125 0.310547 0.453125 0.308594 0.455078 0.306641 0.455078 0.304688 0.457031 0.302734 0.457031 0.298828 0.460938 0.296875 0.460938 0.292969 0.464844 0.292969 0.466797 0.289062 0.470703 0.289062 0.474609 0.287109 0.476562 0.287109 0.482422 0.285156 0.484375 0.287109 0.486328 0.287109 0.500000 0.289062 0.501953 0.289062 0.503906 0.291016 0.505859 0.292969 0.505859 0.294922 0.507812 0.298828 0.507812 0.300781 0.509766 0.320312 0.509766 0.322266 0.507812 0.333984 0.507812 0.335938 0.505859 0.345703 0.505859 0.347656 0.503906 0.353516 0.503906 0.355469 0.501953 0.357422 0.501953 0.359375 0.500000 0.361328 0.500000 0.367188 0.494141 0.367188 0.490234 0.369141 0.488281 0.369141 0.480469 0.367188 0.478516 0.367188 0.472656 0.365234 0.470703 0.365234 0.468750 0.363281 0.466797 0.363281 0.464844 0.361328 0.462891 0.361328 0.460938 0.355469 0.455078 0.353516 0.455078 0.351562 0.453125 0.349609 0.453125 0.347656 0.451172 0.343750 0.451172 0.341797 0.449219
0 0.230469 0.453125 0.228516 0.455078 0.228516 0.476562 0.230469 0.478516 0.230469 0.480469 0.232422 0.482422 0.232422 0.484375 0.234375 0.486328 0.234375 0.488281 0.240234 0.494141 0.240234 0.496094 0.248047 0.503906 0.250000 0.503906 0.253906 0.507812 0.257812 0.507812 0.259766 0.509766 0.269531 0.509766 0.271484 0.507812 0.275391 0.507812 0.277344 0.505859 0.279297 0.505859 0.281250 0.503906 0.283203 0.503906 0.285156 0.501953 0.285156 0.486328 0.283203 0.484375 0.283203 0.482422 0.281250 0.480469 0.281250 0.478516 0.275391 0.472656 0.275391 0.470703 0.261719 0.457031 0.259766 0.457031 0.257812 0.455078 0.253906 0.455078 0.251953 0.453125
0 0.857422 0.462891 0.855469 0.464844 0.853516 0.464844 0.853516 0.466797 0.851562 0.468750 0.851562 0.470703 0.843750 0.478516 0.843750 0.482422 0.839844 0.486328 0.839844 0.488281 0.835938 0.492188 0.835938 0.505859 0.843750 0.513672 0.845703 0.513672 0.847656 0.515625 0.849609 0.515625 0.851562 0.517578 0.855469 0.517578 0.857422 0.519531 0.871094 0.519531 0.873047 0.517578 0.875000 0.517578 0.878906 0.513672 0.880859 0.513672 0.886719 0.507812 0.888672 0.507812 0.898438 0.498047 0.898438 0.486328 0.894531 0.482422 0.894531 0.480469 0.892578 0.478516 0.892578 0.476562 0.890625 0.474609 0.890625 0.472656 0.884766 0.466797 0.882812 0.466797 0.880859 0.464844 0.878906 0.464844 0.876953 0.462891
0 0.025391 0.472656 0.023438 0.474609 0.017578 0.474609 0.013672 0.478516 0.011719 0.478516 0.009766 0.480469 0.009766 0.482422 0.007812 0.484375 0.007812 0.486328 0.005859 0.488281 0.005859 0.490234 0.003906 0.492188 0.003906 0.505859 0.005859 0.507812 0.005859 0.513672 0.007812 0.515625 0.007812 0.517578 0.011719 0.521484 0.011719 0.523438 0.017578 0.529297 0.019531 0.529297 0.021484 0.531250 0.025391 0.531250 0.027344 0.533203 0.037109 0.533203 0.041016 0.529297 0.041016 0.527344 0.042969 0.525391 0.042969 0.521484 0.044922 0.519531 0.044922 0.505859 0.042969 0.503906 0.042969 0.496094 0.041016 0.494141 0.041016 0.486328 0.039062 0.484375 0.039062 0.480469 0.035156 0.476562 0.035156 0.474609 0.033203 0.474609 0.031250 0.472656
0 0.796875 0.478516 0.794922 0.480469 0.792969 0.480469 0.791016 0.482422 0.791016 0.484375 0.789062 0.486328 0.789062 0.488281 0.787109 0.490234 0.787109 0.492188 0.775391 0.503906 0.773438 0.503906 0.771484 0.505859 0.771484 0.507812 0.767578 0.511719 0.767578 0.525391 0.769531 0.527344 0.769531 0.529297 0.773438 0.533203 0.775391 0.533203 0.777344 0.535156 0.783203 0.535156 0.785156 0.537109 0.791016 0.537109 0.792969 0.539062 0.808594 0.539062 0.810547 0.537109 0.818359 0.537109 0.820312 0.535156 0.828125 0.535156 0.830078 0.533203 0.832031 0.533203 0.832031 0.531250 0.833984 0.529297 0.833984 0.509766 0.832031 0.507812 0.832031 0.505859 0.830078 0.503906 0.830078 0.501953 0.826172 0.498047 0.826172 0.496094 0.824219 0.494141 0.824219 0.492188 0.820312 0.488281 0.820312 0.486328 0.818359 0.484375 0.816406 0.484375 0.814453 0.482422 0.812500 0.482422 0.810547 0.480469 0.808594 0.480469 0.806641 0.478516
0 0.724609 0.550781 0.722656 0.552734 0.720703 0.552734 0.714844 0.558594 0.714844 0.564453 0.716797 0.566406 0.716797 0.568359 0.720703 0.572266 0.720703 0.574219 0.722656 0.576172 0.726562 0.576172 0.728516 0.578125 0.736328 0.578125 0.736328 0.572266 0.734375 0.570312 0.734375 0.562500 0.732422 0.560547 0.732422 0.550781
0 0.738281 0.537109 0.734375 0.541016 0.734375 0.560547 0.736328 0.562500 0.736328 0.570312 0.738281 0.572266 0.738281 0.580078 0.740234 0.582031 0.740234 0.585938 0.742188 0.587891 0.742188 0.591797 0.744141 0.593750 0.744141 0.595703 0.748047 0.599609 0.750000 0.599609 0.753906 0.603516 0.769531 0.603516 0.771484 0.601562 0.773438 0.601562 0.773438 0.597656 0.775391 0.595703 0.775391 0.587891 0.773438 0.585938 0.773438 0.556641 0.771484 0.554688 0.771484 0.550781 0.765625 0.544922 0.765625 0.542969 0.763672 0.542969 0.761719 0.541016 0.759766 0.541016 0.757812 0.539062 0.755859 0.539062 0.753906 0.537109
0 0.947266 0.554688 0.943359 0.558594 0.943359 0.560547 0.937500 0.566406 0.937500 0.568359 0.933594 0.572266 0.933594 0.576172 0.931641 0.578125 0.931641 0.591797 0.933594 0.593750 0.933594 0.597656 0.937500 0.601562 0.937500 0.603516 0.939453 0.603516 0.943359 0.607422 0.945312 0.607422 0.947266 0.609375 0.964844 0.609375 0.966797 0.607422 0.968750 0.607422 0.970703 0.605469 0.972656 0.605469 0.972656 0.603516 0.974609 0.601562 0.974609 0.580078 0.972656 0.578125 0.972656 0.574219 0.968750 0.570312 0.968750 0.568359 0.960938 0.560547 0.958984 0.560547 0.953125 0.554688
0 0.355469 0.556641 0.353516 0.558594 0.351562 0.558594 0.345703 0.564453 0.343750 0.564453 0.335938 0.572266 0.335938 0.574219 0.333984 0.576172 0.333984 0.585938 0.335938 0.587891 0.335938 0.595703 0.337891 0.597656 0.337891 0.599609 0.343750 0.605469 0.345703 0.605469 0.347656 0.607422 0.351562 0.607422 0.353516 0.609375 0.359375 0.609375 0.361328 0.611328 0.388672 0.611328 0.390625 0.609375 0.394531 0.609375 0.396484 0.607422 0.398438 0.607422 0.408203 0.597656 0.408203 0.587891 0.406250 0.585938 0.406250 0.580078 0.404297 0.578125 0.404297 0.576172 0.402344 0.574219 0.402344 0.572266 0.400391 0.570312 0.400391 0.568359 0.394531 0.562500 0.390625 0.562500 0.388672 0.560547 0.386719 0.560547 0.384766 0.558594 0.380859 0.558594 0.378906 0.556641
0 0.042969 0.583984 0.039062 0.587891 0.039062 0.595703 0.042969 0.599609 0.042969 0.601562 0.046875 0.605469 0.050781 0.605469 0.054688 0.601562 0.056641 0.601562 0.060547 0.597656 0.060547 0.589844 0.058594 0.587891 0.058594 0.585938 0.056641 0.583984
0 0.640625 0.597656 0.632812 0.605469 0.632812 0.607422 0.630859 0.609375 0.630859 0.611328 0.628906 0.613281 0.628906 0.623047 0.636719 0.630859 0.636719 0.632812 0.638672 0.634766 0.646484 0.634766 0.648438 0.632812 0.650391 0.632812 0.652344 0.630859 0.658203 0.630859 0.660156 0.628906 0.662109 0.628906 0.664062 0.626953 0.666016 0.626953 0.667969 0.625000 0.667969 0.619141 0.666016 0.617188 0.666016 0.611328 0.664062 0.609375 0.664062 0.607422 0.662109 0.605469 0.662109 0.603516 0.656250 0.597656
0 0.687500 0.605469 0.685547 0.607422 0.685547 0.625000 0.687500 0.626953 0.687500 0.628906 0.693359 0.634766 0.695312 0.634766 0.697266 0.632812 0.699219 0.632812 0.699219 0.630859 0.701172 0.628906 0.701172 0.623047 0.699219 0.621094 0.699219 0.617188 0.695312 0.613281 0.695312 0.611328 0.689453 0.605469
0 0.996094 0.623047 0.996094 0.640625 0.998047 0.642578 0.998047 0.623047
0 0.062500 0.611328 0.060547 0.613281 0.058594 0.613281 0.056641 0.615234 0.054688 0.615234 0.050781 0.619141 0.048828 0.619141 0.046875 0.621094 0.044922 0.621094 0.029297 0.636719 0.029297 0.646484 0.035156 0.652344 0.037109 0.652344 0.039062 0.654297 0.041016 0.654297 0.042969 0.656250 0.044922 0.656250 0.046875 0.658203 0.048828 0.658203 0.054688 0.664062 0.056641 0.664062 0.060547 0.667969 0.062500 0.667969 0.066406 0.671875 0.072266 0.671875 0.074219 0.673828 0.080078 0.673828 0.082031 0.671875 0.087891 0.671875 0.095703 0.664062 0.095703 0.662109 0.097656 0.660156 0.097656 0.658203 0.099609 0.656250 0.099609 0.648438 0.097656 0.646484 0.097656 0.644531 0.093750 0.640625 0.093750 0.638672 0.091797 0.636719 0.091797 0.632812 0.089844 0.630859 0.089844 0.623047 0.087891 0.621094 0.087891 0.617188 0.082031 0.611328
0 0.197266 0.613281 0.195312 0.615234 0.191406 0.615234 0.189453 0.617188 0.187500 0.617188 0.181641 0.623047 0.181641 0.625000 0.177734 0.628906 0.177734 0.654297 0.183594 0.660156 0.185547 0.660156 0.189453 0.664062 0.191406 0.664062 0.193359 0.666016 0.195312 0.666016 0.199219 0.669922 0.216797 0.669922 0.218750 0.667969 0.226562 0.667969 0.230469 0.664062 0.230469 0.662109 0.232422 0.660156 0.232422 0.658203 0.234375 0.656250 0.234375 0.652344 0.236328 0.650391 0.236328 0.640625 0.234375 0.638672 0.234375 0.632812 0.232422 0.630859 0.232422 0.628906 0.226562 0.623047 0.226562 0.621094 0.224609 0.621094 0.222656 0.619141 0.220703 0.619141 0.216797 0.615234 0.210938 0.615234 0.208984 0.613281
0 0.808594 0.632812 0.806641 0.634766 0.804688 0.634766 0.798828 0.640625 0.798828 0.642578 0.800781 0.644531 0.800781 0.646484 0.802734 0.648438 0.802734 0.650391 0.808594 0.656250 0.810547 0.656250 0.812500 0.658203 0.814453 0.658203 0.816406 0.660156 0.818359 0.660156 0.820312 0.662109 0.826172 0.662109 0.828125 0.664062 0.833984 0.664062 0.835938 0.666016 0.849609 0.666016 0.851562 0.664062 0.853516 0.664062 0.855469 0.662109 0.857422 0.662109 0.861328 0.658203 0.861328 0.648438 0.859375 0.646484 0.859375 0.642578 0.853516 0.636719 0.851562 0.636719 0.849609 0.634766 0.845703 0.634766 0.843750 0.632812
0 0.708984 0.656250 0.703125 0.662109 0.703125 0.664062 0.697266 0.669922 0.697266 0.677734 0.699219 0.679688 0.699219 0.685547 0.707031 0.693359 0.712891 0.693359 0.714844 0.691406 0.716797 0.691406 0.728516 0.679688 0.728516 0.666016 0.726562 0.664062 0.726562 0.662109 0.724609 0.662109 0.718750 0.656250
0 0.937500 0.658203 0.935547 0.660156 0.933594 0.660156 0.931641 0.662109 0.929688 0.662109 0.925781 0.666016 0.923828 0.666016 0.916016 0.673828 0.916016 0.681641 0.917969 0.683594 0.917969 0.685547 0.919922 0.685547 0.925781 0.691406 0.927734 0.691406 0.929688 0.693359 0.933594 0.693359 0.935547 0.695312 0.955078 0.695312 0.958984 0.691406 0.958984 0.689453 0.962891 0.685547 0.962891 0.669922 0.960938 0.667969 0.960938 0.666016 0.958984 0.664062 0.958984 0.662109 0.955078 0.658203
0 0.343750 0.638672 0.333984 0.648438 0.333984 0.652344 0.332031 0.654297 0.332031 0.677734 0.333984 0.679688 0.333984 0.683594 0.335938 0.685547 0.335938 0.689453 0.337891 0.691406 0.337891 0.699219 0.339844 0.701172 0.339844 0.703125 0.341797 0.705078 0.341797 0.708984 0.343750 0.710938 0.343750 0.712891 0.345703 0.714844 0.345703 0.716797 0.353516 0.724609 0.355469 0.724609 0.357422 0.726562 0.361328 0.726562 0.363281 0.724609 0.375000 0.724609 0.376953 0.722656 0.376953 0.714844 0.378906 0.712891 0.378906 0.707031 0.380859 0.705078 0.380859 0.701172 0.386719 0.695312 0.388672 0.695312 0.390625 0.693359 0.392578 0.693359 0.394531 0.691406 0.394531 0.673828 0.392578 0.671875 0.392578 0.666016 0.390625 0.664062 0.390625 0.662109 0.388672 0.660156 0.388672 0.658203 0.384766 0.654297 0.382812 0.654297 0.378906 0.650391 0.375000 0.650391 0.373047 0.648438 0.371094 0.648438 0.369141 0.646484 0.367188 0.646484 0.363281 0.642578 0.361328 0.642578 0.359375 0.640625 0.355469 0.640625 0.353516 0.638672
0 0.998047 0.660156 0.996094 0.662109 0.994141 0.662109 0.970703 0.685547 0.970703 0.687500 0.968750 0.689453 0.968750 0.710938 0.970703 0.712891 0.970703 0.716797 0.976562 0.722656 0.978516 0.722656 0.980469 0.724609 0.982422 0.724609 0.984375 0.726562 0.988281 0.726562 0.990234 0.728516 0.992188 0.728516 0.994141 0.730469 0.998047 0.730469
0 0.130859 0.664062 0.128906 0.666016 0.123047 0.666016 0.119141 0.669922 0.117188 0.669922 0.113281 0.673828 0.113281 0.679688 0.111328 0.681641 0.111328 0.685547 0.113281 0.687500 0.113281 0.695312 0.115234 0.697266 0.115234 0.703125 0.119141 0.707031 0.119141 0.708984 0.123047 0.712891 0.123047 0.714844 0.125000 0.714844 0.132812 0.722656 0.134766 0.722656 0.138672 0.726562 0.140625 0.726562 0.142578 0.728516 0.144531 0.728516 0.148438 0.732422 0.164062 0.732422 0.166016 0.730469 0.167969 0.730469 0.169922 0.728516 0.171875 0.728516 0.173828 0.726562 0.175781 0.726562 0.181641 0.720703 0.181641 0.718750 0.183594 0.716797 0.183594 0.714844 0.185547 0.712891 0.185547 0.691406 0.183594 0.689453 0.183594 0.685547 0.181641 0.683594 0.181641 0.681641 0.179688 0.681641 0.177734 0.679688 0.175781 0.679688 0.173828 0.677734 0.171875 0.677734 0.167969 0.673828 0.166016 0.673828 0.164062 0.671875 0.162109 0.671875 0.160156 0.669922 0.158203 0.669922 0.156250 0.667969 0.154297 0.667969 0.152344 0.666016 0.148438 0.666016 0.146484 0.664062
0 0.421875 0.677734 0.419922 0.679688 0.417969 0.679688 0.416016 0.681641 0.414062 0.681641 0.412109 0.683594 0.412109 0.685547 0.410156 0.687500 0.410156 0.689453 0.417969 0.689453 0.419922 0.691406 0.425781 0.691406 0.427734 0.693359 0.431641 0.693359 0.433594 0.695312 0.435547 0.695312 0.445312 0.705078 0.445312 0.707031 0.447266 0.708984 0.447266 0.712891 0.449219 0.714844 0.451172 0.712891 0.451172 0.693359 0.449219 0.691406 0.449219 0.687500 0.447266 0.685547 0.447266 0.683594 0.445312 0.683594 0.441406 0.679688 0.435547 0.679688 0.433594 0.677734
0 0.017578 0.683594 0.015625 0.685547 0.013672 0.685547 0.005859 0.693359 0.005859 0.695312 0.000000 0.701172 0.000000 0.740234 0.001953 0.740234 0.005859 0.744141 0.007812 0.744141 0.009766 0.746094 0.011719 0.746094 0.013672 0.748047 0.015625 0.748047 0.017578 0.750000 0.019531 0.750000 0.019531 0.746094 0.027344 0.738281 0.035156 0.738281 0.037109 0.736328 0.046875 0.736328 0.048828 0.734375 0.050781 0.734375 0.052734 0.732422 0.052734 0.716797 0.050781 0.714844 0.050781 0.710938 0.046875 0.707031 0.046875 0.705078 0.042969 0.701172 0.042969 0.699219 0.039062 0.695312 0.037109 0.695312 0.025391 0.683594
0 0.281250 0.677734 0.279297 0.679688 0.277344 0.679688 0.273438 0.683594 0.271484 0.683594 0.261719 0.693359 0.259766 0.693359 0.253906 0.699219 0.253906 0.701172 0.250000 0.705078 0.250000 0.707031 0.246094 0.710938 0.246094 0.712891 0.242188 0.716797 0.242188 0.728516 0.244141 0.730469 0.244141 0.738281 0.248047 0.742188 0.248047 0.744141 0.253906 0.750000 0.253906 0.751953 0.255859 0.751953 0.259766 0.755859 0.261719 0.755859 0.265625 0.759766 0.269531 0.759766 0.271484 0.761719 0.296875 0.761719 0.298828 0.759766 0.302734 0.759766 0.304688 0.757812 0.306641 0.757812 0.310547 0.753906 0.312500 0.753906 0.320312 0.746094 0.320312 0.744141 0.322266 0.742188 0.322266 0.740234 0.324219 0.738281 0.324219 0.707031 0.322266 0.705078 0.322266 0.699219 0.320312 0.697266 0.320312 0.695312 0.318359 0.693359 0.318359 0.691406 0.316406 0.691406 0.312500 0.687500 0.310547 0.687500 0.308594 0.685547 0.306641 0.685547 0.302734 0.681641 0.300781 0.681641 0.298828 0.679688 0.285156 0.679688 0.283203 0.677734
0 0.398438 0.691406 0.396484 0.693359 0.394531 0.693359 0.392578 0.695312 0.390625 0.695312 0.388672 0.697266 0.386719 0.697266 0.382812 0.701172 0.382812 0.705078 0.380859 0.707031 0.380859 0.712891 0.378906 0.714844 0.378906 0.726562 0.380859 0.726562 0.382812 0.728516 0.384766 0.728516 0.392578 0.736328 0.392578 0.738281 0.394531 0.740234 0.394531 0.777344 0.398438 0.781250 0.402344 0.781250 0.404297 0.783203 0.417969 0.783203 0.419922 0.781250 0.423828 0.781250 0.425781 0.779297 0.427734 0.779297 0.429688 0.777344 0.431641 0.777344 0.435547 0.773438 0.435547 0.771484 0.439453 0.767578 0.439453 0.765625 0.443359 0.761719 0.443359 0.759766 0.445312 0.757812 0.445312 0.753906 0.447266 0.751953 0.447266 0.746094 0.449219 0.744141 0.449219 0.720703 0.447266 0.718750 0.447266 0.714844 0.445312 0.712891 0.445312 0.708984 0.443359 0.707031 0.443359 0.705078 0.435547 0.697266 0.433594 0.697266 0.431641 0.695312 0.427734 0.695312 0.425781 0.693359 0.419922 0.693359 0.417969 0.691406
0 0.916016 0.708984 0.896484 0.728516 0.896484 0.730469 0.894531 0.732422 0.894531 0.751953 0.898438 0.755859 0.898438 0.757812 0.902344 0.761719 0.906250 0.761719 0.908203 0.763672 0.912109 0.763672 0.914062 0.765625 0.921875 0.765625 0.923828 0.767578 0.929688 0.767578 0.931641 0.769531 0.937500 0.769531 0.939453 0.767578 0.943359 0.767578 0.951172 0.759766 0.951172 0.757812 0.953125 0.755859 0.953125 0.753906 0.955078 0.751953 0.955078 0.734375 0.953125 0.732422 0.953125 0.728516 0.951172 0.726562 0.951172 0.722656 0.949219 0.720703 0.949219 0.718750 0.943359 0.712891 0.941406 0.712891 0.939453 0.710938 0.937500 0.710938 0.935547 0.708984
0 0.816406 0.744141 0.812500 0.748047 0.810547 0.748047 0.806641 0.751953 0.806641 0.759766 0.808594 0.759766 0.810547 0.761719 0.812500 0.761719 0.814453 0.763672 0.818359 0.763672 0.820312 0.765625 0.824219 0.765625 0.826172 0.767578 0.847656 0.767578 0.849609 0.765625 0.851562 0.765625 0.851562 0.755859 0.845703 0.750000 0.845703 0.748047 0.843750 0.746094 0.841797 0.746094 0.839844 0.744141
0 0.060547 0.730469 0.058594 0.732422 0.056641 0.732422 0.054688 0.734375 0.052734 0.734375 0.050781 0.736328 0.048828 0.736328 0.046875 0.738281 0.037109 0.738281 0.035156 0.740234 0.027344 0.740234 0.021484 0.746094 0.021484 0.757812 0.023438 0.759766 0.023438 0.763672 0.025391 0.765625 0.025391 0.767578 0.027344 0.769531 0.027344 0.771484 0.029297 0.773438 0.029297 0.775391 0.031250 0.777344 0.031250 0.781250 0.033203 0.783203 0.033203 0.787109 0.035156 0.789062 0.035156 0.794922 0.039062 0.798828 0.041016 0.798828 0.042969 0.800781 0.062500 0.800781 0.064453 0.798828 0.068359 0.798828 0.076172 0.791016 0.076172 0.789062 0.080078 0.785156 0.080078 0.781250 0.082031 0.779297 0.082031 0.777344 0.083984 0.775391 0.083984 0.753906 0.082031 0.751953 0.082031 0.748047 0.080078 0.746094 0.080078 0.742188 0.078125 0.740234 0.078125 0.736328 0.074219 0.732422 0.072266 0.732422 0.070312 0.730469
0 0.363281 0.726562 0.361328 0.728516 0.355469 0.728516 0.351562 0.732422 0.349609 0.732422 0.343750 0.738281 0.343750 0.740234 0.341797 0.742188 0.341797 0.748047 0.339844 0.750000 0.339844 0.755859 0.337891 0.757812 0.337891 0.761719 0.335938 0.763672 0.335938 0.775391 0.333984 0.777344 0.333984 0.787109 0.332031 0.789062 0.332031 0.796875 0.333984 0.798828 0.335938 0.798828 0.339844 0.802734 0.343750 0.802734 0.345703 0.804688 0.347656 0.804688 0.349609 0.806641 0.357422 0.806641 0.359375 0.808594 0.376953 0.808594 0.378906 0.806641 0.382812 0.806641 0.386719 0.802734 0.386719 0.800781 0.388672 0.798828 0.388672 0.792969 0.390625 0.791016 0.390625 0.785156 0.392578 0.783203 0.392578 0.740234 0.390625 0.738281 0.390625 0.736328 0.384766 0.730469 0.382812 0.730469 0.380859 0.728516 0.376953 0.728516 0.375000 0.726562
0 0.796875 0.761719 0.792969 0.765625 0.792969 0.767578 0.791016 0.769531 0.791016 0.771484 0.787109 0.775391 0.787109 0.779297 0.789062 0.781250 0.789062 0.785156 0.792969 0.789062 0.794922 0.789062 0.796875 0.791016 0.798828 0.791016 0.800781 0.792969 0.802734 0.792969 0.804688 0.794922 0.816406 0.794922 0.818359 0.792969 0.822266 0.792969 0.828125 0.787109 0.828125 0.785156 0.830078 0.783203 0.830078 0.777344 0.828125 0.775391 0.828125 0.773438 0.826172 0.771484 0.824219 0.771484 0.820312 0.767578 0.818359 0.767578 0.816406 0.765625 0.814453 0.765625 0.812500 0.763672 0.810547 0.763672 0.808594 0.761719
0 0.656250 0.759766 0.654297 0.761719 0.650391 0.761719 0.648438 0.763672 0.648438 0.779297 0.650391 0.781250 0.650391 0.787109 0.652344 0.789062 0.652344 0.792969 0.656250 0.796875 0.656250 0.798828 0.660156 0.802734 0.662109 0.802734 0.664062 0.804688 0.666016 0.804688 0.667969 0.806641 0.673828 0.806641 0.675781 0.804688 0.681641 0.804688 0.685547 0.800781 0.685547 0.798828 0.689453 0.794922 0.689453 0.792969 0.691406 0.791016 0.693359 0.791016 0.699219 0.785156 0.701172 0.785156 0.701172 0.783203 0.703125 0.781250 0.703125 0.775391 0.701172 0.773438 0.701172 0.771484 0.697266 0.767578 0.695312 0.767578 0.691406 0.763672 0.687500 0.763672 0.685547 0.761719 0.679688 0.761719 0.677734 0.759766
0 0.994141 0.800781 0.990234 0.804688 0.990234 0.806641 0.988281 0.808594 0.988281 0.810547 0.986328 0.812500 0.986328 0.833984 0.988281 0.835938 0.988281 0.841797 0.992188 0.845703 0.992188 0.847656 0.996094 0.851562 0.996094 0.855469 0.998047 0.855469 0.998047 0.800781
0 0.365234 0.824219 0.363281 0.826172 0.361328 0.826172 0.361328 0.832031 0.363281 0.833984 0.363281 0.835938 0.367188 0.839844 0.376953 0.839844 0.378906 0.837891 0.380859 0.837891 0.382812 0.835938 0.382812 0.830078 0.380859 0.828125 0.380859 0.826172 0.378906 0.826172 0.376953 0.824219
0 0.347656 0.837891 0.345703 0.839844 0.345703 0.843750 0.343750 0.845703 0.343750 0.849609 0.345703 0.851562 0.345703 0.853516 0.349609 0.857422 0.353516 0.857422 0.355469 0.855469 0.361328 0.855469 0.365234 0.851562 0.365234 0.847656 0.359375 0.841797 0.357422 0.841797 0.355469 0.839844 0.353516 0.839844 0.351562 0.837891
0 0.158203 0.839844 0.156250 0.841797 0.152344 0.841797 0.150391 0.843750 0.148438 0.843750 0.136719 0.855469 0.136719 0.871094 0.140625 0.875000 0.142578 0.875000 0.144531 0.876953 0.148438 0.876953 0.150391 0.878906 0.154297 0.878906 0.156250 0.880859 0.164062 0.880859 0.166016 0.882812 0.191406 0.882812 0.195312 0.878906 0.195312 0.871094 0.193359 0.869141 0.193359 0.867188 0.191406 0.865234 0.191406 0.863281 0.189453 0.861328 0.189453 0.859375 0.185547 0.855469 0.185547 0.853516 0.183594 0.853516 0.179688 0.849609 0.179688 0.847656 0.177734 0.845703 0.175781 0.845703 0.173828 0.843750 0.171875 0.843750 0.169922 0.841797 0.166016 0.841797 0.164062 0.839844
0 0.105469 0.859375 0.103516 0.861328 0.097656 0.861328 0.095703 0.863281 0.093750 0.863281 0.093750 0.869141 0.097656 0.873047 0.103516 0.873047 0.105469 0.871094 0.107422 0.871094 0.107422 0.869141 0.109375 0.867188 0.113281 0.867188 0.115234 0.865234 0.119141 0.865234 0.121094 0.863281 0.121094 0.859375
0 0.697266 0.873047 0.697266 0.875000 0.699219 0.876953 0.701172 0.876953 0.703125 0.878906 0.703125 0.882812 0.705078 0.884766 0.705078 0.888672 0.707031 0.890625 0.714844 0.890625 0.716797 0.892578 0.720703 0.892578 0.720703 0.888672 0.712891 0.880859 0.712891 0.878906 0.707031 0.873047
0 0.794922 0.863281 0.792969 0.865234 0.789062 0.865234 0.785156 0.869141 0.785156 0.871094 0.783203 0.873047 0.783203 0.882812 0.785156 0.884766 0.785156 0.888672 0.787109 0.890625 0.787109 0.892578 0.792969 0.898438 0.792969 0.900391 0.794922 0.902344 0.796875 0.902344 0.798828 0.904297 0.798828 0.906250 0.800781 0.908203 0.814453 0.908203 0.816406 0.906250 0.818359 0.906250 0.820312 0.904297 0.820312 0.900391 0.822266 0.898438 0.822266 0.894531 0.824219 0.892578 0.824219 0.886719 0.826172 0.884766 0.826172 0.873047 0.824219 0.871094 0.824219 0.869141 0.822266 0.867188 0.820312 0.867188 0.818359 0.865234 0.816406 0.865234 0.814453 0.863281
0 0.498047 0.875000 0.490234 0.882812 0.488281 0.882812 0.484375 0.886719 0.484375 0.888672 0.482422 0.890625 0.482422 0.892578 0.480469 0.894531 0.480469 0.902344 0.488281 0.910156 0.490234 0.910156 0.492188 0.912109 0.494141 0.912109 0.496094 0.914062 0.503906 0.914062 0.505859 0.916016 0.511719 0.916016 0.513672 0.917969 0.529297 0.917969 0.531250 0.916016 0.539062 0.916016 0.542969 0.912109 0.544922 0.912109 0.544922 0.910156 0.546875 0.908203 0.546875 0.900391 0.544922 0.898438 0.544922 0.896484 0.542969 0.894531 0.542969 0.892578 0.537109 0.886719 0.535156 0.886719 0.531250 0.882812 0.529297 0.882812 0.527344 0.880859 0.525391 0.880859 0.523438 0.878906 0.519531 0.878906 0.517578 0.876953 0.513672 0.876953 0.511719 0.875000
0 0.480469 0.916016 0.474609 0.921875 0.474609 0.929688 0.476562 0.931641 0.476562 0.935547 0.478516 0.937500 0.478516 0.939453 0.482422 0.943359 0.482422 0.945312 0.484375 0.947266 0.484375 0.949219 0.486328 0.951172 0.486328 0.953125 0.488281 0.953125 0.492188 0.957031 0.503906 0.957031 0.507812 0.953125 0.509766 0.953125 0.509766 0.951172 0.513672 0.947266 0.513672 0.937500 0.507812 0.931641 0.507812 0.929688 0.505859 0.927734 0.503906 0.927734 0.500000 0.923828 0.496094 0.923828 0.490234 0.917969 0.486328 0.917969 0.484375 0.916016
0 0.707031 0.957031 0.705078 0.958984 0.701172 0.958984 0.699219 0.960938 0.697266 0.960938 0.695312 0.962891 0.695312 0.968750 0.697266 0.968750 0.699219 0.970703 0.705078 0.970703 0.707031 0.972656 0.708984 0.972656 0.710938 0.974609 0.710938 0.976562 0.712891 0.974609 0.716797 0.974609 0.718750 0.972656 0.718750 0.958984 0.716797 0.957031
0 0.527344 0.947266 0.525391 0.949219 0.521484 0.949219 0.517578 0.953125 0.515625 0.953125 0.513672 0.955078 0.511719 0.955078 0.505859 0.960938 0.505859 0.962891 0.503906 0.964844 0.503906 0.976562 0.505859 0.978516 0.505859 0.982422 0.507812 0.984375 0.507812 0.986328 0.511719 0.990234 0.511719 0.992188 0.517578 0.998047 0.539062 0.998047 0.539062 0.996094 0.541016 0.994141 0.541016 0.976562 0.544922 0.972656 0.550781 0.972656 0.552734 0.970703 0.554688 0.970703 0.556641 0.968750 0.558594 0.968750 0.560547 0.966797 0.560547 0.958984 0.558594 0.957031 0.558594 0.955078 0.554688 0.951172 0.552734 0.951172 0.550781 0.949219 0.548828 0.949219 0.546875 0.947266
0 0.996094 0.949219 0.996094 0.951172 0.992188 0.955078 0.992188 0.957031 0.988281 0.960938 0.988281 0.962891 0.986328 0.964844 0.986328 0.982422 0.988281 0.984375 0.988281 0.988281 0.990234 0.990234 0.990234 0.994141 0.992188 0.996094 0.992188 0.998047 0.998047 0.998047 0.998047 0.949219
0 0.378906 0.949219 0.376953 0.951172 0.375000 0.951172 0.363281 0.962891 0.363281 0.984375 0.365234 0.986328 0.365234 0.990234 0.369141 0.994141 0.369141 0.996094 0.371094 0.998047 0.400391 0.998047 0.404297 0.994141 0.404297 0.966797 0.402344 0.964844 0.402344 0.962891 0.400391 0.960938 0.400391 0.958984 0.398438 0.958984 0.392578 0.953125 0.390625 0.953125 0.386719 0.949219
0 0.433594 0.955078 0.431641 0.957031 0.427734 0.957031 0.423828 0.960938 0.421875 0.960938 0.419922 0.962891 0.419922 0.964844 0.416016 0.968750 0.416016 0.992188 0.417969 0.994141 0.417969 0.996094 0.419922 0.996094 0.421875 0.998047 0.470703 0.998047 0.470703 0.996094 0.472656 0.994141 0.472656 0.976562 0.470703 0.974609 0.470703 0.970703 0.468750 0.968750 0.468750 0.966797 0.462891 0.960938 0.460938 0.960938 0.458984 0.958984 0.457031 0.958984 0.453125 0.955078
0 0.875000 0.957031 0.873047 0.958984 0.867188 0.958984 0.859375 0.966797 0.857422 0.966797 0.853516 0.970703 0.853516 0.972656 0.851562 0.974609 0.849609 0.974609 0.835938 0.988281 0.835938 0.990234 0.833984 0.992188 0.833984 0.994141 0.832031 0.996094 0.832031 0.998047 0.908203 0.998047 0.908203 0.984375 0.906250 0.982422 0.906250 0.978516 0.902344 0.974609 0.902344 0.972656 0.896484 0.966797 0.894531 0.966797 0.890625 0.962891 0.888672 0.962891 0.886719 0.960938 0.884766 0.960938 0.880859 0.957031
0 0.687500 0.970703 0.685547 0.972656 0.658203 0.972656 0.654297 0.976562 0.654297 0.978516 0.652344 0.980469 0.652344 0.984375 0.650391 0.986328 0.650391 0.996094 0.652344 0.996094 0.654297 0.998047 0.705078 0.998047 0.707031 0.996094 0.708984 0.996094 0.708984 0.994141 0.712891 0.990234 0.712891 0.984375 0.710938 0.982422 0.710938 0.978516 0.708984 0.976562 0.708984 0.974609 0.707031 0.974609 0.705078 0.972656 0.699219 0.972656 0.697266 0.970703
