0 0.000000 0.000000 0.000000 0.003906 0.009766 0.013672 0.033203 0.013672 0.037109 0.009766 0.039062 0.009766 0.039062 0.007812 0.042969 0.003906 0.042969 0.000000
0 0.433594 0.000000 0.435547 0.001953 0.435547 0.003906 0.443359 0.011719 0.445312 0.011719 0.447266 0.013672 0.449219 0.013672 0.451172 0.015625 0.455078 0.015625 0.457031 0.017578 0.462891 0.017578 0.464844 0.015625 0.468750 0.015625 0.476562 0.007812 0.478516 0.007812 0.484375 0.001953 0.486328 0.001953 0.486328 0.000000
0 0.738281 0.000000 0.746094 0.007812 0.748047 0.007812 0.753906 0.013672 0.755859 0.013672 0.757812 0.015625 0.761719 0.015625 0.763672 0.017578 0.779297 0.017578 0.781250 0.015625 0.787109 0.015625 0.789062 0.013672 0.791016 0.013672 0.794922 0.009766 0.794922 0.005859 0.796875 0.003906 0.796875 0.000000
0 0.929688 0.000000 0.929688 0.001953 0.939453 0.011719 0.941406 0.011719 0.943359 0.013672 0.945312 0.013672 0.947266 0.015625 0.958984 0.015625 0.962891 0.011719 0.962891 0.009766 0.964844 0.007812 0.964844 0.003906 0.966797 0.001953 0.966797 0.000000
0 0.617188 0.000000 0.619141 0.001953 0.619141 0.003906 0.621094 0.005859 0.623047 0.005859 0.628906 0.011719 0.630859 0.011719 0.634766 0.015625 0.636719 0.015625 0.638672 0.017578 0.642578 0.017578 0.644531 0.019531 0.656250 0.019531 0.658203 0.017578 0.660156 0.017578 0.660156 0.015625 0.662109 0.013672 0.662109 0.011719 0.664062 0.009766 0.664062 0.003906 0.666016 0.001953 0.666016 0.000000
0 0.861328 0.000000 0.867188 0.005859 0.867188 0.007812 0.878906 0.019531 0.892578 0.019531 0.894531 0.017578 0.896484 0.017578 0.898438 0.015625 0.900391 0.015625 0.902344 0.013672 0.902344 0.011719 0.904297 0.009766 0.904297 0.007812 0.908203 0.003906 0.908203 0.001953 0.910156 0.000000
0 0.337891 0.000000 0.337891 0.013672 0.343750 0.019531 0.343750 0.021484 0.355469 0.033203 0.369141 0.033203 0.371094 0.031250 0.376953 0.031250 0.380859 0.027344 0.382812 0.027344 0.384766 0.025391 0.384766 0.023438 0.388672 0.019531 0.388672 0.017578 0.390625 0.015625 0.390625 0.011719 0.392578 0.009766 0.392578 0.000000
0 0.982422 0.000000 0.980469 0.001953 0.980469 0.011719 0.982422 0.013672 0.982422 0.017578 0.984375 0.019531 0.984375 0.021484 0.986328 0.023438 0.986328 0.025391 0.990234 0.029297 0.994141 0.029297 0.998047 0.033203 0.998047 0.000000
0 0.048828 0.000000 0.046875 0.001953 0.046875 0.003906 0.044922 0.005859 0.044922 0.035156 0.046875 0.037109 0.046875 0.044922 0.050781 0.048828 0.050781 0.050781 0.054688 0.054688 0.056641 0.054688 0.058594 0.056641 0.076172 0.056641 0.078125 0.054688 0.083984 0.054688 0.085938 0.052734 0.087891 0.052734 0.089844 0.050781 0.089844 0.048828 0.095703 0.042969 0.095703 0.041016 0.097656 0.039062 0.097656 0.035156 0.099609 0.033203 0.099609 0.027344 0.101562 0.025391 0.101562 0.013672 0.099609 0.011719 0.099609 0.005859 0.093750 0.000000
0 0.322266 0.041016 0.320312 0.042969 0.318359 0.042969 0.316406 0.044922 0.314453 0.044922 0.304688 0.054688 0.304688 0.056641 0.302734 0.058594 0.302734 0.072266 0.304688 0.074219 0.304688 0.076172 0.306641 0.078125 0.306641 0.080078 0.310547 0.083984 0.312500 0.083984 0.314453 0.085938 0.314453 0.087891 0.318359 0.087891 0.320312 0.089844 0.326172 0.089844 0.328125 0.091797 0.332031 0.091797 0.333984 0.093750 0.341797 0.093750 0.343750 0.091797 0.347656 0.091797 0.349609 0.089844 0.351562 0.089844 0.355469 0.085938 0.357422 0.085938 0.365234 0.078125 0.365234 0.066406 0.363281 0.064453 0.363281 0.058594 0.359375 0.054688 0.359375 0.052734 0.355469 0.048828 0.353516 0.048828 0.351562 0.046875 0.349609 0.046875 0.345703 0.042969 0.339844 0.042969 0.337891 0.041016
0 0.966797 0.044922 0.964844 0.046875 0.960938 0.046875 0.958984 0.048828 0.957031 0.048828 0.957031 0.060547 0.958984 0.062500 0.958984 0.066406 0.960938 0.068359 0.960938 0.070312 0.962891 0.072266 0.962891 0.074219 0.966797 0.078125 0.966797 0.080078 0.976562 0.089844 0.978516 0.089844 0.980469 0.091797 0.982422 0.091797 0.984375 0.093750 0.986328 0.093750 0.988281 0.095703 0.994141 0.095703 0.996094 0.093750 0.998047 0.093750 0.998047 0.050781 0.996094 0.048828 0.992188 0.048828 0.990234 0.046875 0.984375 0.046875 0.982422 0.044922
0 0.154297 0.054688 0.152344 0.056641 0.146484 0.056641 0.144531 0.058594 0.140625 0.058594 0.138672 0.060547 0.134766 0.060547 0.132812 0.062500 0.130859 0.062500 0.128906 0.064453 0.126953 0.064453 0.123047 0.068359 0.123047 0.070312 0.117188 0.076172 0.117188 0.087891 0.119141 0.089844 0.119141 0.097656 0.126953 0.105469 0.130859 0.105469 0.132812 0.107422 0.134766 0.107422 0.136719 0.109375 0.140625 0.109375 0.142578 0.111328 0.152344 0.111328 0.154297 0.109375 0.160156 0.109375 0.162109 0.107422 0.164062 0.107422 0.166016 0.105469 0.167969 0.105469 0.167969 0.103516 0.169922 0.101562 0.169922 0.099609 0.171875 0.097656 0.171875 0.095703 0.175781 0.091797 0.175781 0.089844 0.177734 0.087891 0.177734 0.064453 0.175781 0.062500 0.175781 0.060547 0.173828 0.060547 0.171875 0.058594 0.169922 0.058594 0.166016 0.054688
0 0.634766 0.087891 0.632812 0.089844 0.626953 0.089844 0.625000 0.091797 0.623047 0.091797 0.615234 0.099609 0.615234 0.105469 0.625000 0.105469 0.626953 0.107422 0.628906 0.107422 0.634766 0.113281 0.634766 0.115234 0.636719 0.117188 0.636719 0.123047 0.638672 0.125000 0.638672 0.136719 0.636719 0.138672 0.644531 0.138672 0.646484 0.136719 0.650391 0.136719 0.652344 0.134766 0.654297 0.134766 0.660156 0.128906 0.660156 0.126953 0.664062 0.123047 0.664062 0.121094 0.666016 0.119141 0.666016 0.117188 0.667969 0.115234 0.667969 0.113281 0.669922 0.111328 0.669922 0.105469 0.667969 0.103516 0.667969 0.099609 0.666016 0.097656 0.666016 0.095703 0.660156 0.089844 0.656250 0.089844 0.654297 0.087891
0 0.000000 0.087891 0.000000 0.154297 0.003906 0.154297 0.005859 0.152344 0.007812 0.152344 0.009766 0.150391 0.011719 0.150391 0.019531 0.142578 0.019531 0.140625 0.021484 0.138672 0.021484 0.111328 0.019531 0.109375 0.019531 0.107422 0.017578 0.105469 0.017578 0.103516 0.001953 0.087891
0 0.572266 0.101562 0.570312 0.103516 0.564453 0.103516 0.564453 0.105469 0.556641 0.113281 0.554688 0.113281 0.548828 0.119141 0.548828 0.121094 0.546875 0.123047 0.546875 0.140625 0.548828 0.142578 0.548828 0.144531 0.550781 0.146484 0.550781 0.148438 0.552734 0.150391 0.552734 0.152344 0.556641 0.156250 0.580078 0.156250 0.583984 0.152344 0.585938 0.152344 0.587891 0.150391 0.589844 0.150391 0.591797 0.148438 0.589844 0.146484 0.589844 0.140625 0.587891 0.138672 0.587891 0.125000 0.589844 0.123047 0.589844 0.121094 0.591797 0.119141 0.591797 0.117188 0.593750 0.115234 0.593750 0.111328 0.587891 0.105469 0.585938 0.105469 0.583984 0.103516 0.580078 0.103516 0.578125 0.101562
0 0.330078 0.105469 0.328125 0.107422 0.326172 0.107422 0.324219 0.109375 0.322266 0.109375 0.316406 0.115234 0.316406 0.119141 0.308594 0.126953 0.308594 0.128906 0.306641 0.130859 0.306641 0.136719 0.308594 0.138672 0.308594 0.142578 0.310547 0.144531 0.310547 0.164062 0.310547 0.162109 0.314453 0.158203 0.314453 0.156250 0.316406 0.154297 0.318359 0.154297 0.322266 0.150391 0.324219 0.150391 0.326172 0.148438 0.328125 0.148438 0.330078 0.146484 0.332031 0.146484 0.333984 0.144531 0.337891 0.144531 0.339844 0.142578 0.351562 0.142578 0.357422 0.136719 0.357422 0.134766 0.363281 0.128906 0.363281 0.119141 0.361328 0.117188 0.361328 0.115234 0.359375 0.113281 0.357422 0.113281 0.353516 0.109375 0.351562 0.109375 0.349609 0.107422 0.345703 0.107422 0.343750 0.105469
0 0.607422 0.107422 0.605469 0.109375 0.603516 0.109375 0.601562 0.111328 0.599609 0.111328 0.593750 0.117188 0.593750 0.119141 0.591797 0.121094 0.591797 0.123047 0.589844 0.125000 0.589844 0.138672 0.591797 0.140625 0.591797 0.146484 0.597656 0.152344 0.597656 0.154297 0.599609 0.154297 0.605469 0.160156 0.607422 0.160156 0.609375 0.162109 0.615234 0.162109 0.617188 0.160156 0.623047 0.160156 0.628906 0.154297 0.628906 0.152344 0.632812 0.148438 0.632812 0.144531 0.634766 0.142578 0.634766 0.138672 0.636719 0.136719 0.636719 0.125000 0.634766 0.123047 0.634766 0.117188 0.632812 0.115234 0.632812 0.113281 0.628906 0.109375 0.626953 0.109375 0.625000 0.107422
0 0.140625 0.117188 0.138672 0.119141 0.136719 0.119141 0.132812 0.123047 0.130859 0.123047 0.126953 0.126953 0.125000 0.126953 0.125000 0.132812 0.123047 0.134766 0.123047 0.136719 0.121094 0.138672 0.121094 0.150391 0.123047 0.152344 0.123047 0.158203 0.126953 0.162109 0.126953 0.164062 0.132812 0.169922 0.134766 0.169922 0.136719 0.171875 0.138672 0.171875 0.140625 0.173828 0.156250 0.173828 0.158203 0.171875 0.160156 0.171875 0.166016 0.166016 0.166016 0.164062 0.167969 0.162109 0.167969 0.160156 0.169922 0.158203 0.169922 0.152344 0.171875 0.150391 0.171875 0.136719 0.169922 0.134766 0.169922 0.130859 0.167969 0.128906 0.167969 0.126953 0.162109 0.121094 0.160156 0.121094 0.158203 0.119141 0.154297 0.119141 0.152344 0.117188
0 0.085938 0.113281 0.083984 0.115234 0.082031 0.115234 0.080078 0.117188 0.078125 0.117188 0.076172 0.119141 0.076172 0.121094 0.072266 0.125000 0.072266 0.128906 0.070312 0.130859 0.070312 0.156250 0.072266 0.158203 0.072266 0.160156 0.074219 0.162109 0.074219 0.164062 0.078125 0.167969 0.078125 0.169922 0.083984 0.175781 0.085938 0.175781 0.089844 0.179688 0.101562 0.179688 0.103516 0.177734 0.105469 0.177734 0.107422 0.175781 0.109375 0.175781 0.111328 0.173828 0.113281 0.173828 0.115234 0.171875 0.115234 0.169922 0.117188 0.167969 0.117188 0.136719 0.115234 0.134766 0.115234 0.132812 0.113281 0.130859 0.113281 0.128906 0.101562 0.117188 0.099609 0.117188 0.095703 0.113281
0 0.275391 0.119141 0.273438 0.121094 0.269531 0.121094 0.265625 0.125000 0.265625 0.126953 0.259766 0.132812 0.259766 0.164062 0.261719 0.166016 0.261719 0.167969 0.263672 0.169922 0.265625 0.169922 0.267578 0.171875 0.269531 0.171875 0.271484 0.173828 0.275391 0.173828 0.277344 0.175781 0.294922 0.175781 0.296875 0.173828 0.300781 0.173828 0.302734 0.171875 0.304688 0.171875 0.308594 0.167969 0.308594 0.144531 0.306641 0.142578 0.306641 0.138672 0.304688 0.136719 0.304688 0.130859 0.294922 0.121094 0.292969 0.121094 0.291016 0.119141
0 0.339844 0.144531 0.337891 0.146484 0.333984 0.146484 0.332031 0.148438 0.330078 0.148438 0.328125 0.150391 0.326172 0.150391 0.324219 0.152344 0.322266 0.152344 0.318359 0.156250 0.316406 0.156250 0.316406 0.158203 0.312500 0.162109 0.312500 0.179688 0.314453 0.181641 0.314453 0.183594 0.322266 0.191406 0.324219 0.191406 0.324219 0.189453 0.328125 0.185547 0.330078 0.185547 0.333984 0.181641 0.363281 0.181641 0.365234 0.179688 0.365234 0.177734 0.367188 0.175781 0.367188 0.164062 0.365234 0.162109 0.365234 0.160156 0.363281 0.158203 0.363281 0.156250 0.361328 0.154297 0.361328 0.152344 0.357422 0.148438 0.357422 0.146484 0.355469 0.144531
0 0.333984 0.183594 0.330078 0.187500 0.328125 0.187500 0.326172 0.189453 0.326172 0.208984 0.328125 0.210938 0.328125 0.214844 0.330078 0.216797 0.330078 0.218750 0.335938 0.224609 0.337891 0.224609 0.339844 0.226562 0.341797 0.226562 0.343750 0.228516 0.347656 0.228516 0.349609 0.230469 0.371094 0.230469 0.375000 0.226562 0.375000 0.224609 0.376953 0.222656 0.376953 0.218750 0.378906 0.216797 0.378906 0.201172 0.376953 0.199219 0.376953 0.195312 0.375000 0.193359 0.375000 0.191406 0.369141 0.185547 0.369141 0.183594
0 0.826172 0.185547 0.824219 0.187500 0.818359 0.187500 0.816406 0.189453 0.810547 0.189453 0.808594 0.191406 0.804688 0.191406 0.802734 0.193359 0.796875 0.193359 0.792969 0.197266 0.791016 0.197266 0.785156 0.203125 0.785156 0.212891 0.787109 0.214844 0.787109 0.220703 0.792969 0.226562 0.794922 0.226562 0.798828 0.230469 0.800781 0.230469 0.804688 0.234375 0.808594 0.234375 0.810547 0.236328 0.837891 0.236328 0.839844 0.234375 0.843750 0.234375 0.845703 0.232422 0.847656 0.232422 0.845703 0.230469 0.845703 0.228516 0.841797 0.224609 0.841797 0.222656 0.839844 0.220703 0.839844 0.214844 0.837891 0.212891 0.837891 0.205078 0.841797 0.201172 0.841797 0.199219 0.843750 0.197266 0.843750 0.195312 0.847656 0.191406 0.847656 0.189453 0.845703 0.189453 0.843750 0.187500 0.839844 0.187500 0.837891 0.185547
0 0.851562 0.189453 0.845703 0.195312 0.845703 0.197266 0.843750 0.199219 0.843750 0.201172 0.839844 0.205078 0.839844 0.212891 0.841797 0.214844 0.841797 0.220703 0.843750 0.222656 0.843750 0.224609 0.847656 0.228516 0.847656 0.230469 0.851562 0.234375 0.851562 0.236328 0.853516 0.238281 0.855469 0.238281 0.859375 0.242188 0.861328 0.242188 0.865234 0.246094 0.876953 0.246094 0.878906 0.244141 0.882812 0.244141 0.890625 0.236328 0.890625 0.234375 0.894531 0.230469 0.894531 0.212891 0.892578 0.210938 0.892578 0.208984 0.884766 0.201172 0.882812 0.201172 0.880859 0.199219 0.878906 0.199219 0.875000 0.195312 0.873047 0.195312 0.871094 0.193359 0.869141 0.193359 0.867188 0.191406 0.865234 0.191406 0.863281 0.189453
0 0.695312 0.195312 0.693359 0.197266 0.683594 0.197266 0.681641 0.199219 0.677734 0.199219 0.673828 0.203125 0.673828 0.205078 0.669922 0.208984 0.669922 0.228516 0.671875 0.230469 0.671875 0.232422 0.673828 0.234375 0.681641 0.234375 0.683594 0.232422 0.691406 0.232422 0.693359 0.234375 0.699219 0.234375 0.701172 0.236328 0.703125 0.236328 0.705078 0.238281 0.707031 0.238281 0.710938 0.242188 0.712891 0.242188 0.714844 0.240234 0.718750 0.240234 0.724609 0.234375 0.724609 0.232422 0.726562 0.230469 0.726562 0.228516 0.728516 0.226562 0.728516 0.220703 0.726562 0.218750 0.726562 0.214844 0.724609 0.212891 0.724609 0.210938 0.720703 0.207031 0.720703 0.205078 0.718750 0.205078 0.716797 0.203125 0.714844 0.203125 0.712891 0.201172 0.710938 0.201172 0.707031 0.197266 0.705078 0.197266 0.703125 0.195312
0 0.621094 0.197266 0.619141 0.199219 0.617188 0.199219 0.605469 0.210938 0.605469 0.212891 0.595703 0.222656 0.595703 0.236328 0.597656 0.238281 0.597656 0.242188 0.599609 0.244141 0.599609 0.246094 0.603516 0.250000 0.605469 0.250000 0.607422 0.251953 0.609375 0.251953 0.611328 0.253906 0.619141 0.253906 0.621094 0.255859 0.630859 0.255859 0.632812 0.253906 0.636719 0.253906 0.642578 0.248047 0.642578 0.238281 0.644531 0.236328 0.644531 0.222656 0.642578 0.220703 0.642578 0.216797 0.634766 0.208984 0.634766 0.207031 0.628906 0.201172 0.626953 0.201172 0.623047 0.197266
0 0.025391 0.201172 0.023438 0.203125 0.021484 0.203125 0.019531 0.205078 0.015625 0.205078 0.011719 0.208984 0.011719 0.210938 0.000000 0.222656 0.000000 0.253906 0.007812 0.261719 0.007812 0.263672 0.009766 0.265625 0.011719 0.265625 0.013672 0.267578 0.013672 0.269531 0.015625 0.269531 0.019531 0.273438 0.031250 0.273438 0.033203 0.271484 0.035156 0.271484 0.039062 0.267578 0.039062 0.265625 0.041016 0.263672 0.041016 0.261719 0.044922 0.257812 0.044922 0.251953 0.046875 0.250000 0.046875 0.248047 0.050781 0.244141 0.050781 0.238281 0.052734 0.236328 0.052734 0.220703 0.050781 0.218750 0.050781 0.214844 0.046875 0.210938 0.046875 0.208984 0.042969 0.205078 0.041016 0.205078 0.039062 0.203125 0.035156 0.203125 0.033203 0.201172
0 0.111328 0.212891 0.109375 0.214844 0.105469 0.214844 0.103516 0.216797 0.101562 0.216797 0.097656 0.220703 0.095703 0.220703 0.093750 0.222656 0.093750 0.236328 0.091797 0.238281 0.095703 0.242188 0.095703 0.244141 0.097656 0.246094 0.097656 0.253906 0.099609 0.255859 0.099609 0.265625 0.101562 0.267578 0.103516 0.267578 0.105469 0.269531 0.107422 0.269531 0.109375 0.271484 0.113281 0.271484 0.115234 0.273438 0.134766 0.273438 0.136719 0.271484 0.138672 0.271484 0.144531 0.265625 0.144531 0.263672 0.146484 0.261719 0.146484 0.240234 0.144531 0.238281 0.144531 0.236328 0.140625 0.232422 0.138672 0.232422 0.136719 0.230469 0.136719 0.228516 0.132812 0.224609 0.132812 0.222656 0.128906 0.218750 0.128906 0.216797 0.126953 0.214844 0.125000 0.214844 0.123047 0.212891
0 0.683594 0.234375 0.681641 0.236328 0.671875 0.236328 0.669922 0.238281 0.667969 0.238281 0.662109 0.244141 0.662109 0.246094 0.658203 0.250000 0.658203 0.251953 0.656250 0.253906 0.656250 0.267578 0.658203 0.269531 0.658203 0.273438 0.660156 0.275391 0.660156 0.277344 0.664062 0.281250 0.664062 0.283203 0.666016 0.283203 0.669922 0.287109 0.673828 0.287109 0.675781 0.289062 0.679688 0.289062 0.681641 0.291016 0.697266 0.291016 0.699219 0.289062 0.701172 0.289062 0.701172 0.287109 0.707031 0.281250 0.707031 0.279297 0.708984 0.277344 0.708984 0.275391 0.710938 0.273438 0.710938 0.271484 0.712891 0.269531 0.712891 0.248047 0.708984 0.244141 0.708984 0.242188 0.707031 0.240234 0.705078 0.240234 0.703125 0.238281 0.701172 0.238281 0.699219 0.236328 0.693359 0.236328 0.691406 0.234375
0 0.068359 0.232422 0.066406 0.234375 0.062500 0.234375 0.054688 0.242188 0.052734 0.242188 0.052734 0.244141 0.048828 0.248047 0.048828 0.250000 0.046875 0.251953 0.046875 0.273438 0.048828 0.275391 0.048828 0.281250 0.050781 0.283203 0.050781 0.285156 0.058594 0.292969 0.060547 0.292969 0.064453 0.296875 0.066406 0.296875 0.068359 0.298828 0.085938 0.298828 0.087891 0.296875 0.089844 0.296875 0.095703 0.291016 0.095703 0.289062 0.097656 0.287109 0.097656 0.255859 0.095703 0.253906 0.095703 0.246094 0.093750 0.244141 0.093750 0.242188 0.087891 0.236328 0.085938 0.236328 0.083984 0.234375 0.080078 0.234375 0.078125 0.232422
0 0.292969 0.255859 0.291016 0.257812 0.281250 0.257812 0.279297 0.259766 0.275391 0.259766 0.275391 0.261719 0.273438 0.263672 0.273438 0.267578 0.271484 0.269531 0.271484 0.296875 0.273438 0.298828 0.273438 0.300781 0.277344 0.304688 0.277344 0.306641 0.279297 0.306641 0.281250 0.308594 0.289062 0.308594 0.291016 0.310547 0.308594 0.310547 0.310547 0.308594 0.316406 0.308594 0.318359 0.306641 0.320312 0.306641 0.324219 0.302734 0.324219 0.300781 0.326172 0.298828 0.326172 0.271484 0.324219 0.269531 0.324219 0.265625 0.320312 0.261719 0.318359 0.261719 0.314453 0.257812 0.308594 0.257812 0.306641 0.255859
0 0.617188 0.271484 0.615234 0.273438 0.611328 0.273438 0.609375 0.275391 0.605469 0.275391 0.603516 0.277344 0.601562 0.277344 0.595703 0.283203 0.595703 0.285156 0.593750 0.287109 0.593750 0.314453 0.595703 0.316406 0.595703 0.322266 0.603516 0.330078 0.605469 0.330078 0.607422 0.332031 0.609375 0.332031 0.611328 0.333984 0.625000 0.333984 0.626953 0.332031 0.634766 0.332031 0.636719 0.330078 0.640625 0.330078 0.642578 0.328125 0.642578 0.326172 0.644531 0.324219 0.644531 0.322266 0.646484 0.320312 0.646484 0.306641 0.644531 0.304688 0.644531 0.296875 0.642578 0.294922 0.642578 0.289062 0.640625 0.287109 0.640625 0.285156 0.638672 0.283203 0.638672 0.281250 0.636719 0.279297 0.636719 0.277344 0.632812 0.273438 0.630859 0.273438 0.628906 0.271484
0 0.445312 0.324219 0.443359 0.326172 0.435547 0.326172 0.433594 0.328125 0.431641 0.328125 0.429688 0.330078 0.429688 0.332031 0.421875 0.339844 0.423828 0.341797 0.423828 0.345703 0.425781 0.347656 0.425781 0.355469 0.427734 0.357422 0.439453 0.357422 0.441406 0.359375 0.447266 0.359375 0.449219 0.361328 0.453125 0.361328 0.455078 0.363281 0.457031 0.363281 0.458984 0.361328 0.458984 0.359375 0.460938 0.357422 0.462891 0.357422 0.464844 0.355469 0.466797 0.355469 0.468750 0.353516 0.478516 0.353516 0.480469 0.355469 0.482422 0.355469 0.488281 0.349609 0.488281 0.347656 0.490234 0.345703 0.490234 0.337891 0.488281 0.335938 0.488281 0.333984 0.486328 0.332031 0.486328 0.330078 0.482422 0.326172 0.476562 0.326172 0.474609 0.324219
0 0.068359 0.322266 0.066406 0.324219 0.064453 0.324219 0.062500 0.326172 0.060547 0.326172 0.056641 0.330078 0.056641 0.359375 0.058594 0.361328 0.058594 0.365234 0.060547 0.367188 0.060547 0.369141 0.062500 0.369141 0.064453 0.371094 0.068359 0.371094 0.070312 0.373047 0.078125 0.373047 0.080078 0.375000 0.095703 0.375000 0.097656 0.373047 0.099609 0.373047 0.103516 0.369141 0.103516 0.367188 0.107422 0.363281 0.107422 0.361328 0.109375 0.359375 0.109375 0.343750 0.107422 0.341797 0.107422 0.335938 0.105469 0.333984 0.105469 0.332031 0.097656 0.324219 0.095703 0.324219 0.093750 0.322266
0 0.894531 0.326172 0.892578 0.328125 0.888672 0.328125 0.886719 0.330078 0.884766 0.330078 0.882812 0.332031 0.882812 0.333984 0.880859 0.335938 0.880859 0.339844 0.878906 0.341797 0.878906 0.361328 0.882812 0.365234 0.882812 0.367188 0.884766 0.367188 0.886719 0.369141 0.886719 0.371094 0.888672 0.371094 0.894531 0.376953 0.896484 0.376953 0.898438 0.378906 0.900391 0.378906 0.902344 0.380859 0.912109 0.380859 0.914062 0.378906 0.916016 0.378906 0.916016 0.376953 0.919922 0.373047 0.919922 0.371094 0.923828 0.367188 0.923828 0.365234 0.925781 0.363281 0.927734 0.363281 0.931641 0.359375 0.931641 0.341797 0.929688 0.339844 0.929688 0.337891 0.927734 0.335938 0.927734 0.333984 0.925781 0.333984 0.923828 0.332031 0.921875 0.332031 0.919922 0.330078 0.917969 0.330078 0.914062 0.326172
0 0.400391 0.330078 0.398438 0.332031 0.394531 0.332031 0.392578 0.333984 0.386719 0.333984 0.378906 0.341797 0.378906 0.347656 0.376953 0.349609 0.376953 0.363281 0.378906 0.365234 0.378906 0.371094 0.380859 0.373047 0.380859 0.376953 0.390625 0.386719 0.392578 0.386719 0.394531 0.388672 0.396484 0.388672 0.398438 0.390625 0.414062 0.390625 0.416016 0.388672 0.417969 0.388672 0.419922 0.386719 0.421875 0.386719 0.425781 0.382812 0.425781 0.380859 0.427734 0.378906 0.427734 0.367188 0.425781 0.365234 0.425781 0.357422 0.423828 0.355469 0.423828 0.347656 0.421875 0.345703 0.421875 0.341797 0.419922 0.339844 0.419922 0.337891 0.412109 0.330078
0 0.689453 0.337891 0.687500 0.339844 0.685547 0.339844 0.683594 0.341797 0.681641 0.341797 0.679688 0.343750 0.677734 0.343750 0.673828 0.347656 0.673828 0.349609 0.671875 0.351562 0.671875 0.353516 0.669922 0.355469 0.669922 0.376953 0.671875 0.378906 0.671875 0.380859 0.675781 0.384766 0.675781 0.386719 0.677734 0.386719 0.681641 0.390625 0.683594 0.390625 0.685547 0.392578 0.687500 0.392578 0.689453 0.394531 0.691406 0.394531 0.693359 0.396484 0.708984 0.396484 0.710938 0.394531 0.714844 0.394531 0.718750 0.390625 0.720703 0.390625 0.720703 0.388672 0.724609 0.384766 0.724609 0.382812 0.728516 0.378906 0.728516 0.357422 0.726562 0.355469 0.726562 0.353516 0.722656 0.349609 0.722656 0.347656 0.720703 0.345703 0.718750 0.345703 0.714844 0.341797 0.712891 0.341797 0.710938 0.339844 0.705078 0.339844 0.703125 0.337891
0 0.468750 0.355469 0.466797 0.357422 0.464844 0.357422 0.462891 0.359375 0.460938 0.359375 0.460938 0.361328 0.458984 0.363281 0.458984 0.382812 0.460938 0.384766 0.460938 0.388672 0.462891 0.390625 0.462891 0.392578 0.464844 0.394531 0.464844 0.396484 0.468750 0.400391 0.470703 0.400391 0.474609 0.404297 0.476562 0.404297 0.478516 0.406250 0.480469 0.406250 0.484375 0.410156 0.486328 0.410156 0.488281 0.412109 0.492188 0.412109 0.494141 0.414062 0.500000 0.414062 0.501953 0.412109 0.503906 0.412109 0.505859 0.410156 0.505859 0.408203 0.507812 0.406250 0.507812 0.404297 0.509766 0.402344 0.509766 0.398438 0.511719 0.396484 0.511719 0.390625 0.513672 0.388672 0.513672 0.382812 0.515625 0.380859 0.515625 0.373047 0.513672 0.371094 0.513672 0.367188 0.511719 0.365234 0.511719 0.363281 0.505859 0.357422 0.480469 0.357422 0.478516 0.355469
0 0.937500 0.359375 0.935547 0.361328 0.931641 0.361328 0.927734 0.365234 0.925781 0.365234 0.925781 0.367188 0.921875 0.371094 0.921875 0.373047 0.917969 0.376953 0.917969 0.378906 0.916016 0.380859 0.916016 0.400391 0.917969 0.402344 0.917969 0.408203 0.919922 0.410156 0.919922 0.412109 0.921875 0.414062 0.921875 0.416016 0.925781 0.419922 0.929688 0.419922 0.933594 0.416016 0.933594 0.414062 0.935547 0.412109 0.937500 0.412109 0.941406 0.408203 0.943359 0.408203 0.945312 0.406250 0.949219 0.406250 0.951172 0.404297 0.958984 0.404297 0.960938 0.406250 0.964844 0.406250 0.966797 0.404297 0.966797 0.396484 0.968750 0.394531 0.968750 0.376953 0.966797 0.375000 0.966797 0.369141 0.960938 0.363281 0.958984 0.363281 0.957031 0.361328 0.955078 0.361328 0.953125 0.359375
0 0.134766 0.373047 0.132812 0.375000 0.126953 0.375000 0.125000 0.376953 0.123047 0.376953 0.119141 0.380859 0.119141 0.382812 0.117188 0.384766 0.117188 0.386719 0.115234 0.388672 0.115234 0.390625 0.113281 0.392578 0.113281 0.414062 0.115234 0.416016 0.115234 0.419922 0.119141 0.423828 0.119141 0.425781 0.121094 0.425781 0.125000 0.429688 0.140625 0.429688 0.142578 0.427734 0.144531 0.427734 0.152344 0.419922 0.152344 0.417969 0.156250 0.414062 0.156250 0.412109 0.158203 0.410156 0.158203 0.408203 0.160156 0.406250 0.160156 0.392578 0.158203 0.390625 0.158203 0.384766 0.156250 0.382812 0.156250 0.380859 0.150391 0.375000 0.144531 0.375000 0.142578 0.373047
0 0.306641 0.380859 0.304688 0.382812 0.300781 0.382812 0.298828 0.384766 0.296875 0.384766 0.292969 0.388672 0.291016 0.388672 0.289062 0.390625 0.289062 0.394531 0.287109 0.396484 0.287109 0.398438 0.285156 0.400391 0.285156 0.417969 0.287109 0.419922 0.287109 0.425781 0.289062 0.427734 0.289062 0.429688 0.296875 0.437500 0.300781 0.437500 0.302734 0.439453 0.306641 0.439453 0.308594 0.441406 0.320312 0.441406 0.322266 0.439453 0.328125 0.439453 0.330078 0.437500 0.332031 0.437500 0.335938 0.433594 0.335938 0.431641 0.339844 0.427734 0.339844 0.425781 0.341797 0.423828 0.341797 0.402344 0.339844 0.400391 0.339844 0.398438 0.330078 0.388672 0.328125 0.388672 0.326172 0.386719 0.324219 0.386719 0.320312 0.382812 0.318359 0.382812 0.316406 0.380859
0 0.951172 0.406250 0.949219 0.408203 0.945312 0.408203 0.943359 0.410156 0.941406 0.410156 0.937500 0.414062 0.935547 0.414062 0.935547 0.416016 0.929688 0.421875 0.929688 0.425781 0.927734 0.427734 0.927734 0.439453 0.929688 0.441406 0.929688 0.445312 0.931641 0.445312 0.935547 0.449219 0.937500 0.449219 0.939453 0.451172 0.949219 0.451172 0.951172 0.449219 0.955078 0.449219 0.957031 0.447266 0.960938 0.447266 0.962891 0.445312 0.964844 0.445312 0.968750 0.441406 0.968750 0.439453 0.970703 0.437500 0.970703 0.435547 0.974609 0.431641 0.974609 0.417969 0.972656 0.416016 0.972656 0.414062 0.966797 0.408203 0.960938 0.408203 0.958984 0.406250
0 0.714844 0.421875 0.712891 0.423828 0.710938 0.423828 0.707031 0.427734 0.707031 0.429688 0.705078 0.431641 0.705078 0.433594 0.703125 0.435547 0.703125 0.441406 0.701172 0.443359 0.701172 0.458984 0.703125 0.460938 0.703125 0.464844 0.705078 0.466797 0.705078 0.468750 0.708984 0.472656 0.710938 0.472656 0.714844 0.476562 0.738281 0.476562 0.740234 0.474609 0.742188 0.474609 0.744141 0.472656 0.746094 0.472656 0.748047 0.470703 0.750000 0.470703 0.750000 0.468750 0.753906 0.464844 0.753906 0.462891 0.755859 0.460938 0.755859 0.451172 0.753906 0.449219 0.753906 0.441406 0.751953 0.439453 0.751953 0.437500 0.744141 0.429688 0.742188 0.429688 0.738281 0.425781 0.736328 0.425781 0.734375 0.423828 0.730469 0.423828 0.728516 0.421875
0 0.998047 0.425781 0.996094 0.427734 0.994141 0.427734 0.994141 0.429688 0.988281 0.435547 0.988281 0.437500 0.986328 0.439453 0.986328 0.441406 0.984375 0.443359 0.984375 0.445312 0.982422 0.447266 0.982422 0.460938 0.992188 0.470703 0.994141 0.470703 0.996094 0.472656 0.998047 0.470703
0 0.515625 0.417969 0.513672 0.419922 0.511719 0.419922 0.507812 0.423828 0.507812 0.429688 0.511719 0.433594 0.513672 0.433594 0.521484 0.441406 0.521484 0.443359 0.523438 0.445312 0.523438 0.449219 0.525391 0.451172 0.525391 0.453125 0.527344 0.455078 0.527344 0.457031 0.529297 0.458984 0.529297 0.464844 0.531250 0.466797 0.531250 0.470703 0.533203 0.472656 0.533203 0.484375 0.535156 0.486328 0.535156 0.488281 0.548828 0.488281 0.548828 0.486328 0.550781 0.484375 0.550781 0.478516 0.552734 0.476562 0.552734 0.472656 0.554688 0.470703 0.554688 0.443359 0.552734 0.441406 0.552734 0.437500 0.550781 0.435547 0.550781 0.431641 0.548828 0.429688 0.548828 0.427734 0.546875 0.425781 0.546875 0.423828 0.542969 0.419922 0.537109 0.419922 0.535156 0.417969
0 0.445312 0.425781 0.443359 0.427734 0.443359 0.429688 0.437500 0.435547 0.437500 0.437500 0.435547 0.439453 0.435547 0.443359 0.433594 0.445312 0.433594 0.447266 0.431641 0.449219 0.431641 0.460938 0.433594 0.462891 0.433594 0.466797 0.435547 0.468750 0.435547 0.472656 0.437500 0.474609 0.437500 0.476562 0.443359 0.482422 0.443359 0.484375 0.447266 0.488281 0.449219 0.488281 0.455078 0.494141 0.457031 0.494141 0.462891 0.500000 0.464844 0.500000 0.468750 0.503906 0.472656 0.503906 0.474609 0.505859 0.478516 0.505859 0.480469 0.507812 0.484375 0.507812 0.486328 0.509766 0.492188 0.509766 0.494141 0.511719 0.498047 0.511719 0.500000 0.513672 0.505859 0.513672 0.507812 0.515625 0.511719 0.515625 0.513672 0.513672 0.519531 0.513672 0.521484 0.511719 0.521484 0.503906 0.519531 0.501953 0.519531 0.500000 0.517578 0.498047 0.517578 0.496094 0.511719 0.490234 0.511719 0.488281 0.509766 0.486328 0.509766 0.484375 0.507812 0.484375 0.505859 0.482422 0.505859 0.480469 0.503906 0.478516 0.503906 0.476562 0.500000 0.472656 0.498047 0.472656 0.492188 0.466797 0.492188 0.464844 0.482422 0.455078 0.482422 0.453125 0.478516 0.449219 0.478516 0.447266 0.474609 0.443359 0.474609 0.441406 0.470703 0.437500 0.470703 0.435547 0.462891 0.427734 0.460938 0.427734 0.458984 0.425781
0 0.812500 0.451172 0.810547 0.453125 0.808594 0.453125 0.806641 0.455078 0.804688 0.455078 0.802734 0.457031 0.798828 0.457031 0.794922 0.460938 0.794922 0.464844 0.792969 0.466797 0.792969 0.484375 0.794922 0.486328 0.794922 0.490234 0.796875 0.492188 0.796875 0.496094 0.798828 0.498047 0.798828 0.500000 0.804688 0.505859 0.806641 0.505859 0.808594 0.507812 0.812500 0.507812 0.814453 0.509766 0.818359 0.509766 0.820312 0.511719 0.826172 0.511719 0.828125 0.509766 0.832031 0.509766 0.832031 0.507812 0.833984 0.505859 0.833984 0.496094 0.835938 0.494141 0.835938 0.488281 0.837891 0.486328 0.837891 0.482422 0.839844 0.480469 0.839844 0.476562 0.841797 0.474609 0.841797 0.468750 0.839844 0.466797 0.839844 0.462891 0.837891 0.460938 0.837891 0.458984 0.833984 0.455078 0.832031 0.455078 0.828125 0.451172
0 0.861328 0.468750 0.859375 0.470703 0.857422 0.470703 0.853516 0.474609 0.853516 0.478516 0.851562 0.480469 0.851562 0.509766 0.859375 0.517578 0.861328 0.517578 0.865234 0.521484 0.882812 0.521484 0.884766 0.519531 0.886719 0.519531 0.888672 0.517578 0.890625 0.517578 0.896484 0.511719 0.896484 0.507812 0.898438 0.505859 0.898438 0.486328 0.894531 0.482422 0.894531 0.480469 0.886719 0.472656 0.884766 0.472656 0.880859 0.468750
0 0.033203 0.476562 0.031250 0.478516 0.025391 0.478516 0.023438 0.480469 0.021484 0.480469 0.015625 0.486328 0.013672 0.486328 0.011719 0.488281 0.011719 0.490234 0.009766 0.492188 0.009766 0.494141 0.007812 0.496094 0.007812 0.503906 0.005859 0.505859 0.005859 0.517578 0.007812 0.519531 0.007812 0.525391 0.009766 0.527344 0.009766 0.529297 0.011719 0.531250 0.011719 0.533203 0.013672 0.535156 0.013672 0.537109 0.015625 0.537109 0.017578 0.539062 0.019531 0.539062 0.021484 0.541016 0.025391 0.541016 0.027344 0.542969 0.035156 0.542969 0.037109 0.541016 0.041016 0.541016 0.042969 0.539062 0.044922 0.539062 0.050781 0.533203 0.050781 0.531250 0.052734 0.529297 0.052734 0.527344 0.054688 0.525391 0.054688 0.523438 0.056641 0.521484 0.056641 0.515625 0.058594 0.513672 0.058594 0.488281 0.054688 0.484375 0.054688 0.482422 0.050781 0.478516 0.048828 0.478516 0.046875 0.476562
0 0.175781 0.488281 0.173828 0.490234 0.171875 0.490234 0.169922 0.492188 0.167969 0.492188 0.162109 0.498047 0.162109 0.500000 0.160156 0.501953 0.160156 0.509766 0.158203 0.511719 0.158203 0.523438 0.160156 0.525391 0.160156 0.527344 0.162109 0.529297 0.162109 0.533203 0.173828 0.544922 0.177734 0.544922 0.179688 0.546875 0.191406 0.546875 0.193359 0.544922 0.199219 0.544922 0.201172 0.542969 0.203125 0.542969 0.208984 0.537109 0.208984 0.535156 0.210938 0.533203 0.210938 0.531250 0.212891 0.529297 0.212891 0.513672 0.210938 0.511719 0.210938 0.507812 0.208984 0.505859 0.208984 0.503906 0.207031 0.501953 0.207031 0.500000 0.203125 0.496094 0.203125 0.494141 0.199219 0.490234 0.197266 0.490234 0.195312 0.488281
0 0.312500 0.519531 0.306641 0.525391 0.306641 0.531250 0.304688 0.533203 0.304688 0.552734 0.306641 0.554688 0.306641 0.560547 0.308594 0.562500 0.308594 0.564453 0.314453 0.570312 0.316406 0.570312 0.320312 0.574219 0.322266 0.574219 0.324219 0.576172 0.326172 0.576172 0.328125 0.578125 0.332031 0.578125 0.333984 0.580078 0.341797 0.580078 0.343750 0.578125 0.349609 0.578125 0.351562 0.576172 0.353516 0.576172 0.357422 0.572266 0.357422 0.570312 0.363281 0.564453 0.363281 0.562500 0.365234 0.560547 0.365234 0.546875 0.363281 0.544922 0.363281 0.537109 0.359375 0.533203 0.359375 0.531250 0.353516 0.525391 0.349609 0.525391 0.347656 0.523438 0.341797 0.523438 0.339844 0.521484 0.333984 0.521484 0.332031 0.519531
0 0.710938 0.535156 0.708984 0.537109 0.705078 0.537109 0.703125 0.539062 0.701172 0.539062 0.689453 0.550781 0.689453 0.552734 0.685547 0.556641 0.685547 0.558594 0.683594 0.560547 0.683594 0.572266 0.685547 0.574219 0.685547 0.576172 0.687500 0.578125 0.689453 0.578125 0.697266 0.570312 0.699219 0.570312 0.701172 0.568359 0.707031 0.568359 0.708984 0.566406 0.732422 0.566406 0.736328 0.570312 0.742188 0.564453 0.742188 0.562500 0.748047 0.556641 0.748047 0.548828 0.746094 0.546875 0.746094 0.544922 0.744141 0.542969 0.744141 0.541016 0.742188 0.539062 0.740234 0.539062 0.738281 0.537109 0.734375 0.537109 0.732422 0.535156
0 0.605469 0.546875 0.603516 0.548828 0.593750 0.548828 0.589844 0.552734 0.589844 0.556641 0.587891 0.558594 0.587891 0.568359 0.589844 0.570312 0.589844 0.578125 0.591797 0.580078 0.591797 0.583984 0.595703 0.587891 0.595703 0.589844 0.599609 0.593750 0.601562 0.593750 0.605469 0.597656 0.607422 0.597656 0.609375 0.599609 0.626953 0.599609 0.628906 0.597656 0.634766 0.597656 0.636719 0.595703 0.638672 0.595703 0.640625 0.593750 0.642578 0.593750 0.642578 0.589844 0.644531 0.587891 0.644531 0.572266 0.642578 0.570312 0.642578 0.564453 0.640625 0.562500 0.640625 0.560547 0.636719 0.556641 0.636719 0.554688 0.632812 0.550781 0.630859 0.550781 0.628906 0.548828 0.626953 0.548828 0.625000 0.546875
0 0.443359 0.558594 0.441406 0.560547 0.439453 0.560547 0.435547 0.564453 0.435547 0.566406 0.433594 0.568359 0.433594 0.570312 0.431641 0.572266 0.431641 0.574219 0.429688 0.576172 0.429688 0.593750 0.431641 0.595703 0.431641 0.601562 0.433594 0.603516 0.433594 0.605469 0.435547 0.603516 0.437500 0.603516 0.439453 0.601562 0.443359 0.601562 0.445312 0.599609 0.451172 0.599609 0.453125 0.597656 0.470703 0.597656 0.482422 0.609375 0.484375 0.607422 0.484375 0.605469 0.486328 0.603516 0.486328 0.582031 0.484375 0.580078 0.484375 0.576172 0.482422 0.574219 0.482422 0.572266 0.470703 0.560547 0.462891 0.560547 0.460938 0.558594
0 0.708984 0.568359 0.707031 0.570312 0.701172 0.570312 0.699219 0.572266 0.697266 0.572266 0.689453 0.580078 0.689453 0.582031 0.687500 0.583984 0.687500 0.597656 0.689453 0.599609 0.689453 0.603516 0.691406 0.605469 0.691406 0.609375 0.693359 0.611328 0.693359 0.613281 0.697266 0.617188 0.697266 0.619141 0.699219 0.621094 0.701172 0.621094 0.703125 0.623047 0.707031 0.623047 0.708984 0.625000 0.722656 0.625000 0.724609 0.623047 0.726562 0.623047 0.728516 0.621094 0.730469 0.621094 0.732422 0.619141 0.734375 0.619141 0.742188 0.611328 0.742188 0.609375 0.744141 0.607422 0.744141 0.605469 0.746094 0.603516 0.746094 0.593750 0.744141 0.591797 0.744141 0.585938 0.742188 0.583984 0.742188 0.578125 0.738281 0.574219 0.738281 0.572266 0.736328 0.572266 0.732422 0.568359
0 0.207031 0.570312 0.205078 0.572266 0.203125 0.572266 0.199219 0.576172 0.197266 0.576172 0.197266 0.578125 0.193359 0.582031 0.193359 0.583984 0.189453 0.587891 0.189453 0.589844 0.185547 0.593750 0.185547 0.595703 0.183594 0.597656 0.183594 0.621094 0.193359 0.630859 0.199219 0.630859 0.201172 0.632812 0.205078 0.632812 0.207031 0.634766 0.220703 0.634766 0.222656 0.632812 0.228516 0.632812 0.236328 0.625000 0.236328 0.623047 0.240234 0.619141 0.240234 0.615234 0.242188 0.613281 0.242188 0.609375 0.244141 0.607422 0.244141 0.589844 0.242188 0.587891 0.242188 0.583984 0.240234 0.582031 0.240234 0.580078 0.236328 0.576172 0.234375 0.576172 0.230469 0.572266 0.226562 0.572266 0.224609 0.570312
0 0.773438 0.576172 0.771484 0.578125 0.769531 0.578125 0.767578 0.580078 0.767578 0.585938 0.765625 0.587891 0.765625 0.605469 0.767578 0.607422 0.767578 0.613281 0.769531 0.615234 0.769531 0.619141 0.771484 0.621094 0.771484 0.623047 0.773438 0.625000 0.773438 0.626953 0.775391 0.626953 0.777344 0.628906 0.779297 0.628906 0.781250 0.630859 0.783203 0.630859 0.785156 0.632812 0.787109 0.632812 0.789062 0.630859 0.791016 0.630859 0.794922 0.626953 0.794922 0.625000 0.800781 0.619141 0.800781 0.615234 0.802734 0.613281 0.802734 0.603516 0.800781 0.601562 0.800781 0.597656 0.798828 0.595703 0.798828 0.593750 0.796875 0.591797 0.796875 0.589844 0.792969 0.585938 0.792969 0.583984 0.789062 0.580078 0.789062 0.578125 0.787109 0.576172
0 0.523438 0.587891 0.521484 0.589844 0.517578 0.589844 0.509766 0.597656 0.509766 0.615234 0.511719 0.617188 0.511719 0.619141 0.513672 0.621094 0.513672 0.623047 0.525391 0.634766 0.527344 0.634766 0.529297 0.636719 0.533203 0.636719 0.535156 0.638672 0.539062 0.638672 0.541016 0.640625 0.552734 0.640625 0.554688 0.638672 0.556641 0.638672 0.562500 0.632812 0.562500 0.630859 0.564453 0.628906 0.564453 0.626953 0.566406 0.625000 0.566406 0.613281 0.564453 0.611328 0.564453 0.609375 0.562500 0.607422 0.560547 0.607422 0.558594 0.605469 0.558594 0.603516 0.554688 0.599609 0.554688 0.597656 0.550781 0.593750 0.550781 0.591797 0.548828 0.589844 0.546875 0.589844 0.544922 0.587891
0 0.453125 0.599609 0.451172 0.601562 0.445312 0.601562 0.443359 0.603516 0.439453 0.603516 0.437500 0.605469 0.435547 0.605469 0.435547 0.607422 0.431641 0.611328 0.431641 0.613281 0.429688 0.615234 0.429688 0.625000 0.431641 0.626953 0.431641 0.636719 0.433594 0.638672 0.433594 0.642578 0.443359 0.652344 0.445312 0.652344 0.447266 0.654297 0.449219 0.654297 0.451172 0.656250 0.468750 0.656250 0.470703 0.654297 0.472656 0.654297 0.474609 0.652344 0.476562 0.652344 0.478516 0.650391 0.478516 0.648438 0.482422 0.644531 0.482422 0.638672 0.484375 0.636719 0.484375 0.621094 0.482422 0.619141 0.482422 0.611328 0.470703 0.599609
0 0.867188 0.607422 0.863281 0.611328 0.861328 0.611328 0.861328 0.613281 0.853516 0.621094 0.853516 0.630859 0.875000 0.630859 0.876953 0.632812 0.882812 0.632812 0.884766 0.634766 0.886719 0.634766 0.896484 0.644531 0.900391 0.644531 0.902344 0.642578 0.904297 0.642578 0.906250 0.640625 0.906250 0.638672 0.910156 0.634766 0.910156 0.626953 0.908203 0.625000 0.908203 0.621094 0.906250 0.619141 0.906250 0.617188 0.902344 0.613281 0.900391 0.613281 0.898438 0.611328 0.894531 0.611328 0.892578 0.609375 0.884766 0.609375 0.882812 0.607422
0 0.089844 0.601562 0.087891 0.603516 0.085938 0.603516 0.083984 0.605469 0.082031 0.605469 0.074219 0.613281 0.072266 0.613281 0.072266 0.619141 0.070312 0.621094 0.070312 0.638672 0.072266 0.640625 0.072266 0.644531 0.074219 0.646484 0.074219 0.648438 0.076172 0.650391 0.078125 0.650391 0.080078 0.652344 0.082031 0.652344 0.083984 0.654297 0.087891 0.654297 0.089844 0.656250 0.099609 0.656250 0.101562 0.654297 0.107422 0.654297 0.109375 0.652344 0.111328 0.652344 0.113281 0.650391 0.115234 0.650391 0.115234 0.648438 0.117188 0.646484 0.117188 0.644531 0.121094 0.640625 0.121094 0.638672 0.123047 0.636719 0.123047 0.621094 0.121094 0.619141 0.121094 0.617188 0.119141 0.615234 0.119141 0.613281 0.109375 0.603516 0.105469 0.603516 0.103516 0.601562
0 0.365234 0.619141 0.363281 0.621094 0.357422 0.621094 0.355469 0.623047 0.353516 0.623047 0.347656 0.628906 0.347656 0.632812 0.345703 0.634766 0.345703 0.636719 0.343750 0.638672 0.343750 0.640625 0.341797 0.642578 0.341797 0.648438 0.339844 0.650391 0.339844 0.664062 0.341797 0.666016 0.341797 0.669922 0.347656 0.675781 0.351562 0.675781 0.353516 0.677734 0.359375 0.677734 0.361328 0.679688 0.378906 0.679688 0.380859 0.677734 0.384766 0.677734 0.388672 0.673828 0.390625 0.673828 0.392578 0.671875 0.394531 0.671875 0.396484 0.669922 0.396484 0.667969 0.398438 0.666016 0.398438 0.662109 0.400391 0.660156 0.400391 0.654297 0.398438 0.652344 0.398438 0.638672 0.394531 0.634766 0.394531 0.632812 0.384766 0.623047 0.382812 0.623047 0.380859 0.621094 0.378906 0.621094 0.376953 0.619141
0 0.851562 0.632812 0.849609 0.634766 0.847656 0.634766 0.845703 0.636719 0.845703 0.638672 0.843750 0.640625 0.843750 0.642578 0.841797 0.644531 0.841797 0.646484 0.837891 0.650391 0.837891 0.669922 0.839844 0.671875 0.839844 0.673828 0.841797 0.675781 0.841797 0.677734 0.843750 0.679688 0.843750 0.681641 0.845703 0.683594 0.847656 0.683594 0.855469 0.691406 0.878906 0.691406 0.880859 0.689453 0.882812 0.689453 0.884766 0.687500 0.884766 0.685547 0.886719 0.683594 0.886719 0.681641 0.888672 0.679688 0.888672 0.677734 0.890625 0.675781 0.890625 0.673828 0.892578 0.671875 0.892578 0.669922 0.894531 0.667969 0.894531 0.662109 0.896484 0.660156 0.896484 0.648438 0.894531 0.646484 0.894531 0.644531 0.886719 0.636719 0.884766 0.636719 0.882812 0.634766 0.876953 0.634766 0.875000 0.632812
0 0.800781 0.681641 0.796875 0.685547 0.796875 0.687500 0.789062 0.695312 0.789062 0.697266 0.787109 0.699219 0.787109 0.701172 0.785156 0.703125 0.785156 0.714844 0.787109 0.716797 0.787109 0.722656 0.789062 0.724609 0.789062 0.726562 0.794922 0.732422 0.796875 0.732422 0.800781 0.736328 0.802734 0.736328 0.804688 0.738281 0.814453 0.738281 0.816406 0.736328 0.818359 0.736328 0.830078 0.724609 0.830078 0.722656 0.833984 0.718750 0.833984 0.716797 0.835938 0.714844 0.835938 0.712891 0.839844 0.708984 0.839844 0.697266 0.837891 0.695312 0.837891 0.693359 0.832031 0.687500 0.830078 0.687500 0.826172 0.683594 0.822266 0.683594 0.820312 0.681641
0 0.130859 0.681641 0.128906 0.683594 0.123047 0.683594 0.121094 0.685547 0.117188 0.685547 0.113281 0.689453 0.111328 0.689453 0.107422 0.693359 0.107422 0.695312 0.101562 0.701172 0.101562 0.724609 0.103516 0.726562 0.103516 0.728516 0.105469 0.730469 0.105469 0.732422 0.107422 0.734375 0.107422 0.736328 0.109375 0.738281 0.111328 0.738281 0.121094 0.748047 0.128906 0.748047 0.130859 0.750000 0.134766 0.750000 0.134766 0.746094 0.132812 0.744141 0.132812 0.726562 0.134766 0.724609 0.134766 0.720703 0.136719 0.718750 0.136719 0.714844 0.138672 0.712891 0.138672 0.710938 0.140625 0.708984 0.140625 0.707031 0.142578 0.705078 0.142578 0.703125 0.150391 0.695312 0.150391 0.691406 0.148438 0.691406 0.142578 0.685547 0.140625 0.685547 0.136719 0.681641
0 0.158203 0.693359 0.156250 0.695312 0.152344 0.695312 0.144531 0.703125 0.144531 0.705078 0.142578 0.707031 0.142578 0.708984 0.140625 0.710938 0.140625 0.712891 0.138672 0.714844 0.138672 0.718750 0.136719 0.720703 0.136719 0.724609 0.134766 0.726562 0.134766 0.744141 0.136719 0.746094 0.136719 0.751953 0.144531 0.759766 0.166016 0.759766 0.167969 0.757812 0.175781 0.757812 0.177734 0.755859 0.183594 0.755859 0.185547 0.753906 0.187500 0.753906 0.187500 0.748047 0.189453 0.746094 0.189453 0.742188 0.191406 0.740234 0.191406 0.738281 0.193359 0.736328 0.193359 0.734375 0.195312 0.732422 0.195312 0.728516 0.191406 0.724609 0.191406 0.720703 0.189453 0.718750 0.189453 0.716797 0.187500 0.714844 0.187500 0.712891 0.177734 0.703125 0.175781 0.703125 0.169922 0.697266 0.167969 0.697266 0.164062 0.693359
0 0.259766 0.707031 0.255859 0.710938 0.253906 0.710938 0.253906 0.712891 0.250000 0.716797 0.250000 0.718750 0.246094 0.722656 0.246094 0.726562 0.244141 0.728516 0.244141 0.730469 0.242188 0.732422 0.242188 0.742188 0.244141 0.744141 0.244141 0.750000 0.246094 0.751953 0.246094 0.757812 0.257812 0.769531 0.261719 0.769531 0.263672 0.771484 0.267578 0.771484 0.269531 0.773438 0.287109 0.773438 0.298828 0.761719 0.298828 0.759766 0.302734 0.755859 0.302734 0.750000 0.304688 0.748047 0.304688 0.738281 0.302734 0.736328 0.302734 0.728516 0.298828 0.724609 0.298828 0.720703 0.289062 0.710938 0.287109 0.710938 0.285156 0.708984 0.281250 0.708984 0.279297 0.707031
0 0.849609 0.714844 0.845703 0.718750 0.845703 0.720703 0.839844 0.726562 0.839844 0.728516 0.833984 0.734375 0.833984 0.736328 0.826172 0.744141 0.824219 0.744141 0.822266 0.746094 0.822266 0.748047 0.820312 0.750000 0.820312 0.757812 0.822266 0.759766 0.822266 0.761719 0.828125 0.767578 0.830078 0.767578 0.832031 0.769531 0.833984 0.769531 0.837891 0.773438 0.839844 0.773438 0.841797 0.775391 0.853516 0.775391 0.855469 0.773438 0.861328 0.773438 0.865234 0.769531 0.869141 0.769531 0.875000 0.763672 0.876953 0.763672 0.878906 0.761719 0.880859 0.761719 0.884766 0.757812 0.884766 0.734375 0.882812 0.732422 0.882812 0.730469 0.869141 0.716797 0.867188 0.716797 0.865234 0.714844
0 0.210938 0.720703 0.207031 0.724609 0.205078 0.724609 0.203125 0.726562 0.201172 0.726562 0.199219 0.728516 0.199219 0.730469 0.195312 0.734375 0.195312 0.736328 0.193359 0.738281 0.193359 0.740234 0.191406 0.742188 0.191406 0.746094 0.189453 0.748047 0.189453 0.765625 0.191406 0.767578 0.191406 0.769531 0.195312 0.773438 0.197266 0.773438 0.199219 0.775391 0.203125 0.775391 0.205078 0.777344 0.220703 0.777344 0.222656 0.775391 0.226562 0.775391 0.228516 0.773438 0.230469 0.773438 0.234375 0.769531 0.234375 0.740234 0.232422 0.738281 0.232422 0.734375 0.230469 0.732422 0.230469 0.730469 0.226562 0.726562 0.224609 0.726562 0.222656 0.724609 0.222656 0.722656 0.220703 0.722656 0.218750 0.720703
0 0.603516 0.769531 0.601562 0.771484 0.599609 0.771484 0.597656 0.773438 0.595703 0.773438 0.593750 0.775391 0.591797 0.775391 0.583984 0.783203 0.583984 0.785156 0.582031 0.787109 0.582031 0.812500 0.583984 0.814453 0.583984 0.818359 0.591797 0.826172 0.591797 0.828125 0.593750 0.830078 0.595703 0.830078 0.599609 0.833984 0.609375 0.833984 0.611328 0.832031 0.615234 0.832031 0.617188 0.830078 0.619141 0.830078 0.623047 0.826172 0.623047 0.824219 0.625000 0.822266 0.625000 0.820312 0.626953 0.818359 0.626953 0.816406 0.628906 0.814453 0.628906 0.812500 0.630859 0.810547 0.630859 0.806641 0.632812 0.804688 0.632812 0.794922 0.630859 0.792969 0.630859 0.783203 0.626953 0.779297 0.626953 0.777344 0.619141 0.769531
0 0.222656 0.777344 0.218750 0.781250 0.216797 0.781250 0.212891 0.785156 0.212891 0.787109 0.208984 0.791016 0.208984 0.792969 0.207031 0.794922 0.207031 0.808594 0.208984 0.810547 0.208984 0.818359 0.212891 0.822266 0.212891 0.824219 0.218750 0.830078 0.234375 0.830078 0.236328 0.828125 0.240234 0.828125 0.242188 0.826172 0.248047 0.826172 0.253906 0.820312 0.253906 0.816406 0.255859 0.814453 0.255859 0.796875 0.253906 0.794922 0.253906 0.792969 0.251953 0.791016 0.251953 0.789062 0.242188 0.779297 0.240234 0.779297 0.238281 0.777344
0 0.000000 0.787109 0.000000 0.833984 0.001953 0.832031 0.003906 0.832031 0.007812 0.828125 0.007812 0.826172 0.011719 0.822266 0.011719 0.818359 0.013672 0.816406 0.013672 0.802734 0.011719 0.800781 0.011719 0.798828 0.007812 0.794922 0.007812 0.792969 0.005859 0.792969 0.003906 0.791016 0.003906 0.789062 0.001953 0.789062
0 0.703125 0.794922 0.701172 0.796875 0.693359 0.796875 0.687500 0.802734 0.685547 0.802734 0.685547 0.804688 0.683594 0.806641 0.683594 0.810547 0.681641 0.812500 0.681641 0.828125 0.683594 0.830078 0.683594 0.833984 0.685547 0.835938 0.685547 0.837891 0.691406 0.843750 0.691406 0.845703 0.697266 0.851562 0.701172 0.851562 0.703125 0.853516 0.705078 0.853516 0.707031 0.855469 0.714844 0.855469 0.716797 0.857422 0.728516 0.857422 0.730469 0.855469 0.736328 0.855469 0.742188 0.849609 0.742188 0.839844 0.740234 0.837891 0.740234 0.832031 0.738281 0.830078 0.738281 0.822266 0.736328 0.820312 0.736328 0.814453 0.734375 0.812500 0.734375 0.806641 0.732422 0.804688 0.732422 0.802734 0.730469 0.800781 0.730469 0.798828 0.726562 0.794922
0 0.935547 0.818359 0.933594 0.820312 0.927734 0.820312 0.925781 0.822266 0.923828 0.822266 0.921875 0.824219 0.919922 0.824219 0.912109 0.832031 0.912109 0.849609 0.914062 0.851562 0.914062 0.853516 0.927734 0.867188 0.929688 0.867188 0.931641 0.869141 0.953125 0.869141 0.955078 0.867188 0.958984 0.867188 0.966797 0.859375 0.966797 0.857422 0.968750 0.855469 0.968750 0.841797 0.966797 0.839844 0.966797 0.837891 0.951172 0.822266 0.947266 0.822266 0.945312 0.820312 0.939453 0.820312 0.937500 0.818359
0 0.986328 0.820312 0.984375 0.822266 0.982422 0.822266 0.976562 0.828125 0.976562 0.830078 0.972656 0.833984 0.972656 0.847656 0.974609 0.849609 0.974609 0.851562 0.976562 0.853516 0.976562 0.855469 0.982422 0.861328 0.982422 0.863281 0.984375 0.863281 0.992188 0.871094 0.994141 0.871094 0.996094 0.869141 0.998047 0.869141 0.998047 0.820312
0 0.357422 0.818359 0.355469 0.820312 0.349609 0.820312 0.347656 0.822266 0.343750 0.822266 0.341797 0.824219 0.341797 0.826172 0.335938 0.832031 0.335938 0.833984 0.333984 0.835938 0.333984 0.837891 0.330078 0.841797 0.330078 0.845703 0.328125 0.847656 0.328125 0.851562 0.326172 0.853516 0.326172 0.865234 0.328125 0.867188 0.328125 0.871094 0.330078 0.873047 0.330078 0.875000 0.333984 0.878906 0.335938 0.878906 0.337891 0.880859 0.361328 0.880859 0.363281 0.878906 0.365234 0.878906 0.367188 0.876953 0.369141 0.876953 0.384766 0.861328 0.384766 0.859375 0.388672 0.855469 0.388672 0.853516 0.390625 0.851562 0.390625 0.830078 0.386719 0.826172 0.384766 0.826172 0.380859 0.822266 0.378906 0.822266 0.375000 0.818359
0 0.111328 0.837891 0.109375 0.839844 0.103516 0.839844 0.101562 0.841797 0.101562 0.843750 0.099609 0.845703 0.099609 0.847656 0.097656 0.849609 0.097656 0.851562 0.095703 0.853516 0.095703 0.869141 0.097656 0.871094 0.097656 0.873047 0.103516 0.878906 0.105469 0.878906 0.107422 0.880859 0.109375 0.880859 0.111328 0.882812 0.113281 0.882812 0.115234 0.884766 0.117188 0.884766 0.119141 0.886719 0.121094 0.886719 0.123047 0.888672 0.128906 0.888672 0.130859 0.890625 0.134766 0.890625 0.136719 0.888672 0.140625 0.888672 0.144531 0.884766 0.144531 0.880859 0.146484 0.878906 0.146484 0.857422 0.144531 0.855469 0.144531 0.851562 0.134766 0.841797 0.132812 0.841797 0.130859 0.839844 0.125000 0.839844 0.123047 0.837891
0 0.521484 0.849609 0.519531 0.851562 0.515625 0.851562 0.513672 0.853516 0.511719 0.853516 0.501953 0.863281 0.501953 0.865234 0.500000 0.867188 0.498047 0.867188 0.498047 0.869141 0.496094 0.871094 0.496094 0.873047 0.494141 0.875000 0.494141 0.882812 0.496094 0.884766 0.496094 0.890625 0.498047 0.892578 0.498047 0.894531 0.501953 0.898438 0.501953 0.900391 0.503906 0.902344 0.505859 0.902344 0.509766 0.906250 0.515625 0.906250 0.517578 0.908203 0.531250 0.908203 0.537109 0.902344 0.537109 0.900391 0.539062 0.898438 0.539062 0.896484 0.542969 0.892578 0.542969 0.890625 0.544922 0.888672 0.544922 0.869141 0.542969 0.867188 0.542969 0.861328 0.541016 0.859375 0.541016 0.857422 0.535156 0.851562 0.533203 0.851562 0.531250 0.849609
0 0.212891 0.855469 0.210938 0.857422 0.210938 0.859375 0.207031 0.863281 0.207031 0.865234 0.205078 0.867188 0.205078 0.869141 0.201172 0.873047 0.201172 0.888672 0.203125 0.890625 0.203125 0.900391 0.218750 0.916016 0.226562 0.916016 0.226562 0.912109 0.228516 0.910156 0.228516 0.908203 0.234375 0.902344 0.236328 0.902344 0.244141 0.894531 0.246094 0.894531 0.250000 0.890625 0.251953 0.890625 0.255859 0.886719 0.257812 0.886719 0.257812 0.882812 0.253906 0.878906 0.253906 0.876953 0.251953 0.875000 0.251953 0.873047 0.248047 0.869141 0.248047 0.867188 0.242188 0.861328 0.240234 0.861328 0.238281 0.859375 0.234375 0.859375 0.232422 0.857422 0.228516 0.857422 0.226562 0.855469
0 0.900391 0.869141 0.898438 0.871094 0.894531 0.871094 0.892578 0.873047 0.888672 0.873047 0.884766 0.876953 0.882812 0.876953 0.878906 0.880859 0.878906 0.882812 0.873047 0.888672 0.873047 0.890625 0.871094 0.892578 0.871094 0.896484 0.869141 0.898438 0.869141 0.910156 0.878906 0.919922 0.880859 0.919922 0.882812 0.921875 0.884766 0.921875 0.886719 0.923828 0.888672 0.923828 0.890625 0.925781 0.896484 0.925781 0.898438 0.923828 0.910156 0.923828 0.912109 0.921875 0.914062 0.921875 0.916016 0.919922 0.917969 0.919922 0.923828 0.914062 0.925781 0.914062 0.929688 0.910156 0.929688 0.908203 0.931641 0.906250 0.931641 0.904297 0.933594 0.902344 0.933594 0.886719 0.931641 0.884766 0.931641 0.882812 0.919922 0.871094 0.917969 0.871094 0.916016 0.869141
0 0.261719 0.884766 0.257812 0.888672 0.255859 0.888672 0.251953 0.892578 0.250000 0.892578 0.246094 0.896484 0.244141 0.896484 0.236328 0.904297 0.234375 0.904297 0.230469 0.908203 0.230469 0.910156 0.228516 0.912109 0.228516 0.925781 0.232422 0.929688 0.234375 0.929688 0.236328 0.931641 0.240234 0.931641 0.242188 0.933594 0.259766 0.933594 0.263672 0.929688 0.265625 0.929688 0.265625 0.927734 0.271484 0.921875 0.271484 0.919922 0.273438 0.917969 0.273438 0.916016 0.277344 0.912109 0.277344 0.898438 0.275391 0.896484 0.275391 0.892578 0.271484 0.888672 0.271484 0.886719 0.269531 0.884766
0 0.695312 0.878906 0.693359 0.880859 0.691406 0.880859 0.689453 0.882812 0.689453 0.884766 0.687500 0.886719 0.687500 0.890625 0.685547 0.892578 0.685547 0.919922 0.687500 0.921875 0.687500 0.923828 0.691406 0.927734 0.691406 0.929688 0.693359 0.929688 0.697266 0.933594 0.699219 0.933594 0.705078 0.939453 0.707031 0.939453 0.708984 0.941406 0.726562 0.941406 0.728516 0.939453 0.730469 0.939453 0.732422 0.937500 0.734375 0.937500 0.736328 0.935547 0.736328 0.933594 0.738281 0.931641 0.738281 0.929688 0.740234 0.927734 0.740234 0.896484 0.736328 0.892578 0.736328 0.890625 0.734375 0.890625 0.730469 0.886719 0.728516 0.886719 0.724609 0.882812 0.720703 0.882812 0.718750 0.880859 0.716797 0.880859 0.714844 0.878906
0 0.185547 0.898438 0.183594 0.900391 0.179688 0.900391 0.177734 0.902344 0.175781 0.902344 0.173828 0.904297 0.171875 0.904297 0.171875 0.906250 0.167969 0.910156 0.167969 0.912109 0.164062 0.916016 0.164062 0.937500 0.166016 0.939453 0.166016 0.941406 0.167969 0.943359 0.169922 0.943359 0.177734 0.951172 0.179688 0.951172 0.181641 0.953125 0.183594 0.953125 0.187500 0.957031 0.210938 0.957031 0.220703 0.947266 0.220703 0.945312 0.222656 0.943359 0.222656 0.929688 0.220703 0.927734 0.220703 0.923828 0.218750 0.921875 0.218750 0.919922 0.216797 0.917969 0.216797 0.916016 0.205078 0.904297 0.203125 0.904297 0.201172 0.902344 0.199219 0.902344 0.197266 0.900391 0.195312 0.900391 0.193359 0.898438
0 0.564453 0.904297 0.562500 0.906250 0.554688 0.906250 0.548828 0.912109 0.548828 0.914062 0.544922 0.917969 0.544922 0.941406 0.546875 0.943359 0.546875 0.947266 0.550781 0.951172 0.552734 0.951172 0.560547 0.958984 0.562500 0.958984 0.564453 0.960938 0.582031 0.960938 0.583984 0.958984 0.585938 0.958984 0.595703 0.949219 0.595703 0.947266 0.597656 0.945312 0.597656 0.937500 0.595703 0.935547 0.595703 0.919922 0.593750 0.917969 0.593750 0.916016 0.587891 0.910156 0.585938 0.910156 0.583984 0.908203 0.582031 0.908203 0.578125 0.904297
0 0.972656 0.902344 0.970703 0.904297 0.968750 0.904297 0.966797 0.906250 0.964844 0.906250 0.962891 0.908203 0.960938 0.908203 0.955078 0.914062 0.955078 0.917969 0.953125 0.919922 0.953125 0.923828 0.951172 0.925781 0.951172 0.943359 0.953125 0.945312 0.953125 0.949219 0.957031 0.953125 0.957031 0.955078 0.964844 0.962891 0.978516 0.962891 0.980469 0.960938 0.984375 0.960938 0.986328 0.958984 0.988281 0.958984 0.990234 0.957031 0.994141 0.957031 0.996094 0.955078 0.998047 0.955078 0.998047 0.908203 0.996094 0.908203 0.990234 0.902344
0 0.822266 0.917969 0.818359 0.921875 0.818359 0.923828 0.816406 0.925781 0.816406 0.931641 0.814453 0.933594 0.814453 0.955078 0.816406 0.957031 0.816406 0.958984 0.826172 0.968750 0.828125 0.968750 0.832031 0.972656 0.833984 0.972656 0.835938 0.974609 0.837891 0.974609 0.839844 0.976562 0.841797 0.976562 0.843750 0.978516 0.857422 0.978516 0.859375 0.976562 0.861328 0.976562 0.863281 0.974609 0.865234 0.974609 0.867188 0.972656 0.867188 0.970703 0.869141 0.968750 0.869141 0.966797 0.871094 0.964844 0.871094 0.960938 0.873047 0.958984 0.873047 0.945312 0.871094 0.943359 0.871094 0.937500 0.863281 0.929688 0.861328 0.929688 0.857422 0.925781 0.855469 0.925781 0.853516 0.923828 0.851562 0.923828 0.849609 0.921875 0.847656 0.921875 0.845703 0.919922 0.839844 0.919922 0.837891 0.917969
0 0.525391 0.947266 0.523438 0.949219 0.517578 0.949219 0.515625 0.951172 0.513672 0.951172 0.511719 0.953125 0.511719 0.955078 0.509766 0.957031 0.509766 0.958984 0.507812 0.960938 0.507812 0.976562 0.509766 0.978516 0.509766 0.984375 0.511719 0.986328 0.511719 0.988281 0.513672 0.990234 0.513672 0.994141 0.517578 0.998047 0.556641 0.998047 0.556641 0.994141 0.554688 0.992188 0.554688 0.984375 0.552734 0.982422 0.552734 0.980469 0.550781 0.978516 0.550781 0.972656 0.548828 0.970703 0.548828 0.966797 0.546875 0.964844 0.546875 0.960938 0.544922 0.958984 0.544922 0.955078 0.537109 0.947266
0 0.728516 0.968750 0.724609 0.972656 0.722656 0.972656 0.720703 0.974609 0.720703 0.976562 0.716797 0.980469 0.716797 0.982422 0.714844 0.984375 0.714844 0.986328 0.712891 0.988281 0.712891 0.994141 0.714844 0.996094 0.714844 0.998047 0.775391 0.998047 0.765625 0.988281 0.765625 0.986328 0.759766 0.980469 0.757812 0.980469 0.750000 0.972656 0.746094 0.972656 0.744141 0.970703 0.742188 0.970703 0.740234 0.968750
0 0.322266 0.974609 0.320312 0.976562 0.316406 0.976562 0.314453 0.978516 0.308594 0.978516 0.306641 0.980469 0.304688 0.980469 0.296875 0.988281 0.296875 0.998047 0.345703 0.998047 0.345703 0.992188 0.347656 0.990234 0.347656 0.984375 0.345703 0.982422 0.345703 0.980469 0.341797 0.976562 0.339844 0.976562 0.337891 0.974609
0 0.941406 0.992188 0.939453 0.994141 0.939453 0.996094 0.937500 0.998047 0.980469 0.998047 0.978516 0.998047 0.974609 0.994141 0.972656 0.994141 0.970703 0.992188
