0 0.966797 0.000000 0.966797 0.013672 0.968750 0.013672 0.970703 0.015625 0.970703 0.017578 0.972656 0.017578 0.974609 0.019531 0.978516 0.019531 0.980469 0.017578 0.982422 0.017578 0.984375 0.015625 0.984375 0.011719 0.986328 0.009766 0.986328 0.000000
0 0.880859 0.039062 0.878906 0.041016 0.867188 0.041016 0.865234 0.042969 0.861328 0.042969 0.853516 0.050781 0.853516 0.054688 0.851562 0.056641 0.851562 0.062500 0.849609 0.064453 0.849609 0.072266 0.853516 0.076172 0.853516 0.078125 0.855469 0.078125 0.859375 0.082031 0.863281 0.082031 0.865234 0.083984 0.882812 0.083984 0.884766 0.082031 0.886719 0.082031 0.888672 0.080078 0.890625 0.080078 0.890625 0.078125 0.894531 0.074219 0.894531 0.072266 0.896484 0.070312 0.896484 0.066406 0.898438 0.064453 0.898438 0.050781 0.896484 0.048828 0.896484 0.046875 0.894531 0.044922 0.894531 0.042969 0.890625 0.039062
0 0.478516 0.095703 0.474609 0.099609 0.474609 0.101562 0.472656 0.103516 0.472656 0.105469 0.470703 0.107422 0.470703 0.126953 0.472656 0.126953 0.474609 0.128906 0.474609 0.130859 0.476562 0.130859 0.480469 0.134766 0.498047 0.134766 0.500000 0.132812 0.501953 0.132812 0.503906 0.130859 0.505859 0.130859 0.513672 0.123047 0.513672 0.107422 0.511719 0.105469 0.507812 0.105469 0.505859 0.103516 0.501953 0.103516 0.500000 0.101562 0.496094 0.101562 0.494141 0.099609 0.490234 0.099609 0.488281 0.097656 0.484375 0.097656 0.482422 0.095703
0 0.175781 0.101562 0.171875 0.105469 0.169922 0.105469 0.166016 0.109375 0.164062 0.109375 0.160156 0.113281 0.154297 0.113281 0.154297 0.115234 0.150391 0.119141 0.150391 0.123047 0.148438 0.125000 0.148438 0.126953 0.146484 0.128906 0.146484 0.142578 0.150391 0.146484 0.150391 0.148438 0.158203 0.156250 0.164062 0.156250 0.166016 0.158203 0.171875 0.158203 0.173828 0.160156 0.179688 0.160156 0.181641 0.162109 0.185547 0.162109 0.187500 0.164062 0.201172 0.164062 0.203125 0.166016 0.208984 0.166016 0.210938 0.167969 0.228516 0.167969 0.230469 0.169922 0.251953 0.169922 0.253906 0.167969 0.253906 0.152344 0.251953 0.150391 0.251953 0.148438 0.250000 0.146484 0.250000 0.144531 0.248047 0.144531 0.246094 0.142578 0.246094 0.140625 0.242188 0.136719 0.240234 0.136719 0.236328 0.132812 0.234375 0.132812 0.232422 0.130859 0.230469 0.130859 0.228516 0.128906 0.222656 0.128906 0.220703 0.126953 0.218750 0.126953 0.212891 0.121094 0.212891 0.119141 0.205078 0.111328 0.205078 0.109375 0.197266 0.101562
0 0.583984 0.132812 0.582031 0.134766 0.570312 0.134766 0.564453 0.140625 0.564453 0.148438 0.562500 0.150391 0.562500 0.164062 0.564453 0.166016 0.564453 0.167969 0.572266 0.175781 0.574219 0.175781 0.578125 0.179688 0.597656 0.179688 0.601562 0.175781 0.605469 0.175781 0.609375 0.171875 0.611328 0.171875 0.611328 0.169922 0.613281 0.167969 0.613281 0.166016 0.615234 0.164062 0.615234 0.154297 0.611328 0.150391 0.611328 0.146484 0.607422 0.142578 0.607422 0.140625 0.605469 0.140625 0.603516 0.138672 0.603516 0.136719 0.601562 0.136719 0.597656 0.132812
0 0.648438 0.136719 0.644531 0.140625 0.644531 0.142578 0.642578 0.144531 0.642578 0.160156 0.644531 0.162109 0.644531 0.167969 0.646484 0.169922 0.646484 0.171875 0.650391 0.175781 0.652344 0.175781 0.654297 0.177734 0.664062 0.177734 0.666016 0.175781 0.667969 0.175781 0.667969 0.173828 0.671875 0.169922 0.671875 0.156250 0.669922 0.154297 0.669922 0.152344 0.667969 0.150391 0.667969 0.144531 0.664062 0.144531 0.662109 0.142578 0.660156 0.142578 0.658203 0.140625 0.656250 0.140625 0.654297 0.138672 0.652344 0.138672 0.650391 0.136719
0 0.583984 0.181641 0.580078 0.185547 0.580078 0.189453 0.578125 0.191406 0.578125 0.208984 0.580078 0.210938 0.580078 0.216797 0.587891 0.224609 0.597656 0.224609 0.597656 0.214844 0.599609 0.212891 0.599609 0.207031 0.603516 0.203125 0.603516 0.201172 0.613281 0.191406 0.615234 0.191406 0.611328 0.187500 0.611328 0.185547 0.609375 0.185547 0.607422 0.183594 0.607422 0.181641
0 0.869141 0.171875 0.865234 0.175781 0.865234 0.187500 0.863281 0.189453 0.863281 0.208984 0.861328 0.210938 0.861328 0.218750 0.863281 0.220703 0.863281 0.222656 0.865234 0.224609 0.865234 0.228516 0.867188 0.228516 0.869141 0.230469 0.871094 0.230469 0.873047 0.232422 0.886719 0.232422 0.888672 0.230469 0.890625 0.230469 0.892578 0.228516 0.894531 0.228516 0.894531 0.226562 0.896484 0.224609 0.900391 0.224609 0.900391 0.222656 0.902344 0.220703 0.904297 0.220703 0.904297 0.218750 0.910156 0.212891 0.910156 0.210938 0.912109 0.208984 0.912109 0.207031 0.914062 0.205078 0.916016 0.205078 0.916016 0.201172 0.917969 0.199219 0.917969 0.197266 0.919922 0.195312 0.919922 0.189453 0.917969 0.187500 0.917969 0.185547 0.912109 0.179688 0.910156 0.179688 0.908203 0.177734 0.906250 0.177734 0.902344 0.173828 0.898438 0.173828 0.896484 0.171875
0 0.613281 0.193359 0.605469 0.201172 0.605469 0.203125 0.601562 0.207031 0.601562 0.212891 0.599609 0.214844 0.599609 0.228516 0.601562 0.230469 0.601562 0.232422 0.619141 0.232422 0.626953 0.224609 0.626953 0.222656 0.628906 0.220703 0.630859 0.220703 0.630859 0.214844 0.632812 0.212891 0.632812 0.197266 0.630859 0.197266 0.628906 0.195312 0.626953 0.195312 0.625000 0.193359
0 0.822266 0.230469 0.820312 0.232422 0.820312 0.236328 0.818359 0.238281 0.818359 0.240234 0.816406 0.242188 0.816406 0.269531 0.822266 0.275391 0.824219 0.275391 0.826172 0.277344 0.841797 0.277344 0.843750 0.275391 0.845703 0.275391 0.851562 0.269531 0.851562 0.267578 0.853516 0.265625 0.853516 0.257812 0.855469 0.255859 0.855469 0.251953 0.853516 0.250000 0.853516 0.246094 0.851562 0.244141 0.851562 0.240234 0.845703 0.234375 0.845703 0.232422 0.843750 0.230469
0 0.599609 0.296875 0.597656 0.298828 0.595703 0.298828 0.595703 0.302734 0.593750 0.304688 0.591797 0.304688 0.591797 0.310547 0.587891 0.314453 0.587891 0.316406 0.591797 0.316406 0.593750 0.318359 0.595703 0.318359 0.597656 0.320312 0.599609 0.320312 0.601562 0.322266 0.601562 0.324219 0.605469 0.328125 0.605469 0.330078 0.609375 0.333984 0.609375 0.335938 0.613281 0.339844 0.613281 0.341797 0.617188 0.337891 0.619141 0.337891 0.626953 0.330078 0.626953 0.328125 0.630859 0.324219 0.630859 0.308594 0.628906 0.306641 0.628906 0.304688 0.626953 0.302734 0.626953 0.300781 0.623047 0.300781 0.621094 0.298828 0.611328 0.298828 0.609375 0.296875
0 0.564453 0.316406 0.558594 0.322266 0.558594 0.324219 0.556641 0.326172 0.556641 0.333984 0.560547 0.337891 0.560547 0.339844 0.566406 0.345703 0.568359 0.345703 0.570312 0.347656 0.574219 0.347656 0.576172 0.349609 0.578125 0.349609 0.580078 0.351562 0.583984 0.351562 0.585938 0.353516 0.587891 0.353516 0.589844 0.355469 0.607422 0.355469 0.611328 0.351562 0.611328 0.339844 0.607422 0.335938 0.607422 0.333984 0.603516 0.330078 0.603516 0.328125 0.599609 0.324219 0.599609 0.322266 0.597656 0.322266 0.595703 0.320312 0.593750 0.320312 0.591797 0.318359 0.578125 0.318359 0.576172 0.316406
0 0.943359 0.302734 0.941406 0.304688 0.929688 0.304688 0.929688 0.306641 0.927734 0.308594 0.925781 0.308594 0.925781 0.310547 0.923828 0.312500 0.921875 0.312500 0.906250 0.328125 0.906250 0.330078 0.902344 0.333984 0.902344 0.335938 0.894531 0.343750 0.894531 0.347656 0.892578 0.349609 0.892578 0.367188 0.896484 0.371094 0.896484 0.373047 0.898438 0.375000 0.902344 0.375000 0.906250 0.378906 0.921875 0.378906 0.923828 0.376953 0.925781 0.376953 0.927734 0.375000 0.931641 0.375000 0.935547 0.371094 0.937500 0.371094 0.941406 0.367188 0.943359 0.367188 0.943359 0.365234 0.945312 0.363281 0.949219 0.363281 0.949219 0.361328 0.951172 0.359375 0.953125 0.359375 0.953125 0.357422 0.955078 0.355469 0.957031 0.355469 0.962891 0.349609 0.962891 0.347656 0.964844 0.345703 0.964844 0.343750 0.968750 0.339844 0.968750 0.332031 0.970703 0.330078 0.970703 0.328125 0.972656 0.326172 0.972656 0.312500 0.970703 0.310547 0.970703 0.308594 0.966797 0.304688 0.962891 0.304688 0.960938 0.302734
0 0.808594 0.308594 0.806641 0.310547 0.804688 0.310547 0.794922 0.320312 0.794922 0.322266 0.792969 0.324219 0.792969 0.326172 0.791016 0.328125 0.791016 0.330078 0.789062 0.332031 0.789062 0.335938 0.787109 0.337891 0.787109 0.345703 0.785156 0.347656 0.785156 0.355469 0.787109 0.357422 0.787109 0.359375 0.789062 0.361328 0.789062 0.363281 0.791016 0.365234 0.791016 0.367188 0.792969 0.367188 0.794922 0.369141 0.794922 0.371094 0.796875 0.371094 0.800781 0.375000 0.802734 0.375000 0.804688 0.376953 0.818359 0.376953 0.820312 0.375000 0.822266 0.375000 0.824219 0.373047 0.826172 0.373047 0.830078 0.369141 0.830078 0.367188 0.833984 0.363281 0.833984 0.361328 0.835938 0.359375 0.835938 0.357422 0.837891 0.355469 0.837891 0.332031 0.835938 0.330078 0.835938 0.328125 0.833984 0.326172 0.833984 0.318359 0.832031 0.316406 0.832031 0.312500 0.828125 0.308594
0 0.736328 0.316406 0.736328 0.318359 0.734375 0.320312 0.734375 0.324219 0.730469 0.328125 0.730469 0.367188 0.734375 0.371094 0.734375 0.375000 0.736328 0.375000 0.738281 0.376953 0.738281 0.378906 0.742188 0.378906 0.744141 0.380859 0.761719 0.380859 0.763672 0.378906 0.767578 0.378906 0.771484 0.375000 0.773438 0.375000 0.777344 0.371094 0.777344 0.369141 0.779297 0.367188 0.781250 0.367188 0.781250 0.363281 0.783203 0.361328 0.783203 0.347656 0.781250 0.345703 0.781250 0.341797 0.777344 0.337891 0.777344 0.333984 0.773438 0.330078 0.773438 0.326172 0.769531 0.322266 0.769531 0.320312 0.767578 0.320312 0.765625 0.318359 0.757812 0.318359 0.755859 0.316406
0 0.080078 0.349609 0.078125 0.351562 0.074219 0.351562 0.072266 0.353516 0.070312 0.353516 0.068359 0.355469 0.060547 0.355469 0.058594 0.357422 0.056641 0.357422 0.056641 0.359375 0.054688 0.361328 0.054688 0.363281 0.052734 0.365234 0.052734 0.380859 0.058594 0.386719 0.062500 0.386719 0.066406 0.390625 0.085938 0.390625 0.085938 0.388672 0.089844 0.384766 0.089844 0.380859 0.093750 0.376953 0.093750 0.363281 0.089844 0.359375 0.089844 0.357422 0.087891 0.355469 0.087891 0.353516 0.083984 0.349609
0 0.656250 0.343750 0.654297 0.345703 0.648438 0.345703 0.646484 0.347656 0.644531 0.347656 0.644531 0.349609 0.640625 0.353516 0.640625 0.357422 0.636719 0.361328 0.636719 0.373047 0.634766 0.375000 0.634766 0.394531 0.636719 0.396484 0.636719 0.400391 0.638672 0.402344 0.638672 0.404297 0.640625 0.404297 0.642578 0.406250 0.656250 0.406250 0.658203 0.404297 0.660156 0.404297 0.660156 0.392578 0.662109 0.390625 0.662109 0.384766 0.664062 0.382812 0.664062 0.378906 0.667969 0.375000 0.667969 0.369141 0.671875 0.365234 0.671875 0.363281 0.675781 0.359375 0.675781 0.347656 0.673828 0.345703 0.673828 0.343750
0 0.552734 0.343750 0.550781 0.345703 0.548828 0.345703 0.544922 0.349609 0.544922 0.351562 0.546875 0.353516 0.546875 0.355469 0.552734 0.361328 0.552734 0.373047 0.550781 0.375000 0.550781 0.378906 0.548828 0.380859 0.548828 0.382812 0.546875 0.384766 0.546875 0.388672 0.542969 0.392578 0.542969 0.394531 0.541016 0.396484 0.541016 0.398438 0.539062 0.400391 0.539062 0.402344 0.533203 0.408203 0.533203 0.410156 0.535156 0.412109 0.550781 0.412109 0.552734 0.410156 0.554688 0.410156 0.556641 0.408203 0.558594 0.408203 0.562500 0.404297 0.566406 0.404297 0.570312 0.400391 0.574219 0.400391 0.583984 0.390625 0.585938 0.390625 0.585938 0.388672 0.587891 0.386719 0.589844 0.386719 0.589844 0.384766 0.593750 0.380859 0.593750 0.378906 0.597656 0.375000 0.597656 0.373047 0.599609 0.371094 0.599609 0.361328 0.597656 0.359375 0.595703 0.359375 0.593750 0.357422 0.589844 0.357422 0.587891 0.355469 0.585938 0.355469 0.583984 0.353516 0.580078 0.353516 0.578125 0.351562 0.576172 0.351562 0.574219 0.349609 0.570312 0.349609 0.568359 0.347656 0.566406 0.347656 0.564453 0.345703 0.560547 0.345703 0.558594 0.343750
0 0.523438 0.345703 0.523438 0.347656 0.517578 0.353516 0.515625 0.353516 0.507812 0.361328 0.507812 0.363281 0.505859 0.365234 0.505859 0.367188 0.503906 0.369141 0.503906 0.371094 0.501953 0.373047 0.501953 0.375000 0.500000 0.376953 0.500000 0.378906 0.498047 0.380859 0.498047 0.382812 0.494141 0.386719 0.494141 0.390625 0.492188 0.392578 0.492188 0.394531 0.490234 0.396484 0.490234 0.406250 0.494141 0.410156 0.494141 0.412109 0.498047 0.412109 0.500000 0.414062 0.501953 0.414062 0.503906 0.416016 0.511719 0.416016 0.513672 0.414062 0.517578 0.414062 0.519531 0.412109 0.525391 0.412109 0.529297 0.408203 0.531250 0.408203 0.537109 0.402344 0.537109 0.400391 0.539062 0.398438 0.539062 0.396484 0.541016 0.394531 0.541016 0.392578 0.544922 0.388672 0.544922 0.384766 0.546875 0.382812 0.546875 0.380859 0.548828 0.378906 0.548828 0.375000 0.550781 0.373047 0.550781 0.361328 0.544922 0.355469 0.544922 0.353516 0.542969 0.351562 0.541016 0.351562 0.539062 0.349609 0.537109 0.349609 0.535156 0.347656 0.533203 0.347656 0.531250 0.345703
0 0.701172 0.355469 0.699219 0.357422 0.693359 0.357422 0.691406 0.359375 0.677734 0.359375 0.673828 0.363281 0.673828 0.365234 0.669922 0.369141 0.669922 0.375000 0.666016 0.378906 0.666016 0.382812 0.664062 0.384766 0.664062 0.390625 0.662109 0.392578 0.662109 0.404297 0.669922 0.412109 0.671875 0.412109 0.673828 0.414062 0.675781 0.414062 0.677734 0.416016 0.681641 0.416016 0.685547 0.412109 0.689453 0.412109 0.693359 0.408203 0.695312 0.408203 0.697266 0.406250 0.699219 0.406250 0.707031 0.398438 0.707031 0.396484 0.708984 0.394531 0.708984 0.392578 0.712891 0.388672 0.712891 0.380859 0.714844 0.378906 0.714844 0.375000 0.716797 0.373047 0.716797 0.363281 0.714844 0.361328 0.714844 0.359375 0.710938 0.355469
0 0.150391 0.369141 0.150391 0.371094 0.146484 0.375000 0.146484 0.382812 0.144531 0.384766 0.144531 0.400391 0.146484 0.402344 0.146484 0.404297 0.154297 0.412109 0.156250 0.412109 0.158203 0.414062 0.167969 0.414062 0.169922 0.412109 0.171875 0.412109 0.179688 0.404297 0.179688 0.392578 0.177734 0.390625 0.177734 0.388672 0.175781 0.386719 0.175781 0.380859 0.171875 0.376953 0.171875 0.375000 0.169922 0.373047 0.164062 0.373047 0.162109 0.371094 0.156250 0.371094 0.154297 0.369141
0 0.896484 0.462891 0.888672 0.470703 0.888672 0.474609 0.886719 0.476562 0.886719 0.490234 0.892578 0.496094 0.892578 0.498047 0.894531 0.498047 0.898438 0.501953 0.914062 0.501953 0.914062 0.484375 0.916016 0.482422 0.916016 0.478516 0.919922 0.474609 0.919922 0.472656 0.923828 0.468750 0.923828 0.464844 0.921875 0.464844 0.919922 0.462891
0 0.117188 0.468750 0.115234 0.470703 0.113281 0.470703 0.113281 0.472656 0.107422 0.478516 0.107422 0.480469 0.105469 0.482422 0.105469 0.484375 0.103516 0.486328 0.103516 0.494141 0.105469 0.496094 0.107422 0.496094 0.109375 0.498047 0.113281 0.498047 0.115234 0.500000 0.128906 0.500000 0.130859 0.498047 0.132812 0.498047 0.134766 0.496094 0.134766 0.494141 0.136719 0.492188 0.138672 0.492188 0.138672 0.486328 0.140625 0.484375 0.140625 0.472656 0.138672 0.470703 0.128906 0.470703 0.126953 0.468750
0 0.931641 0.462891 0.927734 0.466797 0.925781 0.466797 0.925781 0.468750 0.921875 0.472656 0.921875 0.474609 0.917969 0.478516 0.917969 0.482422 0.916016 0.484375 0.916016 0.505859 0.919922 0.509766 0.923828 0.509766 0.925781 0.511719 0.933594 0.511719 0.935547 0.509766 0.939453 0.509766 0.943359 0.505859 0.947266 0.505859 0.951172 0.501953 0.951172 0.500000 0.953125 0.498047 0.953125 0.480469 0.951172 0.480469 0.943359 0.472656 0.941406 0.472656
0 0.511719 0.519531 0.509766 0.521484 0.503906 0.521484 0.501953 0.523438 0.496094 0.523438 0.494141 0.525391 0.490234 0.525391 0.488281 0.527344 0.482422 0.527344 0.480469 0.529297 0.478516 0.529297 0.476562 0.531250 0.470703 0.531250 0.466797 0.535156 0.462891 0.535156 0.458984 0.539062 0.457031 0.539062 0.457031 0.541016 0.455078 0.542969 0.455078 0.554688 0.457031 0.556641 0.457031 0.558594 0.462891 0.564453 0.464844 0.564453 0.466797 0.566406 0.468750 0.566406 0.472656 0.570312 0.476562 0.570312 0.478516 0.572266 0.480469 0.572266 0.482422 0.574219 0.488281 0.574219 0.490234 0.576172 0.501953 0.576172 0.503906 0.574219 0.509766 0.574219 0.511719 0.572266 0.513672 0.572266 0.515625 0.570312 0.521484 0.570312 0.525391 0.566406 0.527344 0.566406 0.529297 0.564453 0.529297 0.560547 0.531250 0.558594 0.531250 0.552734 0.533203 0.550781 0.533203 0.525391 0.531250 0.523438 0.529297 0.523438 0.527344 0.521484 0.521484 0.521484 0.519531 0.519531
0 0.841797 0.533203 0.835938 0.539062 0.835938 0.541016 0.833984 0.542969 0.833984 0.550781 0.835938 0.552734 0.835938 0.556641 0.837891 0.558594 0.837891 0.560547 0.839844 0.562500 0.839844 0.564453 0.841797 0.566406 0.843750 0.566406 0.845703 0.568359 0.851562 0.568359 0.853516 0.566406 0.855469 0.566406 0.859375 0.562500 0.859375 0.558594 0.861328 0.556641 0.861328 0.541016 0.857422 0.537109 0.853516 0.537109 0.851562 0.535156 0.847656 0.535156 0.845703 0.533203
0 0.613281 0.587891 0.613281 0.589844 0.611328 0.591797 0.609375 0.591797 0.605469 0.595703 0.603516 0.595703 0.597656 0.601562 0.595703 0.601562 0.595703 0.603516 0.591797 0.607422 0.591797 0.611328 0.587891 0.615234 0.587891 0.619141 0.585938 0.621094 0.585938 0.638672 0.587891 0.640625 0.587891 0.644531 0.591797 0.648438 0.595703 0.648438 0.597656 0.650391 0.603516 0.650391 0.605469 0.648438 0.607422 0.648438 0.609375 0.646484 0.611328 0.646484 0.611328 0.644531 0.613281 0.642578 0.615234 0.642578 0.619141 0.638672 0.619141 0.636719 0.621094 0.634766 0.623047 0.634766 0.623047 0.632812 0.625000 0.630859 0.626953 0.630859 0.626953 0.628906 0.628906 0.626953 0.630859 0.626953 0.642578 0.615234 0.642578 0.613281 0.648438 0.607422 0.648438 0.595703 0.646484 0.593750 0.644531 0.593750 0.642578 0.591797 0.634766 0.591797 0.632812 0.589844 0.625000 0.589844 0.623047 0.587891
0 0.484375 0.625000 0.480469 0.628906 0.478516 0.628906 0.478516 0.630859 0.476562 0.632812 0.474609 0.632812 0.474609 0.636719 0.470703 0.640625 0.470703 0.642578 0.468750 0.644531 0.468750 0.648438 0.466797 0.650391 0.466797 0.658203 0.470703 0.662109 0.470703 0.664062 0.478516 0.671875 0.501953 0.671875 0.509766 0.664062 0.509766 0.662109 0.511719 0.660156 0.511719 0.658203 0.513672 0.656250 0.513672 0.638672 0.511719 0.636719 0.511719 0.634766 0.509766 0.632812 0.509766 0.630859 0.507812 0.628906 0.507812 0.626953 0.505859 0.626953 0.503906 0.625000
0 0.222656 0.623047 0.220703 0.625000 0.216797 0.625000 0.212891 0.628906 0.212891 0.630859 0.210938 0.632812 0.210938 0.634766 0.208984 0.636719 0.208984 0.638672 0.207031 0.640625 0.207031 0.667969 0.208984 0.667969 0.212891 0.664062 0.214844 0.664062 0.218750 0.660156 0.224609 0.660156 0.226562 0.662109 0.226562 0.664062 0.228516 0.664062 0.230469 0.666016 0.230469 0.679688 0.232422 0.679688 0.234375 0.677734 0.236328 0.677734 0.242188 0.671875 0.242188 0.669922 0.244141 0.667969 0.244141 0.636719 0.242188 0.634766 0.242188 0.632812 0.240234 0.630859 0.240234 0.628906 0.236328 0.625000 0.230469 0.625000 0.228516 0.623047
0 0.947266 0.660156 0.941406 0.666016 0.941406 0.669922 0.939453 0.671875 0.939453 0.683594 0.941406 0.685547 0.941406 0.687500 0.945312 0.691406 0.960938 0.691406 0.964844 0.687500 0.964844 0.685547 0.966797 0.683594 0.966797 0.681641 0.968750 0.679688 0.968750 0.667969 0.966797 0.667969 0.962891 0.664062 0.960938 0.664062 0.957031 0.660156
0 0.218750 0.662109 0.214844 0.666016 0.212891 0.666016 0.208984 0.669922 0.207031 0.669922 0.203125 0.673828 0.203125 0.679688 0.201172 0.681641 0.201172 0.683594 0.199219 0.685547 0.199219 0.695312 0.201172 0.697266 0.201172 0.699219 0.203125 0.701172 0.205078 0.701172 0.207031 0.703125 0.208984 0.703125 0.210938 0.705078 0.216797 0.705078 0.216797 0.703125 0.218750 0.701172 0.220703 0.701172 0.226562 0.695312 0.226562 0.693359 0.228516 0.691406 0.228516 0.666016 0.226562 0.666016 0.224609 0.664062 0.224609 0.662109
0 0.843750 0.685547 0.839844 0.689453 0.837891 0.689453 0.830078 0.697266 0.828125 0.697266 0.828125 0.699219 0.824219 0.703125 0.824219 0.705078 0.822266 0.707031 0.820312 0.707031 0.820312 0.712891 0.818359 0.714844 0.818359 0.722656 0.820312 0.724609 0.820312 0.726562 0.822266 0.728516 0.826172 0.728516 0.828125 0.730469 0.830078 0.730469 0.832031 0.732422 0.841797 0.732422 0.843750 0.730469 0.845703 0.730469 0.847656 0.728516 0.849609 0.728516 0.853516 0.724609 0.855469 0.724609 0.859375 0.720703 0.861328 0.720703 0.863281 0.718750 0.863281 0.716797 0.867188 0.712891 0.867188 0.697266 0.863281 0.693359 0.863281 0.691406 0.861328 0.689453 0.859375 0.689453 0.857422 0.687500 0.851562 0.687500 0.849609 0.685547
0 0.089844 0.714844 0.087891 0.716797 0.083984 0.716797 0.082031 0.718750 0.078125 0.718750 0.076172 0.720703 0.074219 0.720703 0.072266 0.722656 0.072266 0.724609 0.074219 0.724609 0.076172 0.726562 0.076172 0.728516 0.083984 0.736328 0.085938 0.736328 0.091797 0.742188 0.093750 0.742188 0.101562 0.750000 0.103516 0.750000 0.105469 0.751953 0.111328 0.751953 0.113281 0.753906 0.115234 0.753906 0.115234 0.751953 0.117188 0.750000 0.119141 0.750000 0.119141 0.746094 0.121094 0.744141 0.121094 0.732422 0.119141 0.730469 0.119141 0.726562 0.115234 0.722656 0.115234 0.720703 0.109375 0.714844
0 0.648438 0.740234 0.646484 0.742188 0.644531 0.742188 0.640625 0.746094 0.640625 0.748047 0.636719 0.751953 0.636719 0.753906 0.634766 0.755859 0.634766 0.757812 0.632812 0.759766 0.632812 0.765625 0.636719 0.769531 0.636719 0.771484 0.642578 0.777344 0.644531 0.777344 0.646484 0.779297 0.664062 0.779297 0.666016 0.777344 0.667969 0.777344 0.671875 0.773438 0.671875 0.771484 0.675781 0.767578 0.675781 0.755859 0.671875 0.751953 0.671875 0.750000 0.669922 0.750000 0.667969 0.748047 0.666016 0.748047 0.664062 0.746094 0.662109 0.746094 0.660156 0.744141 0.658203 0.744141 0.656250 0.742188 0.654297 0.742188 0.652344 0.740234
0 0.841797 0.746094 0.839844 0.748047 0.835938 0.748047 0.835938 0.750000 0.833984 0.751953 0.832031 0.751953 0.832031 0.753906 0.828125 0.757812 0.828125 0.759766 0.826172 0.761719 0.826172 0.765625 0.824219 0.767578 0.824219 0.771484 0.828125 0.775391 0.828125 0.777344 0.830078 0.777344 0.832031 0.779297 0.833984 0.779297 0.835938 0.781250 0.841797 0.781250 0.843750 0.783203 0.855469 0.783203 0.857422 0.781250 0.859375 0.781250 0.863281 0.777344 0.863281 0.775391 0.865234 0.773438 0.865234 0.769531 0.867188 0.767578 0.867188 0.755859 0.865234 0.753906 0.865234 0.751953 0.863281 0.750000 0.863281 0.748047 0.861328 0.746094
0 0.505859 0.875000 0.496094 0.884766 0.496094 0.886719 0.494141 0.888672 0.494141 0.896484 0.496094 0.898438 0.496094 0.900391 0.500000 0.904297 0.500000 0.906250 0.501953 0.906250 0.507812 0.912109 0.523438 0.912109 0.527344 0.908203 0.529297 0.908203 0.529297 0.904297 0.531250 0.902344 0.531250 0.886719 0.529297 0.884766 0.529297 0.882812 0.521484 0.875000
0 0.123047 0.923828 0.121094 0.925781 0.115234 0.925781 0.113281 0.927734 0.109375 0.927734 0.107422 0.929688 0.105469 0.929688 0.103516 0.931641 0.099609 0.931641 0.097656 0.933594 0.093750 0.933594 0.091797 0.935547 0.089844 0.935547 0.085938 0.939453 0.083984 0.939453 0.082031 0.941406 0.080078 0.941406 0.080078 0.943359 0.078125 0.945312 0.076172 0.945312 0.076172 0.947266 0.072266 0.951172 0.072266 0.953125 0.068359 0.957031 0.068359 0.964844 0.066406 0.966797 0.066406 0.974609 0.068359 0.976562 0.068359 0.980469 0.070312 0.980469 0.072266 0.982422 0.072266 0.984375 0.074219 0.984375 0.076172 0.986328 0.076172 0.988281 0.080078 0.988281 0.083984 0.992188 0.089844 0.992188 0.091797 0.994141 0.095703 0.994141 0.097656 0.996094 0.107422 0.996094 0.111328 0.992188 0.115234 0.992188 0.115234 0.990234 0.117188 0.988281 0.119141 0.988281 0.126953 0.980469 0.126953 0.978516 0.130859 0.974609 0.130859 0.972656 0.134766 0.968750 0.134766 0.966797 0.138672 0.962891 0.138672 0.960938 0.142578 0.957031 0.142578 0.953125 0.144531 0.951172 0.144531 0.939453 0.142578 0.937500 0.142578 0.933594 0.134766 0.925781 0.128906 0.925781 0.126953 0.923828
0 0.222656 0.951172 0.220703 0.953125 0.218750 0.953125 0.216797 0.955078 0.216797 0.957031 0.214844 0.958984 0.214844 0.962891 0.212891 0.964844 0.212891 0.968750 0.210938 0.970703 0.210938 0.986328 0.212891 0.988281 0.212891 0.990234 0.218750 0.996094 0.228516 0.996094 0.232422 0.992188 0.234375 0.992188 0.238281 0.988281 0.240234 0.988281 0.240234 0.986328 0.246094 0.980469 0.246094 0.978516 0.248047 0.976562 0.250000 0.976562 0.250000 0.974609 0.251953 0.972656 0.251953 0.970703 0.253906 0.968750 0.253906 0.958984 0.251953 0.957031 0.251953 0.955078 0.248047 0.951172
0 0.437500 0.984375 0.435547 0.986328 0.433594 0.986328 0.431641 0.988281 0.429688 0.988281 0.423828 0.994141 0.423828 0.996094 0.455078 0.996094 0.457031 0.998047 0.457031 0.994141 0.455078 0.992188 0.455078 0.990234 0.451172 0.986328 0.447266 0.986328 0.445312 0.984375
