0 0.968750 0.148438 0.966797 0.150391 0.960938 0.150391 0.958984 0.152344 0.955078 0.152344 0.939453 0.167969 0.939453 0.169922 0.937500 0.171875 0.937500 0.173828 0.931641 0.179688 0.931641 0.191406 0.933594 0.193359 0.935547 0.193359 0.937500 0.195312 0.957031 0.195312 0.958984 0.193359 0.962891 0.193359 0.964844 0.191406 0.966797 0.191406 0.970703 0.187500 0.972656 0.187500 0.980469 0.179688 0.980469 0.177734 0.982422 0.175781 0.982422 0.171875 0.984375 0.169922 0.984375 0.167969 0.986328 0.166016 0.986328 0.150391 0.984375 0.148438
0 0.925781 0.201172 0.923828 0.203125 0.917969 0.203125 0.916016 0.205078 0.912109 0.205078 0.910156 0.207031 0.906250 0.207031 0.904297 0.208984 0.900391 0.208984 0.886719 0.222656 0.886719 0.224609 0.884766 0.226562 0.884766 0.228516 0.882812 0.230469 0.882812 0.232422 0.880859 0.234375 0.880859 0.236328 0.878906 0.238281 0.878906 0.248047 0.880859 0.246094 0.882812 0.246094 0.884766 0.244141 0.892578 0.244141 0.894531 0.246094 0.896484 0.246094 0.898438 0.248047 0.898438 0.250000 0.900391 0.251953 0.900391 0.255859 0.902344 0.255859 0.904297 0.253906 0.906250 0.253906 0.910156 0.250000 0.912109 0.250000 0.914062 0.248047 0.916016 0.248047 0.916016 0.246094 0.917969 0.244141 0.919922 0.244141 0.927734 0.236328 0.927734 0.234375 0.929688 0.232422 0.931641 0.232422 0.933594 0.230469 0.933594 0.228516 0.935547 0.226562 0.937500 0.226562 0.939453 0.224609 0.939453 0.222656 0.945312 0.216797 0.945312 0.203125 0.943359 0.201172
0 0.597656 0.232422 0.595703 0.234375 0.593750 0.234375 0.591797 0.236328 0.591797 0.238281 0.589844 0.240234 0.589844 0.242188 0.587891 0.244141 0.587891 0.248047 0.585938 0.250000 0.585938 0.251953 0.583984 0.253906 0.583984 0.255859 0.582031 0.257812 0.583984 0.259766 0.583984 0.265625 0.585938 0.267578 0.585938 0.269531 0.587891 0.269531 0.589844 0.271484 0.605469 0.271484 0.607422 0.269531 0.609375 0.269531 0.611328 0.267578 0.613281 0.267578 0.615234 0.265625 0.615234 0.263672 0.619141 0.259766 0.619141 0.257812 0.621094 0.255859 0.621094 0.238281 0.617188 0.234375 0.613281 0.234375 0.611328 0.232422
0 0.699219 0.218750 0.697266 0.220703 0.695312 0.220703 0.693359 0.222656 0.691406 0.222656 0.687500 0.226562 0.685547 0.226562 0.660156 0.251953 0.660156 0.253906 0.648438 0.265625 0.648438 0.267578 0.646484 0.269531 0.646484 0.271484 0.644531 0.273438 0.644531 0.279297 0.646484 0.281250 0.646484 0.283203 0.648438 0.283203 0.650391 0.285156 0.664062 0.285156 0.667969 0.289062 0.675781 0.289062 0.677734 0.287109 0.679688 0.287109 0.681641 0.285156 0.681641 0.283203 0.685547 0.279297 0.685547 0.277344 0.687500 0.275391 0.687500 0.273438 0.691406 0.269531 0.691406 0.267578 0.693359 0.265625 0.693359 0.263672 0.695312 0.261719 0.695312 0.259766 0.697266 0.257812 0.697266 0.255859 0.701172 0.251953 0.701172 0.250000 0.705078 0.246094 0.705078 0.244141 0.708984 0.240234 0.708984 0.238281 0.712891 0.234375 0.712891 0.222656 0.708984 0.218750
0 0.744141 0.251953 0.742188 0.253906 0.740234 0.253906 0.738281 0.255859 0.738281 0.265625 0.742188 0.269531 0.744141 0.269531 0.746094 0.267578 0.750000 0.267578 0.751953 0.265625 0.757812 0.265625 0.759766 0.267578 0.767578 0.267578 0.769531 0.265625 0.769531 0.261719 0.767578 0.259766 0.767578 0.257812 0.765625 0.255859 0.763672 0.255859 0.761719 0.253906 0.759766 0.253906 0.757812 0.251953
0 0.884766 0.246094 0.882812 0.248047 0.880859 0.248047 0.878906 0.250000 0.875000 0.250000 0.873047 0.251953 0.873047 0.253906 0.871094 0.255859 0.871094 0.257812 0.869141 0.259766 0.867188 0.259766 0.861328 0.265625 0.859375 0.265625 0.857422 0.267578 0.855469 0.267578 0.853516 0.269531 0.853516 0.277344 0.861328 0.285156 0.867188 0.285156 0.871094 0.281250 0.873047 0.281250 0.876953 0.277344 0.876953 0.275391 0.878906 0.273438 0.880859 0.273438 0.884766 0.269531 0.886719 0.269531 0.888672 0.267578 0.892578 0.267578 0.894531 0.265625 0.896484 0.265625 0.898438 0.263672 0.898438 0.251953 0.896484 0.250000 0.896484 0.248047 0.894531 0.248047 0.892578 0.246094
0 0.964844 0.244141 0.958984 0.250000 0.957031 0.250000 0.957031 0.253906 0.955078 0.255859 0.955078 0.257812 0.949219 0.263672 0.947266 0.263672 0.945312 0.265625 0.943359 0.265625 0.937500 0.271484 0.935547 0.271484 0.927734 0.279297 0.927734 0.289062 0.931641 0.292969 0.931641 0.294922 0.933594 0.294922 0.935547 0.296875 0.949219 0.296875 0.953125 0.292969 0.955078 0.292969 0.957031 0.291016 0.960938 0.291016 0.962891 0.289062 0.978516 0.289062 0.980469 0.287109 0.982422 0.287109 0.984375 0.285156 0.986328 0.285156 0.990234 0.281250 0.990234 0.279297 0.994141 0.275391 0.994141 0.273438 0.996094 0.271484 0.996094 0.269531 0.998047 0.267578 0.998047 0.259766 0.984375 0.246094 0.982422 0.246094 0.980469 0.244141
0 0.816406 0.263672 0.814453 0.265625 0.808594 0.265625 0.806641 0.267578 0.800781 0.267578 0.798828 0.269531 0.794922 0.269531 0.792969 0.271484 0.789062 0.271484 0.781250 0.279297 0.779297 0.279297 0.769531 0.289062 0.769531 0.296875 0.773438 0.300781 0.773438 0.302734 0.775391 0.302734 0.777344 0.304688 0.781250 0.304688 0.783203 0.306641 0.787109 0.306641 0.789062 0.308594 0.843750 0.308594 0.847656 0.304688 0.849609 0.304688 0.849609 0.302734 0.853516 0.298828 0.853516 0.294922 0.855469 0.292969 0.855469 0.291016 0.853516 0.289062 0.853516 0.285156 0.851562 0.283203 0.851562 0.281250 0.845703 0.275391 0.843750 0.275391 0.841797 0.273438 0.841797 0.271484 0.839844 0.271484 0.833984 0.265625 0.832031 0.265625 0.830078 0.263672
0 0.001953 0.269531 0.000000 0.271484 0.000000 0.304688 0.009766 0.294922 0.011719 0.294922 0.015625 0.291016 0.015625 0.289062 0.017578 0.287109 0.017578 0.277344 0.015625 0.275391 0.015625 0.269531
0 0.013672 0.294922 0.011719 0.296875 0.009766 0.296875 0.000000 0.306641 0.000000 0.324219 0.005859 0.324219 0.007812 0.322266 0.011719 0.322266 0.023438 0.310547 0.023438 0.308594 0.025391 0.306641 0.025391 0.300781 0.023438 0.298828 0.023438 0.296875 0.021484 0.294922
0 0.130859 0.296875 0.126953 0.300781 0.126953 0.302734 0.125000 0.304688 0.125000 0.314453 0.126953 0.316406 0.126953 0.318359 0.132812 0.324219 0.136719 0.324219 0.138672 0.326172 0.183594 0.326172 0.187500 0.330078 0.189453 0.330078 0.191406 0.332031 0.193359 0.332031 0.195312 0.330078 0.197266 0.330078 0.197266 0.320312 0.195312 0.318359 0.195312 0.314453 0.189453 0.308594 0.185547 0.308594 0.183594 0.306641 0.177734 0.306641 0.175781 0.304688 0.146484 0.304688 0.144531 0.302734 0.138672 0.302734 0.136719 0.300781 0.134766 0.300781
0 0.648438 0.287109 0.646484 0.289062 0.644531 0.289062 0.642578 0.291016 0.640625 0.291016 0.636719 0.294922 0.634766 0.294922 0.632812 0.296875 0.630859 0.296875 0.628906 0.298828 0.626953 0.298828 0.626953 0.300781 0.623047 0.304688 0.623047 0.306641 0.619141 0.310547 0.619141 0.312500 0.617188 0.314453 0.617188 0.316406 0.615234 0.318359 0.615234 0.320312 0.613281 0.322266 0.613281 0.343750 0.615234 0.345703 0.615234 0.349609 0.646484 0.349609 0.648438 0.347656 0.654297 0.347656 0.656250 0.345703 0.658203 0.345703 0.664062 0.339844 0.664062 0.337891 0.666016 0.335938 0.667969 0.335938 0.669922 0.333984 0.669922 0.332031 0.671875 0.330078 0.671875 0.324219 0.673828 0.322266 0.673828 0.306641 0.671875 0.304688 0.671875 0.298828 0.669922 0.296875 0.669922 0.292969 0.664062 0.287109
0 0.480469 0.304688 0.478516 0.306641 0.478516 0.308594 0.476562 0.310547 0.476562 0.322266 0.474609 0.324219 0.474609 0.333984 0.478516 0.333984 0.480469 0.335938 0.488281 0.335938 0.490234 0.333984 0.494141 0.333984 0.496094 0.332031 0.500000 0.332031 0.505859 0.326172 0.505859 0.322266 0.503906 0.320312 0.503906 0.318359 0.498047 0.312500 0.496094 0.312500 0.494141 0.310547 0.492188 0.310547 0.490234 0.308594 0.490234 0.306641 0.488281 0.306641 0.486328 0.304688
0 0.601562 0.294922 0.599609 0.296875 0.595703 0.296875 0.593750 0.298828 0.591797 0.298828 0.589844 0.300781 0.587891 0.300781 0.576172 0.312500 0.576172 0.314453 0.574219 0.316406 0.574219 0.318359 0.570312 0.322266 0.570312 0.324219 0.568359 0.326172 0.566406 0.326172 0.560547 0.332031 0.558594 0.332031 0.556641 0.333984 0.554688 0.333984 0.550781 0.337891 0.548828 0.337891 0.544922 0.341797 0.542969 0.341797 0.531250 0.353516 0.531250 0.355469 0.533203 0.357422 0.533203 0.361328 0.535156 0.361328 0.537109 0.363281 0.552734 0.363281 0.554688 0.361328 0.558594 0.361328 0.562500 0.357422 0.564453 0.357422 0.568359 0.353516 0.570312 0.353516 0.574219 0.349609 0.576172 0.349609 0.583984 0.341797 0.585938 0.341797 0.597656 0.330078 0.597656 0.328125 0.601562 0.324219 0.601562 0.322266 0.603516 0.320312 0.603516 0.316406 0.605469 0.314453 0.605469 0.308594 0.607422 0.306641 0.607422 0.298828 0.605469 0.296875 0.605469 0.294922
0 0.066406 0.302734 0.064453 0.304688 0.058594 0.304688 0.056641 0.306641 0.054688 0.306641 0.050781 0.310547 0.050781 0.312500 0.048828 0.314453 0.048828 0.316406 0.046875 0.318359 0.046875 0.320312 0.044922 0.322266 0.044922 0.326172 0.042969 0.328125 0.042969 0.332031 0.041016 0.333984 0.041016 0.337891 0.042969 0.339844 0.042969 0.341797 0.044922 0.343750 0.044922 0.345703 0.046875 0.347656 0.046875 0.349609 0.048828 0.351562 0.048828 0.353516 0.050781 0.353516 0.054688 0.357422 0.056641 0.357422 0.058594 0.359375 0.060547 0.359375 0.062500 0.361328 0.072266 0.361328 0.074219 0.359375 0.082031 0.359375 0.083984 0.357422 0.085938 0.357422 0.089844 0.353516 0.091797 0.353516 0.093750 0.351562 0.093750 0.349609 0.097656 0.345703 0.097656 0.343750 0.099609 0.341797 0.099609 0.339844 0.103516 0.335938 0.103516 0.332031 0.105469 0.330078 0.105469 0.318359 0.099609 0.312500 0.099609 0.310547 0.095703 0.306641 0.093750 0.306641 0.091797 0.304688 0.089844 0.304688 0.087891 0.302734
0 0.267578 0.310547 0.265625 0.312500 0.257812 0.312500 0.255859 0.314453 0.251953 0.314453 0.250000 0.316406 0.246094 0.316406 0.244141 0.318359 0.242188 0.318359 0.240234 0.320312 0.238281 0.320312 0.232422 0.326172 0.232422 0.328125 0.230469 0.330078 0.230469 0.339844 0.234375 0.343750 0.238281 0.343750 0.240234 0.345703 0.240234 0.347656 0.244141 0.351562 0.261719 0.351562 0.265625 0.355469 0.271484 0.355469 0.273438 0.353516 0.279297 0.353516 0.281250 0.351562 0.285156 0.351562 0.287109 0.349609 0.289062 0.349609 0.291016 0.347656 0.292969 0.347656 0.296875 0.343750 0.300781 0.343750 0.304688 0.339844 0.306641 0.339844 0.306641 0.337891 0.312500 0.332031 0.312500 0.320312 0.308594 0.316406 0.302734 0.316406 0.300781 0.314453 0.294922 0.314453 0.292969 0.312500 0.289062 0.312500 0.287109 0.310547
0 0.007812 0.324219 0.005859 0.326172 0.000000 0.326172 0.000000 0.343750 0.001953 0.345703 0.003906 0.343750 0.005859 0.343750 0.007812 0.341797 0.015625 0.341797 0.017578 0.343750 0.019531 0.343750 0.021484 0.345703 0.033203 0.345703 0.035156 0.343750 0.035156 0.335938 0.029297 0.330078 0.027344 0.330078 0.025391 0.328125 0.023438 0.328125 0.021484 0.326172 0.017578 0.326172 0.015625 0.324219
0 0.873047 0.330078 0.871094 0.332031 0.867188 0.332031 0.865234 0.333984 0.857422 0.333984 0.853516 0.337891 0.853516 0.353516 0.855469 0.355469 0.855469 0.357422 0.859375 0.361328 0.861328 0.361328 0.863281 0.363281 0.869141 0.363281 0.871094 0.365234 0.880859 0.365234 0.882812 0.363281 0.886719 0.363281 0.888672 0.361328 0.892578 0.361328 0.894531 0.359375 0.896484 0.359375 0.900391 0.355469 0.902344 0.355469 0.908203 0.349609 0.908203 0.335938 0.906250 0.333984 0.906250 0.332031 0.904297 0.330078
0 0.007812 0.343750 0.005859 0.345703 0.003906 0.345703 0.001953 0.347656 0.000000 0.347656 0.000000 0.382812 0.007812 0.382812 0.009766 0.380859 0.013672 0.380859 0.015625 0.378906 0.019531 0.378906 0.025391 0.373047 0.025391 0.357422 0.023438 0.355469 0.023438 0.351562 0.021484 0.349609 0.021484 0.347656 0.019531 0.345703 0.017578 0.345703 0.015625 0.343750
0 0.390625 0.337891 0.388672 0.339844 0.382812 0.339844 0.380859 0.341797 0.376953 0.341797 0.375000 0.343750 0.375000 0.345703 0.373047 0.347656 0.373047 0.349609 0.369141 0.353516 0.367188 0.353516 0.367188 0.355469 0.363281 0.359375 0.363281 0.382812 0.369141 0.388672 0.390625 0.388672 0.392578 0.386719 0.396484 0.386719 0.398438 0.384766 0.400391 0.384766 0.412109 0.373047 0.412109 0.371094 0.414062 0.369141 0.414062 0.367188 0.416016 0.365234 0.416016 0.351562 0.414062 0.349609 0.414062 0.347656 0.412109 0.345703 0.412109 0.343750 0.410156 0.343750 0.406250 0.339844 0.404297 0.339844 0.402344 0.337891
0 0.462891 0.335938 0.460938 0.337891 0.458984 0.337891 0.457031 0.339844 0.455078 0.339844 0.453125 0.341797 0.451172 0.341797 0.451172 0.345703 0.445312 0.351562 0.445312 0.353516 0.435547 0.363281 0.435547 0.365234 0.429688 0.371094 0.429688 0.373047 0.425781 0.376953 0.425781 0.378906 0.423828 0.380859 0.423828 0.382812 0.421875 0.384766 0.421875 0.388672 0.423828 0.390625 0.423828 0.394531 0.425781 0.394531 0.427734 0.392578 0.433594 0.392578 0.435547 0.390625 0.443359 0.390625 0.445312 0.388672 0.449219 0.388672 0.451172 0.386719 0.453125 0.386719 0.455078 0.384766 0.457031 0.384766 0.476562 0.365234 0.476562 0.363281 0.478516 0.361328 0.478516 0.359375 0.482422 0.355469 0.482422 0.349609 0.484375 0.347656 0.484375 0.343750 0.482422 0.341797 0.482422 0.339844 0.478516 0.335938
0 0.212891 0.353516 0.210938 0.355469 0.205078 0.355469 0.203125 0.357422 0.203125 0.365234 0.201172 0.367188 0.201172 0.371094 0.203125 0.373047 0.203125 0.375000 0.207031 0.378906 0.208984 0.378906 0.210938 0.380859 0.242188 0.380859 0.244141 0.378906 0.246094 0.378906 0.248047 0.376953 0.251953 0.376953 0.253906 0.375000 0.255859 0.375000 0.261719 0.369141 0.261719 0.365234 0.263672 0.363281 0.263672 0.355469 0.261719 0.353516
0 0.335938 0.347656 0.333984 0.349609 0.328125 0.349609 0.326172 0.351562 0.318359 0.351562 0.316406 0.353516 0.310547 0.353516 0.308594 0.355469 0.300781 0.355469 0.287109 0.369141 0.287109 0.371094 0.277344 0.380859 0.277344 0.382812 0.275391 0.384766 0.275391 0.386719 0.271484 0.390625 0.271484 0.392578 0.269531 0.394531 0.269531 0.406250 0.289062 0.406250 0.291016 0.404297 0.294922 0.404297 0.296875 0.402344 0.300781 0.402344 0.302734 0.400391 0.306641 0.400391 0.308594 0.398438 0.310547 0.398438 0.312500 0.396484 0.314453 0.396484 0.316406 0.394531 0.320312 0.394531 0.324219 0.390625 0.326172 0.390625 0.328125 0.388672 0.330078 0.388672 0.333984 0.384766 0.335938 0.384766 0.351562 0.369141 0.351562 0.365234 0.353516 0.363281 0.353516 0.355469 0.351562 0.353516 0.351562 0.351562 0.347656 0.347656
0 0.792969 0.361328 0.791016 0.363281 0.783203 0.363281 0.781250 0.365234 0.777344 0.365234 0.775391 0.367188 0.771484 0.367188 0.769531 0.369141 0.767578 0.369141 0.750000 0.386719 0.750000 0.390625 0.751953 0.392578 0.753906 0.392578 0.757812 0.396484 0.777344 0.396484 0.779297 0.394531 0.781250 0.394531 0.785156 0.390625 0.787109 0.390625 0.791016 0.386719 0.792969 0.386719 0.794922 0.384766 0.796875 0.384766 0.800781 0.380859 0.802734 0.380859 0.806641 0.376953 0.808594 0.376953 0.810547 0.375000 0.812500 0.375000 0.818359 0.369141 0.818359 0.363281 0.816406 0.363281 0.814453 0.361328
0 0.685547 0.359375 0.683594 0.361328 0.677734 0.361328 0.666016 0.373047 0.666016 0.375000 0.664062 0.376953 0.664062 0.378906 0.660156 0.382812 0.660156 0.384766 0.658203 0.386719 0.658203 0.398438 0.660156 0.400391 0.660156 0.404297 0.664062 0.408203 0.664062 0.410156 0.667969 0.410156 0.669922 0.412109 0.685547 0.412109 0.687500 0.410156 0.697266 0.410156 0.699219 0.408203 0.701172 0.408203 0.703125 0.406250 0.705078 0.406250 0.708984 0.402344 0.710938 0.402344 0.720703 0.392578 0.720703 0.390625 0.722656 0.388672 0.722656 0.375000 0.708984 0.361328 0.707031 0.361328 0.705078 0.359375
0 0.796875 0.408203 0.794922 0.410156 0.791016 0.410156 0.789062 0.412109 0.783203 0.412109 0.781250 0.414062 0.775391 0.414062 0.773438 0.416016 0.769531 0.416016 0.767578 0.417969 0.765625 0.417969 0.761719 0.421875 0.759766 0.421875 0.757812 0.423828 0.755859 0.423828 0.753906 0.425781 0.751953 0.425781 0.750000 0.427734 0.746094 0.427734 0.744141 0.429688 0.742188 0.429688 0.740234 0.431641 0.738281 0.431641 0.736328 0.433594 0.734375 0.433594 0.732422 0.435547 0.730469 0.435547 0.728516 0.437500 0.726562 0.437500 0.724609 0.439453 0.722656 0.439453 0.720703 0.441406 0.720703 0.443359 0.718750 0.445312 0.718750 0.449219 0.720703 0.451172 0.720703 0.453125 0.724609 0.457031 0.734375 0.457031 0.736328 0.455078 0.744141 0.455078 0.746094 0.453125 0.748047 0.453125 0.750000 0.451172 0.753906 0.451172 0.755859 0.449219 0.757812 0.449219 0.759766 0.447266 0.761719 0.447266 0.781250 0.427734 0.783203 0.427734 0.791016 0.419922 0.794922 0.419922 0.800781 0.414062 0.800781 0.408203
0 0.406250 0.597656 0.404297 0.599609 0.398438 0.599609 0.396484 0.601562 0.394531 0.601562 0.392578 0.603516 0.390625 0.603516 0.386719 0.607422 0.384766 0.607422 0.378906 0.613281 0.376953 0.613281 0.376953 0.615234 0.375000 0.617188 0.373047 0.617188 0.373047 0.619141 0.371094 0.621094 0.371094 0.623047 0.367188 0.626953 0.367188 0.644531 0.373047 0.650391 0.375000 0.650391 0.378906 0.654297 0.380859 0.654297 0.384766 0.658203 0.386719 0.658203 0.388672 0.660156 0.404297 0.660156 0.406250 0.658203 0.410156 0.658203 0.412109 0.656250 0.416016 0.656250 0.417969 0.654297 0.419922 0.654297 0.421875 0.652344 0.423828 0.652344 0.425781 0.650391 0.427734 0.650391 0.431641 0.646484 0.433594 0.646484 0.441406 0.638672 0.441406 0.632812 0.443359 0.630859 0.443359 0.625000 0.445312 0.623047 0.445312 0.621094 0.443359 0.619141 0.443359 0.613281 0.441406 0.611328 0.441406 0.609375 0.437500 0.605469 0.435547 0.605469 0.431641 0.601562 0.429688 0.601562 0.427734 0.599609 0.425781 0.599609 0.423828 0.597656
0 0.990234 0.619141 0.988281 0.621094 0.986328 0.621094 0.980469 0.626953 0.980469 0.628906 0.976562 0.632812 0.976562 0.636719 0.974609 0.638672 0.974609 0.648438 0.976562 0.650391 0.976562 0.654297 0.980469 0.658203 0.982422 0.658203 0.986328 0.662109 0.988281 0.662109 0.990234 0.664062 0.998047 0.664062 0.998047 0.619141
0 0.988281 0.697266 0.984375 0.701172 0.982422 0.701172 0.980469 0.703125 0.980469 0.705078 0.974609 0.710938 0.974609 0.712891 0.972656 0.714844 0.972656 0.716797 0.970703 0.718750 0.970703 0.720703 0.966797 0.724609 0.966797 0.728516 0.964844 0.730469 0.964844 0.744141 0.968750 0.748047 0.982422 0.748047 0.984375 0.746094 0.990234 0.746094 0.992188 0.744141 0.998047 0.744141 0.998047 0.697266
0 0.070312 0.687500 0.068359 0.689453 0.060547 0.689453 0.058594 0.691406 0.052734 0.691406 0.042969 0.701172 0.041016 0.701172 0.027344 0.714844 0.027344 0.728516 0.035156 0.736328 0.037109 0.736328 0.041016 0.740234 0.042969 0.740234 0.044922 0.742188 0.046875 0.742188 0.048828 0.744141 0.050781 0.744141 0.052734 0.746094 0.054688 0.746094 0.056641 0.748047 0.058594 0.748047 0.062500 0.751953 0.066406 0.751953 0.072266 0.757812 0.074219 0.757812 0.076172 0.759766 0.078125 0.759766 0.080078 0.761719 0.082031 0.761719 0.083984 0.763672 0.085938 0.763672 0.087891 0.765625 0.089844 0.765625 0.091797 0.767578 0.107422 0.767578 0.109375 0.765625 0.113281 0.765625 0.115234 0.763672 0.117188 0.763672 0.119141 0.761719 0.121094 0.761719 0.125000 0.757812 0.126953 0.757812 0.132812 0.751953 0.132812 0.750000 0.134766 0.748047 0.134766 0.736328 0.132812 0.734375 0.132812 0.730469 0.130859 0.728516 0.130859 0.726562 0.128906 0.724609 0.128906 0.722656 0.123047 0.716797 0.123047 0.714844 0.121094 0.712891 0.121094 0.710938 0.117188 0.707031 0.117188 0.705078 0.113281 0.701172 0.111328 0.701172 0.107422 0.697266 0.105469 0.697266 0.103516 0.695312 0.101562 0.695312 0.099609 0.693359 0.097656 0.693359 0.095703 0.691406 0.089844 0.691406 0.085938 0.687500
0 0.873047 0.812500 0.871094 0.814453 0.869141 0.814453 0.867188 0.816406 0.865234 0.816406 0.859375 0.822266 0.857422 0.822266 0.855469 0.824219 0.855469 0.826172 0.853516 0.828125 0.851562 0.828125 0.843750 0.835938 0.843750 0.843750 0.849609 0.843750 0.851562 0.845703 0.857422 0.845703 0.859375 0.847656 0.865234 0.847656 0.867188 0.849609 0.892578 0.849609 0.894531 0.847656 0.904297 0.847656 0.906250 0.845703 0.910156 0.845703 0.912109 0.843750 0.914062 0.843750 0.916016 0.841797 0.917969 0.841797 0.919922 0.839844 0.923828 0.839844 0.925781 0.837891 0.927734 0.837891 0.929688 0.835938 0.933594 0.835938 0.935547 0.833984 0.939453 0.833984 0.941406 0.832031 0.943359 0.832031 0.945312 0.830078 0.947266 0.830078 0.949219 0.828125 0.951172 0.828125 0.951172 0.826172 0.953125 0.824219 0.953125 0.822266 0.951172 0.820312 0.943359 0.820312 0.941406 0.818359 0.927734 0.818359 0.925781 0.816406 0.917969 0.816406 0.916016 0.814453 0.904297 0.814453 0.902344 0.812500
0 0.992188 0.802734 0.990234 0.804688 0.988281 0.804688 0.980469 0.812500 0.980469 0.814453 0.974609 0.820312 0.974609 0.822266 0.972656 0.824219 0.972656 0.828125 0.970703 0.830078 0.970703 0.841797 0.974609 0.845703 0.976562 0.845703 0.980469 0.849609 0.982422 0.849609 0.986328 0.853516 0.990234 0.853516 0.992188 0.855469 0.994141 0.855469 0.996094 0.857422 0.998047 0.857422 0.998047 0.802734
0 0.929688 0.839844 0.927734 0.841797 0.925781 0.841797 0.921875 0.845703 0.921875 0.847656 0.919922 0.849609 0.916016 0.849609 0.914062 0.851562 0.914062 0.853516 0.910156 0.857422 0.910156 0.859375 0.908203 0.861328 0.908203 0.863281 0.906250 0.865234 0.906250 0.867188 0.902344 0.871094 0.902344 0.875000 0.900391 0.876953 0.900391 0.890625 0.902344 0.892578 0.902344 0.894531 0.904297 0.896484 0.904297 0.900391 0.906250 0.902344 0.906250 0.904297 0.908203 0.906250 0.910156 0.906250 0.912109 0.908203 0.912109 0.910156 0.916016 0.910156 0.917969 0.912109 0.921875 0.912109 0.923828 0.914062 0.933594 0.914062 0.935547 0.916016 0.941406 0.916016 0.943359 0.917969 0.953125 0.917969 0.957031 0.914062 0.968750 0.914062 0.970703 0.912109 0.972656 0.912109 0.978516 0.906250 0.978516 0.904297 0.980469 0.902344 0.980469 0.894531 0.982422 0.892578 0.982422 0.873047 0.980469 0.871094 0.980469 0.869141 0.978516 0.867188 0.978516 0.865234 0.974609 0.861328 0.974609 0.859375 0.972656 0.857422 0.972656 0.855469 0.970703 0.855469 0.966797 0.851562 0.966797 0.849609 0.962891 0.845703 0.960938 0.845703 0.958984 0.843750 0.957031 0.843750 0.953125 0.839844
0 0.677734 0.933594 0.675781 0.935547 0.671875 0.935547 0.652344 0.955078 0.650391 0.955078 0.646484 0.958984 0.644531 0.958984 0.636719 0.966797 0.636719 0.970703 0.638672 0.970703 0.640625 0.972656 0.660156 0.972656 0.662109 0.970703 0.666016 0.970703 0.667969 0.968750 0.671875 0.968750 0.677734 0.962891 0.677734 0.960938 0.679688 0.958984 0.679688 0.957031 0.681641 0.955078 0.681641 0.953125 0.683594 0.951172 0.683594 0.933594
0 0.062500 0.927734 0.060547 0.929688 0.048828 0.929688 0.046875 0.931641 0.042969 0.931641 0.041016 0.933594 0.039062 0.933594 0.031250 0.941406 0.031250 0.943359 0.027344 0.947266 0.027344 0.949219 0.019531 0.957031 0.019531 0.958984 0.009766 0.968750 0.007812 0.968750 0.001953 0.974609 0.000000 0.974609 0.000000 0.982422 0.001953 0.984375 0.001953 0.986328 0.003906 0.986328 0.005859 0.988281 0.011719 0.988281 0.013672 0.990234 0.019531 0.990234 0.021484 0.992188 0.066406 0.992188 0.068359 0.990234 0.072266 0.990234 0.074219 0.988281 0.078125 0.988281 0.085938 0.980469 0.085938 0.978516 0.089844 0.974609 0.089844 0.972656 0.091797 0.970703 0.091797 0.968750 0.093750 0.966797 0.093750 0.964844 0.095703 0.962891 0.095703 0.960938 0.097656 0.958984 0.097656 0.957031 0.099609 0.955078 0.099609 0.953125 0.101562 0.951172 0.101562 0.949219 0.103516 0.947266 0.103516 0.943359 0.105469 0.941406 0.105469 0.931641 0.103516 0.929688 0.101562 0.929688 0.099609 0.927734
0 0.845703 0.927734 0.843750 0.929688 0.833984 0.929688 0.832031 0.931641 0.826172 0.931641 0.822266 0.935547 0.820312 0.935547 0.812500 0.943359 0.812500 0.953125 0.814453 0.955078 0.814453 0.957031 0.816406 0.958984 0.816406 0.960938 0.818359 0.962891 0.820312 0.962891 0.822266 0.964844 0.826172 0.964844 0.828125 0.966797 0.830078 0.966797 0.832031 0.968750 0.835938 0.968750 0.837891 0.970703 0.839844 0.970703 0.843750 0.974609 0.845703 0.974609 0.849609 0.978516 0.851562 0.978516 0.855469 0.982422 0.857422 0.982422 0.859375 0.984375 0.861328 0.984375 0.865234 0.988281 0.867188 0.988281 0.871094 0.992188 0.873047 0.992188 0.876953 0.996094 0.878906 0.996094 0.880859 0.998047 0.939453 0.998047 0.943359 0.994141 0.943359 0.992188 0.947266 0.988281 0.947266 0.966797 0.945312 0.964844 0.945312 0.962891 0.943359 0.962891 0.941406 0.960938 0.939453 0.960938 0.937500 0.958984 0.935547 0.958984 0.933594 0.957031 0.931641 0.957031 0.929688 0.955078 0.927734 0.955078 0.925781 0.953125 0.923828 0.953125 0.921875 0.951172 0.919922 0.951172 0.910156 0.941406 0.908203 0.941406 0.906250 0.939453 0.902344 0.939453 0.900391 0.937500 0.898438 0.937500 0.896484 0.935547 0.890625 0.935547 0.888672 0.933594 0.875000 0.933594 0.873047 0.931641 0.867188 0.931641 0.865234 0.929688 0.859375 0.929688 0.857422 0.927734
0 0.675781 0.968750 0.673828 0.970703 0.667969 0.970703 0.666016 0.972656 0.662109 0.972656 0.660156 0.974609 0.640625 0.974609 0.638672 0.972656 0.630859 0.972656 0.628906 0.970703 0.595703 0.970703 0.593750 0.972656 0.589844 0.972656 0.583984 0.978516 0.583984 0.980469 0.582031 0.982422 0.582031 0.986328 0.580078 0.988281 0.580078 0.994141 0.582031 0.996094 0.582031 0.998047 0.722656 0.998047 0.724609 0.996094 0.736328 0.996094 0.736328 0.990234 0.732422 0.986328 0.732422 0.984375 0.726562 0.978516 0.724609 0.978516 0.722656 0.976562 0.720703 0.976562 0.718750 0.974609 0.716797 0.974609 0.714844 0.972656 0.708984 0.972656 0.707031 0.970703 0.701172 0.970703 0.699219 0.968750
0 0.810547 0.976562 0.808594 0.978516 0.804688 0.978516 0.802734 0.980469 0.796875 0.980469 0.794922 0.982422 0.792969 0.982422 0.789062 0.986328 0.787109 0.986328 0.781250 0.992188 0.781250 0.996094 0.779297 0.998047 0.851562 0.998047 0.853516 0.996094 0.853516 0.994141 0.849609 0.990234 0.847656 0.990234 0.845703 0.988281 0.843750 0.988281 0.839844 0.984375 0.837891 0.984375 0.835938 0.982422 0.833984 0.982422 0.832031 0.980469 0.828125 0.980469 0.826172 0.978516 0.820312 0.978516 0.818359 0.976562
