0 0.189453 0.000000 0.189453 0.005859 0.191406 0.007812 0.191406 0.011719 0.193359 0.013672 0.193359 0.015625 0.197266 0.019531 0.197266 0.021484 0.203125 0.027344 0.205078 0.027344 0.208984 0.031250 0.210938 0.031250 0.214844 0.035156 0.232422 0.035156 0.236328 0.031250 0.238281 0.031250 0.246094 0.023438 0.246094 0.021484 0.248047 0.019531 0.250000 0.019531 0.250000 0.015625 0.253906 0.011719 0.253906 0.007812 0.255859 0.005859 0.255859 0.003906 0.257812 0.001953 0.257812 0.000000
0 0.716797 0.005859 0.714844 0.007812 0.714844 0.009766 0.710938 0.013672 0.710938 0.023438 0.712891 0.025391 0.712891 0.027344 0.716797 0.031250 0.726562 0.031250 0.728516 0.029297 0.730469 0.029297 0.730469 0.025391 0.732422 0.023438 0.732422 0.017578 0.730469 0.015625 0.730469 0.011719 0.728516 0.009766 0.728516 0.007812 0.726562 0.005859
0 0.498047 0.000000 0.492188 0.005859 0.492188 0.007812 0.490234 0.009766 0.490234 0.033203 0.496094 0.039062 0.500000 0.039062 0.501953 0.041016 0.509766 0.041016 0.511719 0.042969 0.533203 0.042969 0.535156 0.041016 0.535156 0.039062 0.537109 0.037109 0.539062 0.037109 0.539062 0.033203 0.541016 0.031250 0.541016 0.029297 0.542969 0.027344 0.542969 0.001953 0.541016 0.000000
0 0.943359 0.000000 0.945312 0.001953 0.945312 0.003906 0.955078 0.013672 0.957031 0.013672 0.960938 0.017578 0.962891 0.017578 0.968750 0.023438 0.970703 0.023438 0.972656 0.025391 0.974609 0.025391 0.984375 0.035156 0.986328 0.035156 0.990234 0.039062 0.998047 0.039062 0.998047 0.000000
0 0.083984 0.000000 0.083984 0.037109 0.087891 0.041016 0.087891 0.042969 0.089844 0.042969 0.091797 0.044922 0.093750 0.044922 0.095703 0.046875 0.115234 0.046875 0.117188 0.044922 0.121094 0.044922 0.123047 0.042969 0.125000 0.042969 0.130859 0.037109 0.132812 0.037109 0.132812 0.035156 0.136719 0.031250 0.136719 0.025391 0.138672 0.023438 0.138672 0.009766 0.136719 0.007812 0.136719 0.005859 0.134766 0.003906 0.134766 0.001953 0.132812 0.000000
0 0.597656 0.015625 0.595703 0.017578 0.591797 0.017578 0.585938 0.023438 0.585938 0.025391 0.582031 0.029297 0.582031 0.031250 0.580078 0.033203 0.580078 0.037109 0.578125 0.039062 0.578125 0.044922 0.580078 0.046875 0.580078 0.050781 0.591797 0.062500 0.595703 0.062500 0.597656 0.064453 0.599609 0.064453 0.601562 0.066406 0.603516 0.066406 0.605469 0.064453 0.619141 0.064453 0.621094 0.062500 0.623047 0.062500 0.625000 0.060547 0.630859 0.060547 0.632812 0.058594 0.636719 0.058594 0.638672 0.056641 0.640625 0.056641 0.646484 0.050781 0.646484 0.033203 0.644531 0.031250 0.644531 0.029297 0.640625 0.025391 0.640625 0.023438 0.638672 0.023438 0.634766 0.019531 0.632812 0.019531 0.630859 0.017578 0.626953 0.017578 0.625000 0.015625
0 0.218750 0.037109 0.216797 0.039062 0.214844 0.039062 0.212891 0.041016 0.210938 0.041016 0.205078 0.046875 0.205078 0.048828 0.201172 0.052734 0.201172 0.054688 0.197266 0.058594 0.197266 0.080078 0.199219 0.082031 0.199219 0.087891 0.201172 0.089844 0.201172 0.093750 0.230469 0.093750 0.234375 0.089844 0.236328 0.089844 0.244141 0.082031 0.246094 0.082031 0.246094 0.078125 0.250000 0.074219 0.250000 0.068359 0.248047 0.066406 0.248047 0.062500 0.246094 0.060547 0.246094 0.054688 0.242188 0.050781 0.242188 0.048828 0.236328 0.042969 0.236328 0.041016 0.234375 0.039062 0.230469 0.039062 0.228516 0.037109
0 0.267578 0.054688 0.265625 0.056641 0.263672 0.056641 0.263672 0.058594 0.259766 0.062500 0.259766 0.066406 0.257812 0.068359 0.257812 0.070312 0.255859 0.072266 0.255859 0.076172 0.253906 0.078125 0.253906 0.082031 0.255859 0.083984 0.255859 0.085938 0.257812 0.087891 0.257812 0.089844 0.263672 0.095703 0.263672 0.097656 0.265625 0.097656 0.267578 0.099609 0.269531 0.099609 0.271484 0.101562 0.273438 0.101562 0.275391 0.103516 0.277344 0.103516 0.279297 0.105469 0.312500 0.105469 0.314453 0.103516 0.316406 0.103516 0.318359 0.101562 0.320312 0.101562 0.320312 0.099609 0.322266 0.097656 0.324219 0.097656 0.324219 0.083984 0.322266 0.082031 0.322266 0.080078 0.320312 0.078125 0.320312 0.074219 0.318359 0.074219 0.316406 0.072266 0.316406 0.068359 0.314453 0.068359 0.310547 0.064453 0.306641 0.064453 0.302734 0.060547 0.298828 0.060547 0.296875 0.058594 0.294922 0.058594 0.292969 0.056641 0.283203 0.056641 0.281250 0.054688
0 0.460938 0.050781 0.458984 0.052734 0.455078 0.052734 0.455078 0.054688 0.441406 0.068359 0.441406 0.070312 0.437500 0.074219 0.437500 0.093750 0.439453 0.095703 0.439453 0.097656 0.443359 0.101562 0.445312 0.101562 0.449219 0.105469 0.453125 0.105469 0.457031 0.109375 0.462891 0.109375 0.464844 0.111328 0.466797 0.111328 0.468750 0.113281 0.494141 0.113281 0.496094 0.111328 0.498047 0.111328 0.500000 0.109375 0.515625 0.109375 0.515625 0.107422 0.517578 0.105469 0.519531 0.105469 0.519531 0.097656 0.503906 0.082031 0.503906 0.080078 0.501953 0.080078 0.500000 0.078125 0.500000 0.076172 0.496094 0.072266 0.496094 0.070312 0.492188 0.066406 0.492188 0.064453 0.488281 0.060547 0.488281 0.058594 0.486328 0.058594 0.484375 0.056641 0.482422 0.056641 0.478516 0.052734 0.476562 0.052734 0.474609 0.050781
0 0.875000 0.078125 0.873047 0.080078 0.871094 0.080078 0.871094 0.097656 0.873047 0.099609 0.873047 0.101562 0.875000 0.101562 0.876953 0.103516 0.876953 0.105469 0.884766 0.113281 0.894531 0.113281 0.898438 0.109375 0.898438 0.107422 0.896484 0.105469 0.896484 0.103516 0.894531 0.101562 0.894531 0.099609 0.892578 0.097656 0.892578 0.095703 0.890625 0.093750 0.890625 0.083984 0.888672 0.083984 0.886719 0.082031 0.886719 0.080078 0.884766 0.080078 0.882812 0.078125
0 0.902344 0.078125 0.900391 0.080078 0.898438 0.080078 0.892578 0.085938 0.892578 0.093750 0.894531 0.095703 0.894531 0.097656 0.896484 0.099609 0.896484 0.101562 0.898438 0.103516 0.898438 0.105469 0.904297 0.111328 0.904297 0.113281 0.906250 0.113281 0.908203 0.115234 0.908203 0.117188 0.912109 0.121094 0.914062 0.121094 0.916016 0.123047 0.923828 0.123047 0.925781 0.121094 0.929688 0.121094 0.929688 0.119141 0.931641 0.117188 0.933594 0.117188 0.941406 0.109375 0.941406 0.087891 0.939453 0.085938 0.939453 0.083984 0.935547 0.083984 0.933594 0.082031 0.931641 0.082031 0.929688 0.080078 0.923828 0.080078 0.921875 0.078125
0 0.625000 0.068359 0.621094 0.072266 0.619141 0.072266 0.617188 0.074219 0.617188 0.076172 0.615234 0.078125 0.615234 0.080078 0.611328 0.083984 0.611328 0.085938 0.609375 0.087891 0.609375 0.089844 0.607422 0.091797 0.607422 0.093750 0.605469 0.095703 0.605469 0.097656 0.603516 0.099609 0.603516 0.123047 0.607422 0.126953 0.607422 0.128906 0.611328 0.132812 0.613281 0.132812 0.615234 0.134766 0.615234 0.136719 0.617188 0.136719 0.619141 0.138672 0.621094 0.138672 0.623047 0.140625 0.625000 0.140625 0.628906 0.144531 0.630859 0.144531 0.634766 0.148438 0.638672 0.148438 0.640625 0.150391 0.650391 0.150391 0.654297 0.146484 0.658203 0.146484 0.662109 0.142578 0.664062 0.142578 0.664062 0.140625 0.666016 0.138672 0.666016 0.136719 0.667969 0.134766 0.667969 0.099609 0.666016 0.097656 0.666016 0.095703 0.664062 0.093750 0.664062 0.091797 0.662109 0.091797 0.660156 0.089844 0.660156 0.087891 0.656250 0.083984 0.656250 0.082031 0.648438 0.074219 0.646484 0.074219 0.644531 0.072266 0.642578 0.072266 0.640625 0.070312 0.640625 0.068359
0 0.263672 0.119141 0.261719 0.121094 0.259766 0.121094 0.257812 0.123047 0.255859 0.123047 0.244141 0.134766 0.244141 0.146484 0.250000 0.152344 0.257812 0.152344 0.259766 0.154297 0.291016 0.154297 0.292969 0.152344 0.296875 0.152344 0.296875 0.150391 0.298828 0.148438 0.300781 0.148438 0.300781 0.146484 0.304688 0.142578 0.304688 0.140625 0.306641 0.138672 0.306641 0.136719 0.308594 0.134766 0.308594 0.126953 0.306641 0.125000 0.304688 0.125000 0.302734 0.123047 0.294922 0.123047 0.292969 0.121094 0.289062 0.121094 0.287109 0.119141
0 0.095703 0.201172 0.091797 0.205078 0.085938 0.205078 0.082031 0.208984 0.080078 0.208984 0.080078 0.210938 0.078125 0.212891 0.076172 0.212891 0.076172 0.232422 0.078125 0.232422 0.080078 0.234375 0.080078 0.236328 0.083984 0.240234 0.083984 0.246094 0.085938 0.248047 0.085938 0.250000 0.087891 0.250000 0.089844 0.251953 0.093750 0.251953 0.095703 0.250000 0.097656 0.250000 0.101562 0.246094 0.101562 0.236328 0.103516 0.234375 0.103516 0.228516 0.105469 0.226562 0.105469 0.220703 0.107422 0.218750 0.109375 0.218750 0.109375 0.214844 0.111328 0.212891 0.111328 0.208984 0.109375 0.207031 0.109375 0.203125 0.107422 0.201172
0 0.986328 0.207031 0.984375 0.208984 0.982422 0.208984 0.978516 0.212891 0.976562 0.212891 0.974609 0.214844 0.974609 0.218750 0.972656 0.220703 0.972656 0.226562 0.974609 0.228516 0.974609 0.230469 0.976562 0.230469 0.978516 0.232422 0.978516 0.234375 0.980469 0.234375 0.988281 0.242188 0.990234 0.242188 0.994141 0.246094 0.994141 0.248047 0.996094 0.250000 0.998047 0.250000 0.998047 0.210938 0.996094 0.208984 0.996094 0.207031
0 0.044922 0.228516 0.044922 0.251953 0.046875 0.253906 0.046875 0.255859 0.050781 0.259766 0.050781 0.261719 0.052734 0.263672 0.052734 0.265625 0.056641 0.269531 0.058594 0.269531 0.064453 0.275391 0.074219 0.275391 0.080078 0.269531 0.080078 0.267578 0.082031 0.265625 0.082031 0.259766 0.083984 0.257812 0.083984 0.248047 0.082031 0.246094 0.082031 0.240234 0.078125 0.236328 0.078125 0.234375 0.076172 0.234375 0.074219 0.232422 0.070312 0.232422 0.068359 0.230469 0.066406 0.230469 0.064453 0.228516
0 0.437500 0.218750 0.435547 0.220703 0.429688 0.220703 0.425781 0.224609 0.425781 0.226562 0.419922 0.232422 0.419922 0.236328 0.416016 0.240234 0.416016 0.257812 0.417969 0.259766 0.417969 0.263672 0.419922 0.265625 0.419922 0.267578 0.423828 0.271484 0.423828 0.273438 0.425781 0.273438 0.427734 0.275391 0.429688 0.275391 0.431641 0.277344 0.435547 0.277344 0.439453 0.281250 0.445312 0.281250 0.447266 0.283203 0.449219 0.283203 0.451172 0.285156 0.455078 0.285156 0.457031 0.287109 0.466797 0.287109 0.468750 0.285156 0.468750 0.283203 0.470703 0.281250 0.472656 0.281250 0.472656 0.271484 0.474609 0.269531 0.474609 0.265625 0.476562 0.263672 0.476562 0.257812 0.478516 0.255859 0.478516 0.253906 0.480469 0.251953 0.480469 0.240234 0.478516 0.238281 0.478516 0.234375 0.476562 0.232422 0.476562 0.224609 0.474609 0.222656 0.472656 0.222656 0.470703 0.220703 0.462891 0.220703 0.460938 0.218750
0 0.275391 0.236328 0.257812 0.253906 0.257812 0.257812 0.255859 0.259766 0.255859 0.277344 0.257812 0.279297 0.257812 0.283203 0.259766 0.285156 0.259766 0.291016 0.263672 0.294922 0.263672 0.296875 0.267578 0.300781 0.267578 0.302734 0.269531 0.304688 0.271484 0.304688 0.275391 0.308594 0.277344 0.308594 0.277344 0.306641 0.279297 0.304688 0.279297 0.298828 0.281250 0.296875 0.281250 0.292969 0.283203 0.291016 0.285156 0.291016 0.287109 0.289062 0.289062 0.289062 0.291016 0.287109 0.296875 0.287109 0.300781 0.283203 0.314453 0.283203 0.318359 0.287109 0.320312 0.287109 0.324219 0.283203 0.324219 0.263672 0.322266 0.261719 0.322266 0.259766 0.320312 0.257812 0.320312 0.253906 0.316406 0.250000 0.316406 0.248047 0.314453 0.248047 0.312500 0.246094 0.312500 0.244141 0.310547 0.244141 0.308594 0.242188 0.308594 0.240234 0.304688 0.240234 0.300781 0.236328
0 0.712891 0.244141 0.710938 0.246094 0.708984 0.246094 0.707031 0.248047 0.705078 0.248047 0.689453 0.263672 0.689453 0.281250 0.691406 0.283203 0.691406 0.285156 0.693359 0.287109 0.693359 0.291016 0.697266 0.294922 0.697266 0.298828 0.699219 0.298828 0.705078 0.304688 0.707031 0.304688 0.710938 0.308594 0.714844 0.308594 0.716797 0.310547 0.742188 0.310547 0.744141 0.308594 0.750000 0.308594 0.755859 0.302734 0.757812 0.302734 0.757812 0.300781 0.761719 0.296875 0.761719 0.292969 0.763672 0.291016 0.763672 0.277344 0.761719 0.275391 0.761719 0.269531 0.757812 0.265625 0.757812 0.263672 0.751953 0.257812 0.751953 0.255859 0.750000 0.253906 0.750000 0.251953 0.748047 0.251953 0.744141 0.248047 0.742188 0.248047 0.738281 0.244141
0 0.300781 0.285156 0.296875 0.289062 0.291016 0.289062 0.289062 0.291016 0.287109 0.291016 0.285156 0.292969 0.283203 0.292969 0.283203 0.296875 0.281250 0.298828 0.281250 0.304688 0.279297 0.306641 0.279297 0.332031 0.281250 0.333984 0.281250 0.337891 0.283203 0.339844 0.283203 0.347656 0.285156 0.347656 0.287109 0.349609 0.287109 0.355469 0.289062 0.355469 0.291016 0.357422 0.291016 0.359375 0.292969 0.361328 0.292969 0.363281 0.294922 0.363281 0.298828 0.367188 0.300781 0.367188 0.302734 0.369141 0.302734 0.371094 0.328125 0.371094 0.330078 0.369141 0.332031 0.369141 0.332031 0.367188 0.335938 0.363281 0.335938 0.361328 0.337891 0.359375 0.339844 0.359375 0.339844 0.355469 0.341797 0.353516 0.341797 0.351562 0.343750 0.349609 0.343750 0.328125 0.341797 0.326172 0.341797 0.318359 0.339844 0.316406 0.339844 0.310547 0.335938 0.306641 0.335938 0.304688 0.332031 0.300781 0.332031 0.298828 0.328125 0.294922 0.326172 0.294922 0.320312 0.289062 0.318359 0.289062 0.314453 0.285156
0 0.191406 0.318359 0.187500 0.322266 0.185547 0.322266 0.185547 0.324219 0.183594 0.326172 0.183594 0.328125 0.181641 0.330078 0.181641 0.332031 0.179688 0.333984 0.179688 0.335938 0.183594 0.339844 0.187500 0.339844 0.189453 0.341797 0.189453 0.343750 0.193359 0.343750 0.195312 0.345703 0.195312 0.347656 0.197266 0.347656 0.201172 0.351562 0.203125 0.351562 0.205078 0.353516 0.205078 0.355469 0.207031 0.355469 0.208984 0.357422 0.208984 0.363281 0.210938 0.365234 0.210938 0.367188 0.226562 0.367188 0.226562 0.343750 0.224609 0.341797 0.224609 0.339844 0.222656 0.337891 0.222656 0.335938 0.218750 0.332031 0.218750 0.330078 0.216797 0.330078 0.214844 0.328125 0.214844 0.326172 0.212891 0.326172 0.207031 0.320312 0.205078 0.320312 0.203125 0.318359
0 0.417969 0.322266 0.416016 0.324219 0.412109 0.324219 0.410156 0.326172 0.404297 0.326172 0.404297 0.328125 0.402344 0.330078 0.400391 0.330078 0.396484 0.333984 0.396484 0.335938 0.392578 0.339844 0.392578 0.359375 0.394531 0.359375 0.398438 0.363281 0.400391 0.363281 0.404297 0.367188 0.406250 0.367188 0.408203 0.369141 0.417969 0.369141 0.419922 0.367188 0.421875 0.367188 0.421875 0.365234 0.423828 0.363281 0.425781 0.363281 0.425781 0.359375 0.433594 0.351562 0.437500 0.351562 0.437500 0.337891 0.435547 0.335938 0.435547 0.332031 0.433594 0.330078 0.433594 0.328125 0.427734 0.322266
0 0.451172 0.330078 0.449219 0.332031 0.447266 0.332031 0.439453 0.339844 0.439453 0.351562 0.445312 0.357422 0.445312 0.359375 0.447266 0.359375 0.451172 0.363281 0.453125 0.363281 0.455078 0.365234 0.457031 0.365234 0.458984 0.367188 0.464844 0.367188 0.466797 0.369141 0.466797 0.371094 0.480469 0.371094 0.484375 0.367188 0.486328 0.367188 0.488281 0.365234 0.488281 0.349609 0.486328 0.347656 0.486328 0.345703 0.484375 0.343750 0.484375 0.341797 0.482422 0.341797 0.480469 0.339844 0.480469 0.337891 0.478516 0.337891 0.476562 0.335938 0.476562 0.333984 0.472656 0.333984 0.468750 0.330078
0 0.162109 0.335938 0.156250 0.341797 0.154297 0.341797 0.152344 0.343750 0.152344 0.345703 0.150391 0.347656 0.150391 0.351562 0.148438 0.353516 0.148438 0.355469 0.146484 0.357422 0.146484 0.369141 0.150391 0.373047 0.150391 0.375000 0.152344 0.375000 0.156250 0.378906 0.166016 0.378906 0.167969 0.380859 0.171875 0.380859 0.173828 0.382812 0.187500 0.382812 0.189453 0.380859 0.195312 0.380859 0.197266 0.378906 0.201172 0.378906 0.205078 0.375000 0.207031 0.375000 0.207031 0.373047 0.208984 0.371094 0.208984 0.365234 0.207031 0.363281 0.207031 0.357422 0.205078 0.357422 0.203125 0.355469 0.203125 0.353516 0.201172 0.353516 0.197266 0.349609 0.195312 0.349609 0.193359 0.347656 0.193359 0.345703 0.189453 0.345703 0.187500 0.343750 0.187500 0.341797 0.183594 0.341797 0.179688 0.337891 0.175781 0.337891 0.173828 0.335938
0 0.896484 0.337891 0.892578 0.341797 0.888672 0.341797 0.888672 0.345703 0.886719 0.347656 0.886719 0.353516 0.884766 0.355469 0.884766 0.359375 0.882812 0.361328 0.882812 0.371094 0.884766 0.373047 0.884766 0.384766 0.886719 0.386719 0.886719 0.388672 0.888672 0.388672 0.890625 0.390625 0.898438 0.390625 0.900391 0.392578 0.904297 0.392578 0.906250 0.394531 0.929688 0.394531 0.937500 0.386719 0.937500 0.373047 0.935547 0.371094 0.935547 0.369141 0.933594 0.367188 0.933594 0.361328 0.931641 0.359375 0.931641 0.357422 0.929688 0.355469 0.929688 0.353516 0.925781 0.349609 0.925781 0.347656 0.923828 0.347656 0.917969 0.341797 0.916016 0.341797 0.914062 0.339844 0.914062 0.337891
0 0.802734 0.355469 0.800781 0.357422 0.798828 0.357422 0.796875 0.359375 0.796875 0.361328 0.794922 0.363281 0.794922 0.365234 0.792969 0.367188 0.792969 0.369141 0.791016 0.371094 0.791016 0.382812 0.792969 0.382812 0.794922 0.384766 0.794922 0.388672 0.800781 0.394531 0.802734 0.394531 0.806641 0.398438 0.808594 0.398438 0.812500 0.402344 0.828125 0.402344 0.828125 0.400391 0.830078 0.398438 0.832031 0.398438 0.832031 0.396484 0.833984 0.394531 0.835938 0.394531 0.837891 0.392578 0.837891 0.373047 0.835938 0.371094 0.835938 0.367188 0.830078 0.361328 0.826172 0.361328 0.824219 0.359375 0.824219 0.357422 0.814453 0.357422 0.812500 0.355469
0 0.580078 0.353516 0.572266 0.361328 0.568359 0.361328 0.564453 0.365234 0.562500 0.365234 0.560547 0.367188 0.560547 0.371094 0.558594 0.373047 0.558594 0.375000 0.556641 0.376953 0.556641 0.378906 0.554688 0.380859 0.552734 0.380859 0.552734 0.386719 0.550781 0.388672 0.550781 0.390625 0.548828 0.392578 0.548828 0.398438 0.546875 0.400391 0.546875 0.402344 0.544922 0.404297 0.544922 0.414062 0.546875 0.416016 0.546875 0.417969 0.548828 0.419922 0.550781 0.419922 0.554688 0.423828 0.556641 0.421875 0.558594 0.421875 0.560547 0.419922 0.562500 0.419922 0.564453 0.417969 0.597656 0.417969 0.597656 0.416016 0.601562 0.412109 0.601562 0.410156 0.605469 0.406250 0.609375 0.406250 0.609375 0.396484 0.611328 0.394531 0.611328 0.378906 0.609375 0.376953 0.609375 0.371094 0.605469 0.367188 0.605469 0.365234 0.599609 0.359375 0.599609 0.357422 0.597656 0.357422 0.593750 0.353516
0 0.058594 0.390625 0.056641 0.392578 0.056641 0.412109 0.060547 0.416016 0.062500 0.416016 0.068359 0.421875 0.070312 0.421875 0.082031 0.410156 0.082031 0.408203 0.080078 0.406250 0.080078 0.404297 0.078125 0.402344 0.078125 0.400391 0.070312 0.392578 0.064453 0.392578 0.062500 0.390625
0 0.460938 0.373047 0.457031 0.376953 0.455078 0.376953 0.451172 0.380859 0.449219 0.380859 0.445312 0.384766 0.443359 0.384766 0.439453 0.388672 0.439453 0.390625 0.437500 0.392578 0.435547 0.392578 0.435547 0.394531 0.433594 0.396484 0.431641 0.396484 0.431641 0.398438 0.429688 0.400391 0.427734 0.400391 0.427734 0.417969 0.429688 0.419922 0.429688 0.423828 0.431641 0.425781 0.431641 0.431641 0.433594 0.433594 0.433594 0.437500 0.435547 0.439453 0.435547 0.445312 0.439453 0.449219 0.439453 0.453125 0.441406 0.453125 0.443359 0.455078 0.443359 0.457031 0.445312 0.457031 0.449219 0.460938 0.464844 0.460938 0.466797 0.458984 0.468750 0.458984 0.470703 0.457031 0.480469 0.457031 0.488281 0.449219 0.488281 0.423828 0.490234 0.421875 0.490234 0.419922 0.492188 0.417969 0.492188 0.414062 0.494141 0.412109 0.494141 0.410156 0.496094 0.408203 0.496094 0.394531 0.494141 0.392578 0.494141 0.388672 0.492188 0.386719 0.492188 0.384766 0.490234 0.382812 0.490234 0.380859 0.484375 0.375000 0.482422 0.375000 0.480469 0.373047
0 0.089844 0.408203 0.085938 0.412109 0.082031 0.412109 0.060547 0.433594 0.060547 0.445312 0.062500 0.447266 0.062500 0.449219 0.064453 0.451172 0.064453 0.453125 0.068359 0.457031 0.076172 0.457031 0.078125 0.458984 0.095703 0.458984 0.097656 0.457031 0.103516 0.457031 0.107422 0.453125 0.109375 0.453125 0.109375 0.451172 0.111328 0.449219 0.111328 0.435547 0.109375 0.433594 0.109375 0.423828 0.105469 0.419922 0.105469 0.417969 0.101562 0.414062 0.099609 0.414062 0.097656 0.412109 0.095703 0.412109 0.093750 0.410156 0.093750 0.408203
0 0.564453 0.419922 0.562500 0.421875 0.560547 0.421875 0.558594 0.423828 0.556641 0.423828 0.554688 0.425781 0.552734 0.425781 0.550781 0.427734 0.548828 0.427734 0.544922 0.431641 0.542969 0.431641 0.539062 0.435547 0.539062 0.439453 0.537109 0.441406 0.537109 0.445312 0.539062 0.447266 0.539062 0.449219 0.542969 0.453125 0.544922 0.453125 0.548828 0.457031 0.550781 0.457031 0.552734 0.458984 0.552734 0.460938 0.558594 0.460938 0.562500 0.464844 0.566406 0.464844 0.568359 0.466797 0.587891 0.466797 0.589844 0.464844 0.591797 0.464844 0.595703 0.460938 0.605469 0.460938 0.605469 0.458984 0.607422 0.457031 0.609375 0.457031 0.609375 0.455078 0.613281 0.451172 0.613281 0.449219 0.615234 0.447266 0.615234 0.437500 0.613281 0.435547 0.613281 0.431641 0.611328 0.431641 0.609375 0.429688 0.607422 0.429688 0.605469 0.427734 0.603516 0.427734 0.601562 0.425781 0.601562 0.423828 0.597656 0.423828 0.593750 0.419922
0 0.314453 0.501953 0.312500 0.503906 0.310547 0.503906 0.306641 0.507812 0.306641 0.509766 0.302734 0.513672 0.302734 0.519531 0.300781 0.521484 0.300781 0.533203 0.302734 0.535156 0.302734 0.541016 0.304688 0.542969 0.306641 0.542969 0.308594 0.544922 0.316406 0.544922 0.318359 0.542969 0.322266 0.542969 0.324219 0.541016 0.326172 0.541016 0.330078 0.537109 0.332031 0.537109 0.335938 0.533203 0.335938 0.531250 0.339844 0.527344 0.339844 0.509766 0.337891 0.509766 0.335938 0.507812 0.335938 0.505859 0.330078 0.505859 0.326172 0.501953
0 0.097656 0.501953 0.095703 0.503906 0.083984 0.503906 0.082031 0.505859 0.076172 0.505859 0.076172 0.507812 0.074219 0.509766 0.068359 0.509766 0.066406 0.511719 0.064453 0.511719 0.062500 0.513672 0.060547 0.513672 0.060547 0.515625 0.056641 0.519531 0.056641 0.521484 0.054688 0.523438 0.054688 0.548828 0.056641 0.550781 0.056641 0.558594 0.058594 0.560547 0.058594 0.562500 0.060547 0.564453 0.060547 0.566406 0.062500 0.566406 0.068359 0.572266 0.070312 0.572266 0.072266 0.574219 0.074219 0.574219 0.076172 0.576172 0.076172 0.578125 0.078125 0.578125 0.080078 0.580078 0.091797 0.580078 0.093750 0.578125 0.097656 0.578125 0.101562 0.574219 0.101562 0.572266 0.103516 0.570312 0.105469 0.570312 0.105469 0.568359 0.107422 0.566406 0.107422 0.564453 0.109375 0.562500 0.109375 0.560547 0.111328 0.558594 0.111328 0.556641 0.113281 0.554688 0.113281 0.548828 0.115234 0.546875 0.115234 0.517578 0.113281 0.515625 0.113281 0.509766 0.109375 0.505859 0.107422 0.505859 0.103516 0.501953
0 0.164062 0.507812 0.162109 0.509766 0.156250 0.509766 0.152344 0.513672 0.152344 0.519531 0.150391 0.521484 0.150391 0.531250 0.154297 0.535156 0.154297 0.537109 0.158203 0.541016 0.158203 0.542969 0.162109 0.546875 0.162109 0.548828 0.169922 0.556641 0.171875 0.556641 0.173828 0.554688 0.181641 0.554688 0.183594 0.552734 0.185547 0.552734 0.187500 0.550781 0.207031 0.550781 0.207031 0.539062 0.205078 0.537109 0.205078 0.535156 0.203125 0.533203 0.203125 0.527344 0.199219 0.523438 0.199219 0.521484 0.197266 0.521484 0.195312 0.519531 0.195312 0.515625 0.191406 0.511719 0.187500 0.511719 0.185547 0.509766 0.173828 0.509766 0.171875 0.507812
0 0.361328 0.509766 0.359375 0.511719 0.357422 0.511719 0.351562 0.517578 0.349609 0.517578 0.349609 0.519531 0.347656 0.521484 0.347656 0.523438 0.345703 0.525391 0.345703 0.527344 0.343750 0.529297 0.343750 0.531250 0.341797 0.533203 0.341797 0.537109 0.337891 0.541016 0.337891 0.542969 0.335938 0.544922 0.333984 0.544922 0.333984 0.548828 0.330078 0.552734 0.330078 0.554688 0.326172 0.558594 0.326172 0.562500 0.322266 0.566406 0.322266 0.583984 0.326172 0.587891 0.326172 0.589844 0.328125 0.589844 0.333984 0.595703 0.335938 0.595703 0.341797 0.601562 0.345703 0.601562 0.349609 0.605469 0.363281 0.605469 0.365234 0.603516 0.367188 0.603516 0.369141 0.601562 0.373047 0.601562 0.376953 0.597656 0.378906 0.597656 0.390625 0.585938 0.390625 0.583984 0.392578 0.582031 0.392578 0.580078 0.394531 0.578125 0.394531 0.544922 0.392578 0.542969 0.392578 0.537109 0.390625 0.535156 0.390625 0.523438 0.388672 0.521484 0.388672 0.517578 0.382812 0.511719 0.380859 0.511719 0.378906 0.509766
0 0.513672 0.513672 0.511719 0.515625 0.509766 0.515625 0.507812 0.517578 0.501953 0.517578 0.496094 0.523438 0.494141 0.523438 0.490234 0.527344 0.490234 0.531250 0.488281 0.533203 0.488281 0.535156 0.486328 0.537109 0.486328 0.539062 0.484375 0.541016 0.484375 0.542969 0.482422 0.544922 0.482422 0.550781 0.480469 0.552734 0.480469 0.570312 0.482422 0.572266 0.482422 0.578125 0.484375 0.580078 0.484375 0.582031 0.486328 0.583984 0.486328 0.585938 0.494141 0.593750 0.496094 0.593750 0.498047 0.595703 0.498047 0.597656 0.503906 0.597656 0.505859 0.599609 0.505859 0.601562 0.507812 0.601562 0.509766 0.603516 0.511719 0.603516 0.513672 0.605469 0.527344 0.605469 0.527344 0.599609 0.525391 0.597656 0.525391 0.582031 0.527344 0.580078 0.527344 0.578125 0.529297 0.576172 0.529297 0.574219 0.531250 0.572266 0.539062 0.572266 0.541016 0.570312 0.558594 0.570312 0.558594 0.537109 0.556641 0.537109 0.554688 0.535156 0.554688 0.531250 0.550781 0.527344 0.550781 0.525391 0.542969 0.517578 0.541016 0.517578 0.539062 0.515625 0.537109 0.515625 0.535156 0.513672
0 0.931641 0.546875 0.929688 0.548828 0.927734 0.548828 0.925781 0.550781 0.923828 0.550781 0.923828 0.552734 0.921875 0.554688 0.921875 0.562500 0.923828 0.564453 0.923828 0.570312 0.925781 0.570312 0.927734 0.572266 0.927734 0.574219 0.929688 0.574219 0.931641 0.576172 0.931641 0.578125 0.933594 0.578125 0.935547 0.580078 0.939453 0.580078 0.941406 0.582031 0.964844 0.582031 0.968750 0.578125 0.968750 0.568359 0.966797 0.566406 0.966797 0.562500 0.960938 0.556641 0.958984 0.556641 0.955078 0.552734 0.953125 0.552734 0.949219 0.548828 0.947266 0.548828 0.945312 0.546875
0 0.187500 0.552734 0.185547 0.554688 0.183594 0.554688 0.181641 0.556641 0.173828 0.556641 0.171875 0.558594 0.169922 0.558594 0.167969 0.560547 0.166016 0.560547 0.164062 0.562500 0.162109 0.562500 0.156250 0.568359 0.156250 0.570312 0.154297 0.572266 0.154297 0.574219 0.152344 0.576172 0.152344 0.578125 0.150391 0.580078 0.150391 0.585938 0.152344 0.587891 0.152344 0.591797 0.154297 0.593750 0.154297 0.597656 0.156250 0.597656 0.158203 0.599609 0.158203 0.601562 0.162109 0.605469 0.164062 0.605469 0.167969 0.609375 0.173828 0.609375 0.175781 0.611328 0.191406 0.611328 0.193359 0.609375 0.195312 0.609375 0.197266 0.607422 0.199219 0.607422 0.205078 0.601562 0.205078 0.599609 0.207031 0.597656 0.207031 0.595703 0.208984 0.593750 0.210938 0.593750 0.210938 0.591797 0.212891 0.589844 0.212891 0.587891 0.216797 0.583984 0.216797 0.582031 0.218750 0.580078 0.218750 0.576172 0.220703 0.574219 0.220703 0.560547 0.218750 0.558594 0.218750 0.556641 0.216797 0.556641 0.214844 0.554688 0.212891 0.554688 0.210938 0.552734
0 0.001953 0.572266 0.000000 0.574219 0.000000 0.609375 0.001953 0.609375 0.003906 0.611328 0.005859 0.611328 0.007812 0.613281 0.011719 0.613281 0.013672 0.615234 0.015625 0.615234 0.017578 0.617188 0.023438 0.617188 0.025391 0.615234 0.027344 0.615234 0.029297 0.613281 0.031250 0.613281 0.035156 0.609375 0.035156 0.589844 0.033203 0.587891 0.031250 0.587891 0.027344 0.583984 0.025391 0.583984 0.021484 0.580078 0.019531 0.580078 0.015625 0.576172 0.013672 0.576172 0.011719 0.574219 0.009766 0.574219 0.007812 0.572266
0 0.572266 0.570312 0.570312 0.572266 0.541016 0.572266 0.539062 0.574219 0.531250 0.574219 0.531250 0.576172 0.529297 0.578125 0.529297 0.580078 0.527344 0.582031 0.527344 0.597656 0.529297 0.599609 0.529297 0.609375 0.531250 0.611328 0.531250 0.613281 0.533203 0.615234 0.533203 0.617188 0.541016 0.625000 0.542969 0.625000 0.546875 0.628906 0.550781 0.628906 0.552734 0.630859 0.554688 0.630859 0.556641 0.632812 0.576172 0.632812 0.578125 0.630859 0.580078 0.630859 0.582031 0.628906 0.585938 0.628906 0.585938 0.626953 0.587891 0.625000 0.589844 0.625000 0.593750 0.621094 0.595703 0.621094 0.599609 0.617188 0.601562 0.617188 0.601562 0.599609 0.599609 0.597656 0.599609 0.595703 0.597656 0.593750 0.597656 0.591797 0.589844 0.583984 0.589844 0.582031 0.587891 0.580078 0.587891 0.578125 0.580078 0.570312
0 0.919922 0.583984 0.917969 0.585938 0.916016 0.585938 0.914062 0.587891 0.912109 0.587891 0.910156 0.585938 0.904297 0.585938 0.902344 0.587891 0.896484 0.587891 0.896484 0.609375 0.898438 0.611328 0.917969 0.611328 0.919922 0.613281 0.923828 0.613281 0.925781 0.615234 0.927734 0.615234 0.929688 0.617188 0.937500 0.617188 0.939453 0.619141 0.939453 0.621094 0.941406 0.621094 0.943359 0.623047 0.945312 0.623047 0.955078 0.632812 0.957031 0.632812 0.958984 0.634766 0.958984 0.636719 0.964844 0.642578 0.964844 0.644531 0.966797 0.646484 0.966797 0.648438 0.984375 0.648438 0.986328 0.646484 0.988281 0.646484 0.990234 0.644531 0.996094 0.644531 0.998047 0.642578 0.998047 0.591797 0.996094 0.589844 0.992188 0.589844 0.990234 0.587891 0.980469 0.587891 0.978516 0.585938 0.966797 0.585938 0.964844 0.583984
0 0.000000 0.611328 0.000000 0.660156 0.003906 0.660156 0.013672 0.650391 0.013672 0.648438 0.019531 0.642578 0.019531 0.621094 0.015625 0.617188 0.013672 0.617188 0.011719 0.615234 0.007812 0.615234 0.005859 0.613281 0.003906 0.613281 0.001953 0.611328
0 0.888672 0.613281 0.886719 0.615234 0.880859 0.615234 0.878906 0.617188 0.876953 0.617188 0.875000 0.619141 0.871094 0.619141 0.869141 0.621094 0.867188 0.621094 0.867188 0.640625 0.869141 0.642578 0.869141 0.644531 0.871094 0.646484 0.871094 0.648438 0.873047 0.648438 0.875000 0.650391 0.875000 0.652344 0.876953 0.652344 0.880859 0.656250 0.882812 0.656250 0.884766 0.658203 0.886719 0.658203 0.888672 0.660156 0.890625 0.660156 0.892578 0.662109 0.894531 0.662109 0.896484 0.664062 0.898438 0.664062 0.902344 0.667969 0.906250 0.667969 0.908203 0.669922 0.910156 0.669922 0.912109 0.671875 0.917969 0.671875 0.919922 0.673828 0.933594 0.673828 0.935547 0.671875 0.949219 0.671875 0.953125 0.667969 0.964844 0.667969 0.968750 0.664062 0.968750 0.654297 0.966797 0.652344 0.966797 0.650391 0.964844 0.648438 0.964844 0.646484 0.962891 0.644531 0.962891 0.642578 0.957031 0.636719 0.957031 0.634766 0.955078 0.634766 0.945312 0.625000 0.943359 0.625000 0.941406 0.623047 0.939453 0.623047 0.937500 0.621094 0.937500 0.619141 0.929688 0.619141 0.927734 0.617188 0.925781 0.617188 0.923828 0.615234 0.919922 0.615234 0.917969 0.613281
0 0.685547 0.632812 0.683594 0.634766 0.677734 0.634766 0.673828 0.638672 0.671875 0.638672 0.669922 0.640625 0.669922 0.652344 0.673828 0.656250 0.673828 0.658203 0.675781 0.660156 0.683594 0.660156 0.683594 0.658203 0.685547 0.656250 0.685547 0.654297 0.687500 0.652344 0.687500 0.650391 0.691406 0.646484 0.691406 0.644531 0.695312 0.640625 0.695312 0.638672 0.693359 0.636719 0.693359 0.634766 0.691406 0.634766 0.689453 0.632812
0 0.751953 0.658203 0.744141 0.666016 0.744141 0.703125 0.748047 0.707031 0.750000 0.707031 0.753906 0.710938 0.765625 0.710938 0.767578 0.708984 0.769531 0.708984 0.771484 0.707031 0.773438 0.707031 0.773438 0.705078 0.775391 0.703125 0.777344 0.703125 0.777344 0.701172 0.781250 0.697266 0.781250 0.695312 0.785156 0.691406 0.785156 0.685547 0.787109 0.683594 0.787109 0.681641 0.789062 0.679688 0.789062 0.669922 0.785156 0.666016 0.785156 0.664062 0.783203 0.664062 0.781250 0.662109 0.779297 0.662109 0.775391 0.658203
0 0.248047 0.646484 0.244141 0.650391 0.240234 0.650391 0.240234 0.652344 0.236328 0.656250 0.236328 0.658203 0.232422 0.662109 0.232422 0.664062 0.230469 0.666016 0.230469 0.681641 0.232422 0.683594 0.232422 0.689453 0.234375 0.691406 0.234375 0.695312 0.236328 0.697266 0.236328 0.701172 0.240234 0.705078 0.240234 0.708984 0.244141 0.712891 0.244141 0.714844 0.246094 0.714844 0.248047 0.716797 0.248047 0.718750 0.250000 0.718750 0.253906 0.722656 0.255859 0.722656 0.259766 0.726562 0.265625 0.726562 0.273438 0.718750 0.273438 0.712891 0.277344 0.708984 0.277344 0.705078 0.279297 0.703125 0.281250 0.703125 0.281250 0.701172 0.283203 0.699219 0.285156 0.699219 0.285156 0.697266 0.287109 0.695312 0.289062 0.695312 0.292969 0.691406 0.296875 0.691406 0.296875 0.689453 0.298828 0.687500 0.298828 0.669922 0.296875 0.667969 0.296875 0.664062 0.292969 0.660156 0.292969 0.658203 0.291016 0.658203 0.283203 0.650391 0.279297 0.650391 0.277344 0.648438 0.275391 0.648438 0.273438 0.646484
0 0.144531 0.666016 0.140625 0.669922 0.138672 0.669922 0.138672 0.685547 0.142578 0.689453 0.142578 0.691406 0.144531 0.691406 0.154297 0.701172 0.154297 0.703125 0.156250 0.705078 0.156250 0.707031 0.158203 0.708984 0.158203 0.710938 0.160156 0.712891 0.160156 0.714844 0.166016 0.720703 0.167969 0.720703 0.169922 0.722656 0.171875 0.722656 0.173828 0.724609 0.173828 0.726562 0.177734 0.726562 0.179688 0.728516 0.181641 0.728516 0.183594 0.730469 0.185547 0.730469 0.187500 0.732422 0.203125 0.732422 0.208984 0.726562 0.210938 0.726562 0.210938 0.724609 0.212891 0.722656 0.212891 0.720703 0.214844 0.718750 0.214844 0.697266 0.212891 0.695312 0.212891 0.693359 0.208984 0.693359 0.207031 0.691406 0.207031 0.689453 0.205078 0.689453 0.203125 0.687500 0.201172 0.687500 0.199219 0.685547 0.197266 0.685547 0.195312 0.683594 0.195312 0.681641 0.189453 0.681641 0.187500 0.679688 0.187500 0.677734 0.183594 0.677734 0.175781 0.669922 0.173828 0.669922 0.171875 0.667969 0.169922 0.667969 0.167969 0.666016
0 0.115234 0.689453 0.109375 0.695312 0.109375 0.697266 0.105469 0.701172 0.105469 0.703125 0.107422 0.705078 0.107422 0.708984 0.111328 0.712891 0.128906 0.712891 0.130859 0.710938 0.130859 0.697266 0.126953 0.693359 0.126953 0.691406 0.125000 0.689453
0 0.132812 0.728516 0.130859 0.730469 0.126953 0.730469 0.125000 0.732422 0.123047 0.732422 0.121094 0.734375 0.119141 0.734375 0.119141 0.740234 0.117188 0.742188 0.117188 0.751953 0.119141 0.753906 0.121094 0.753906 0.123047 0.755859 0.125000 0.755859 0.126953 0.757812 0.136719 0.757812 0.138672 0.759766 0.185547 0.759766 0.191406 0.753906 0.191406 0.740234 0.189453 0.740234 0.187500 0.738281 0.187500 0.736328 0.181641 0.730469 0.177734 0.730469 0.175781 0.728516
0 0.000000 0.722656 0.000000 0.773438 0.025391 0.773438 0.031250 0.767578 0.031250 0.765625 0.035156 0.761719 0.035156 0.734375 0.031250 0.730469 0.031250 0.728516 0.027344 0.724609 0.021484 0.724609 0.019531 0.722656
0 0.808594 0.740234 0.806641 0.742188 0.802734 0.742188 0.796875 0.748047 0.794922 0.748047 0.794922 0.750000 0.791016 0.753906 0.791016 0.755859 0.789062 0.757812 0.789062 0.767578 0.791016 0.769531 0.791016 0.771484 0.800781 0.781250 0.812500 0.781250 0.814453 0.779297 0.816406 0.779297 0.818359 0.777344 0.843750 0.777344 0.847656 0.773438 0.847656 0.771484 0.851562 0.767578 0.851562 0.755859 0.849609 0.753906 0.849609 0.751953 0.847656 0.750000 0.847656 0.748047 0.845703 0.748047 0.841797 0.744141 0.837891 0.744141 0.833984 0.740234
0 0.376953 0.783203 0.375000 0.785156 0.373047 0.785156 0.373047 0.787109 0.371094 0.789062 0.371094 0.791016 0.369141 0.792969 0.369141 0.796875 0.367188 0.798828 0.367188 0.800781 0.365234 0.802734 0.365234 0.816406 0.369141 0.820312 0.369141 0.824219 0.373047 0.828125 0.375000 0.828125 0.375000 0.826172 0.384766 0.816406 0.386719 0.816406 0.386719 0.814453 0.388672 0.812500 0.390625 0.812500 0.392578 0.810547 0.394531 0.810547 0.394531 0.808594 0.396484 0.806641 0.398438 0.806641 0.400391 0.804688 0.404297 0.804688 0.406250 0.802734 0.408203 0.802734 0.408203 0.791016 0.406250 0.789062 0.406250 0.787109 0.402344 0.783203
0 0.482422 0.787109 0.478516 0.791016 0.478516 0.792969 0.476562 0.794922 0.476562 0.796875 0.474609 0.798828 0.474609 0.812500 0.472656 0.814453 0.472656 0.820312 0.470703 0.822266 0.470703 0.826172 0.468750 0.828125 0.468750 0.833984 0.466797 0.835938 0.466797 0.847656 0.468750 0.847656 0.472656 0.851562 0.474609 0.851562 0.476562 0.853516 0.494141 0.853516 0.496094 0.851562 0.498047 0.851562 0.500000 0.849609 0.501953 0.849609 0.511719 0.839844 0.511719 0.820312 0.509766 0.818359 0.509766 0.808594 0.507812 0.806641 0.507812 0.800781 0.503906 0.796875 0.503906 0.794922 0.501953 0.792969 0.501953 0.791016 0.500000 0.789062 0.498047 0.789062 0.496094 0.787109
0 0.406250 0.804688 0.404297 0.806641 0.400391 0.806641 0.398438 0.808594 0.396484 0.808594 0.396484 0.810547 0.394531 0.812500 0.392578 0.812500 0.390625 0.814453 0.388672 0.814453 0.388672 0.816406 0.386719 0.818359 0.384766 0.818359 0.376953 0.826172 0.376953 0.828125 0.375000 0.830078 0.375000 0.843750 0.376953 0.845703 0.376953 0.851562 0.380859 0.855469 0.382812 0.855469 0.386719 0.859375 0.390625 0.859375 0.394531 0.863281 0.398438 0.863281 0.400391 0.865234 0.400391 0.867188 0.406250 0.867188 0.408203 0.865234 0.410156 0.865234 0.412109 0.863281 0.414062 0.863281 0.417969 0.859375 0.419922 0.859375 0.423828 0.855469 0.425781 0.855469 0.427734 0.853516 0.429688 0.853516 0.439453 0.843750 0.439453 0.841797 0.441406 0.839844 0.441406 0.837891 0.443359 0.835938 0.443359 0.826172 0.441406 0.824219 0.441406 0.820312 0.437500 0.816406 0.437500 0.814453 0.435547 0.814453 0.431641 0.810547 0.429688 0.810547 0.425781 0.806641 0.421875 0.806641 0.419922 0.804688
0 0.687500 0.794922 0.683594 0.798828 0.677734 0.798828 0.675781 0.800781 0.673828 0.800781 0.669922 0.804688 0.667969 0.804688 0.666016 0.806641 0.666016 0.808594 0.664062 0.810547 0.664062 0.812500 0.662109 0.814453 0.662109 0.816406 0.660156 0.818359 0.660156 0.820312 0.658203 0.822266 0.658203 0.824219 0.654297 0.828125 0.654297 0.832031 0.652344 0.833984 0.650391 0.833984 0.650391 0.841797 0.648438 0.843750 0.648438 0.847656 0.646484 0.849609 0.646484 0.851562 0.644531 0.853516 0.644531 0.863281 0.646484 0.865234 0.646484 0.873047 0.652344 0.878906 0.654297 0.878906 0.656250 0.880859 0.667969 0.880859 0.669922 0.878906 0.673828 0.878906 0.675781 0.876953 0.677734 0.876953 0.679688 0.875000 0.681641 0.875000 0.689453 0.867188 0.691406 0.867188 0.691406 0.865234 0.693359 0.863281 0.695312 0.863281 0.695312 0.861328 0.699219 0.857422 0.699219 0.855469 0.703125 0.851562 0.703125 0.845703 0.705078 0.843750 0.705078 0.841797 0.707031 0.839844 0.707031 0.822266 0.705078 0.820312 0.705078 0.814453 0.703125 0.812500 0.703125 0.808594 0.699219 0.804688 0.699219 0.802734 0.695312 0.798828 0.695312 0.796875 0.693359 0.796875 0.691406 0.794922
0 0.962891 0.832031 0.958984 0.835938 0.958984 0.837891 0.957031 0.839844 0.957031 0.843750 0.958984 0.845703 0.958984 0.849609 0.972656 0.863281 0.976562 0.863281 0.980469 0.867188 0.982422 0.867188 0.986328 0.871094 0.990234 0.871094 0.990234 0.867188 0.988281 0.865234 0.988281 0.859375 0.986328 0.857422 0.986328 0.853516 0.984375 0.851562 0.984375 0.845703 0.982422 0.843750 0.982422 0.841797 0.980469 0.839844 0.980469 0.837891 0.978516 0.837891 0.974609 0.833984 0.970703 0.833984 0.968750 0.832031
0 0.123047 0.869141 0.121094 0.871094 0.117188 0.871094 0.115234 0.873047 0.109375 0.873047 0.105469 0.876953 0.103516 0.876953 0.103516 0.884766 0.107422 0.888672 0.109375 0.888672 0.111328 0.890625 0.126953 0.890625 0.126953 0.888672 0.125000 0.886719 0.125000 0.869141
0 0.166016 0.837891 0.166016 0.839844 0.164062 0.841797 0.160156 0.841797 0.156250 0.845703 0.154297 0.845703 0.154297 0.847656 0.152344 0.849609 0.150391 0.849609 0.150391 0.851562 0.148438 0.853516 0.146484 0.853516 0.142578 0.857422 0.140625 0.857422 0.138672 0.859375 0.140625 0.857422 0.150391 0.857422 0.152344 0.859375 0.156250 0.859375 0.158203 0.861328 0.158203 0.863281 0.160156 0.863281 0.166016 0.869141 0.175781 0.859375 0.175781 0.857422 0.181641 0.851562 0.183594 0.851562 0.187500 0.847656 0.191406 0.847656 0.191406 0.837891
0 0.833984 0.837891 0.833984 0.839844 0.832031 0.841797 0.828125 0.841797 0.826172 0.843750 0.824219 0.843750 0.822266 0.845703 0.820312 0.845703 0.818359 0.847656 0.816406 0.847656 0.812500 0.851562 0.810547 0.851562 0.810547 0.853516 0.806641 0.857422 0.806641 0.859375 0.802734 0.863281 0.802734 0.865234 0.798828 0.869141 0.798828 0.871094 0.794922 0.875000 0.794922 0.876953 0.791016 0.880859 0.791016 0.890625 0.792969 0.892578 0.792969 0.894531 0.794922 0.896484 0.794922 0.898438 0.796875 0.898438 0.800781 0.902344 0.804688 0.902344 0.808594 0.906250 0.812500 0.906250 0.814453 0.908203 0.814453 0.910156 0.820312 0.910156 0.822266 0.912109 0.863281 0.912109 0.873047 0.902344 0.873047 0.900391 0.875000 0.898438 0.875000 0.896484 0.876953 0.894531 0.878906 0.894531 0.878906 0.890625 0.882812 0.886719 0.882812 0.865234 0.880859 0.863281 0.880859 0.859375 0.878906 0.857422 0.878906 0.853516 0.876953 0.853516 0.875000 0.851562 0.875000 0.849609 0.873047 0.847656 0.873047 0.845703 0.871094 0.843750 0.871094 0.841797 0.869141 0.841797 0.867188 0.839844 0.865234 0.839844 0.863281 0.837891
0 0.291016 0.837891 0.289062 0.839844 0.287109 0.839844 0.285156 0.841797 0.281250 0.841797 0.277344 0.845703 0.275391 0.845703 0.275391 0.847656 0.273438 0.849609 0.271484 0.849609 0.267578 0.853516 0.267578 0.855469 0.265625 0.857422 0.265625 0.859375 0.263672 0.861328 0.263672 0.898438 0.265625 0.900391 0.265625 0.902344 0.267578 0.904297 0.267578 0.906250 0.269531 0.908203 0.269531 0.910156 0.271484 0.910156 0.277344 0.916016 0.277344 0.917969 0.285156 0.925781 0.291016 0.925781 0.296875 0.919922 0.296875 0.916016 0.298828 0.914062 0.298828 0.910156 0.300781 0.908203 0.300781 0.900391 0.302734 0.898438 0.302734 0.896484 0.304688 0.894531 0.304688 0.888672 0.306641 0.886719 0.308594 0.886719 0.308594 0.884766 0.310547 0.882812 0.310547 0.880859 0.312500 0.878906 0.312500 0.873047 0.314453 0.871094 0.314453 0.849609 0.312500 0.847656 0.312500 0.845703 0.310547 0.845703 0.304688 0.839844 0.302734 0.839844 0.300781 0.837891
0 0.947266 0.855469 0.945312 0.857422 0.935547 0.857422 0.927734 0.865234 0.927734 0.869141 0.923828 0.873047 0.923828 0.900391 0.927734 0.904297 0.927734 0.906250 0.935547 0.914062 0.939453 0.914062 0.943359 0.917969 0.964844 0.917969 0.964844 0.916016 0.966797 0.914062 0.972656 0.914062 0.980469 0.906250 0.980469 0.902344 0.982422 0.900391 0.982422 0.884766 0.980469 0.882812 0.980469 0.876953 0.976562 0.873047 0.976562 0.869141 0.968750 0.861328 0.966797 0.861328 0.962891 0.857422 0.958984 0.857422 0.957031 0.855469
0 0.140625 0.859375 0.138672 0.861328 0.136719 0.861328 0.134766 0.863281 0.132812 0.863281 0.130859 0.865234 0.128906 0.865234 0.128906 0.867188 0.126953 0.869141 0.126953 0.886719 0.128906 0.888672 0.128906 0.890625 0.130859 0.892578 0.130859 0.894531 0.132812 0.894531 0.134766 0.896484 0.134766 0.898438 0.136719 0.898438 0.138672 0.900391 0.138672 0.902344 0.140625 0.902344 0.142578 0.904297 0.142578 0.906250 0.144531 0.906250 0.146484 0.908203 0.146484 0.910156 0.150391 0.910156 0.154297 0.914062 0.156250 0.914062 0.158203 0.916016 0.173828 0.916016 0.175781 0.914062 0.177734 0.914062 0.179688 0.912109 0.179688 0.898438 0.177734 0.896484 0.177734 0.892578 0.175781 0.890625 0.175781 0.888672 0.173828 0.886719 0.173828 0.884766 0.171875 0.882812 0.171875 0.880859 0.169922 0.878906 0.169922 0.876953 0.167969 0.875000 0.167969 0.873047 0.160156 0.865234 0.158203 0.865234 0.156250 0.863281 0.156250 0.861328 0.152344 0.861328 0.150391 0.859375
0 0.554688 0.890625 0.550781 0.894531 0.550781 0.896484 0.548828 0.898438 0.548828 0.902344 0.550781 0.904297 0.550781 0.908203 0.558594 0.908203 0.558594 0.906250 0.564453 0.900391 0.564453 0.892578 0.562500 0.890625
0 0.695312 0.896484 0.693359 0.898438 0.689453 0.898438 0.681641 0.906250 0.681641 0.908203 0.677734 0.912109 0.677734 0.916016 0.673828 0.919922 0.673828 0.921875 0.671875 0.923828 0.669922 0.923828 0.669922 0.925781 0.667969 0.927734 0.667969 0.929688 0.666016 0.931641 0.666016 0.945312 0.667969 0.947266 0.667969 0.949219 0.669922 0.951172 0.669922 0.953125 0.671875 0.953125 0.673828 0.955078 0.673828 0.957031 0.679688 0.957031 0.681641 0.958984 0.683594 0.958984 0.685547 0.960938 0.693359 0.960938 0.695312 0.958984 0.701172 0.958984 0.703125 0.957031 0.707031 0.957031 0.708984 0.955078 0.710938 0.955078 0.712891 0.953125 0.714844 0.953125 0.714844 0.951172 0.716797 0.949219 0.718750 0.949219 0.718750 0.947266 0.720703 0.945312 0.724609 0.945312 0.726562 0.943359 0.726562 0.941406 0.730469 0.937500 0.730469 0.933594 0.732422 0.931641 0.732422 0.929688 0.734375 0.927734 0.734375 0.916016 0.732422 0.914062 0.732422 0.912109 0.730469 0.910156 0.730469 0.908203 0.728516 0.908203 0.726562 0.906250 0.726562 0.904297 0.722656 0.900391 0.720703 0.900391 0.718750 0.898438 0.716797 0.898438 0.714844 0.896484
0 0.531250 0.923828 0.531250 0.925781 0.529297 0.927734 0.529297 0.937500 0.531250 0.939453 0.531250 0.943359 0.535156 0.947266 0.539062 0.947266 0.541016 0.945312 0.544922 0.945312 0.546875 0.943359 0.546875 0.941406 0.548828 0.939453 0.548828 0.931641 0.546875 0.929688 0.546875 0.927734 0.542969 0.923828
0 0.353516 0.935547 0.351562 0.937500 0.347656 0.937500 0.347656 0.939453 0.345703 0.941406 0.345703 0.947266 0.347656 0.949219 0.347656 0.953125 0.349609 0.955078 0.369141 0.955078 0.371094 0.953125 0.371094 0.947266 0.363281 0.939453 0.361328 0.939453 0.359375 0.937500 0.359375 0.935547
0 0.486328 0.923828 0.484375 0.925781 0.482422 0.925781 0.480469 0.927734 0.478516 0.927734 0.476562 0.929688 0.476562 0.953125 0.478516 0.955078 0.478516 0.958984 0.484375 0.964844 0.488281 0.964844 0.490234 0.966797 0.490234 0.968750 0.492188 0.968750 0.494141 0.970703 0.496094 0.970703 0.498047 0.972656 0.509766 0.972656 0.511719 0.970703 0.511719 0.966797 0.513672 0.964844 0.515625 0.964844 0.515625 0.962891 0.517578 0.960938 0.517578 0.957031 0.519531 0.955078 0.519531 0.935547 0.517578 0.933594 0.517578 0.931641 0.515625 0.929688 0.515625 0.927734 0.513672 0.927734 0.511719 0.925781 0.511719 0.923828
0 0.396484 0.923828 0.380859 0.939453 0.380859 0.957031 0.384766 0.960938 0.384766 0.964844 0.386719 0.964844 0.388672 0.966797 0.388672 0.968750 0.396484 0.976562 0.404297 0.976562 0.408203 0.972656 0.410156 0.972656 0.410156 0.970703 0.414062 0.966797 0.414062 0.964844 0.416016 0.962891 0.416016 0.957031 0.414062 0.955078 0.414062 0.953125 0.412109 0.951172 0.412109 0.941406 0.416016 0.937500 0.416016 0.935547 0.414062 0.933594 0.414062 0.931641 0.412109 0.931641 0.410156 0.929688 0.410156 0.927734 0.408203 0.927734 0.406250 0.925781 0.406250 0.923828
0 0.425781 0.929688 0.423828 0.931641 0.421875 0.931641 0.417969 0.935547 0.417969 0.937500 0.414062 0.941406 0.414062 0.951172 0.416016 0.953125 0.416016 0.955078 0.417969 0.957031 0.417969 0.958984 0.421875 0.962891 0.421875 0.964844 0.425781 0.968750 0.427734 0.968750 0.431641 0.972656 0.443359 0.972656 0.453125 0.962891 0.453125 0.957031 0.455078 0.955078 0.455078 0.943359 0.453125 0.941406 0.453125 0.939453 0.451172 0.937500 0.451172 0.935547 0.447266 0.931641 0.445312 0.931641 0.443359 0.929688
0 0.212891 0.943359 0.210938 0.945312 0.208984 0.945312 0.208984 0.947266 0.207031 0.949219 0.207031 0.957031 0.208984 0.958984 0.208984 0.978516 0.212891 0.982422 0.212891 0.984375 0.214844 0.984375 0.216797 0.986328 0.216797 0.988281 0.218750 0.988281 0.220703 0.990234 0.220703 0.992188 0.222656 0.992188 0.224609 0.994141 0.230469 0.994141 0.230469 0.990234 0.232422 0.988281 0.232422 0.980469 0.230469 0.978516 0.230469 0.968750 0.226562 0.964844 0.226562 0.958984 0.224609 0.957031 0.224609 0.953125 0.222656 0.951172 0.222656 0.947266 0.220703 0.947266 0.218750 0.945312 0.218750 0.943359
0 0.173828 0.947266 0.171875 0.949219 0.169922 0.949219 0.167969 0.951172 0.166016 0.951172 0.164062 0.953125 0.162109 0.953125 0.160156 0.955078 0.156250 0.955078 0.146484 0.964844 0.146484 0.974609 0.148438 0.976562 0.148438 0.978516 0.150391 0.980469 0.150391 0.984375 0.154297 0.988281 0.154297 0.990234 0.160156 0.996094 0.162109 0.996094 0.164062 0.998047 0.191406 0.998047 0.193359 0.996094 0.197266 0.996094 0.203125 0.990234 0.203125 0.986328 0.205078 0.984375 0.205078 0.982422 0.207031 0.980469 0.207031 0.958984 0.205078 0.957031 0.205078 0.953125 0.203125 0.951172 0.203125 0.949219 0.201172 0.947266
