0 0.746094 0.000000 0.746094 0.009766 0.750000 0.013672 0.761719 0.013672 0.763672 0.011719 0.767578 0.011719 0.769531 0.009766 0.777344 0.009766 0.781250 0.005859 0.783203 0.005859 0.787109 0.001953 0.789062 0.001953 0.789062 0.000000
0 0.914062 0.000000 0.914062 0.009766 0.916016 0.009766 0.917969 0.011719 0.917969 0.013672 0.925781 0.021484 0.931641 0.021484 0.933594 0.023438 0.935547 0.023438 0.937500 0.021484 0.941406 0.021484 0.945312 0.017578 0.949219 0.017578 0.949219 0.015625 0.953125 0.011719 0.953125 0.009766 0.955078 0.007812 0.955078 0.003906 0.957031 0.001953 0.957031 0.000000
0 0.000000 0.000000 0.000000 0.029297 0.001953 0.029297 0.003906 0.031250 0.005859 0.031250 0.007812 0.033203 0.013672 0.033203 0.015625 0.031250 0.017578 0.031250 0.019531 0.029297 0.019531 0.027344 0.023438 0.023438 0.023438 0.021484 0.029297 0.015625 0.029297 0.013672 0.033203 0.009766 0.033203 0.000000
0 0.041016 0.005859 0.039062 0.007812 0.037109 0.007812 0.031250 0.013672 0.031250 0.015625 0.025391 0.021484 0.025391 0.023438 0.021484 0.027344 0.021484 0.029297 0.023438 0.031250 0.023438 0.033203 0.025391 0.035156 0.025391 0.037109 0.027344 0.039062 0.027344 0.041016 0.031250 0.044922 0.031250 0.046875 0.033203 0.048828 0.033203 0.050781 0.035156 0.052734 0.035156 0.054688 0.046875 0.066406 0.048828 0.066406 0.052734 0.070312 0.054688 0.070312 0.058594 0.074219 0.062500 0.074219 0.066406 0.078125 0.074219 0.078125 0.076172 0.076172 0.078125 0.076172 0.080078 0.074219 0.082031 0.074219 0.085938 0.070312 0.085938 0.052734 0.083984 0.050781 0.083984 0.048828 0.082031 0.046875 0.082031 0.042969 0.078125 0.039062 0.078125 0.037109 0.074219 0.033203 0.074219 0.031250 0.070312 0.027344 0.070312 0.025391 0.062500 0.017578 0.062500 0.015625 0.060547 0.015625 0.052734 0.007812 0.048828 0.007812 0.046875 0.005859
0 0.080078 0.000000 0.080078 0.003906 0.083984 0.007812 0.083984 0.011719 0.091797 0.019531 0.091797 0.021484 0.095703 0.025391 0.095703 0.027344 0.101562 0.033203 0.101562 0.037109 0.105469 0.041016 0.105469 0.042969 0.109375 0.046875 0.109375 0.048828 0.113281 0.052734 0.113281 0.054688 0.117188 0.058594 0.119141 0.058594 0.121094 0.060547 0.121094 0.062500 0.125000 0.066406 0.126953 0.066406 0.128906 0.068359 0.128906 0.070312 0.130859 0.070312 0.132812 0.072266 0.132812 0.074219 0.134766 0.074219 0.138672 0.078125 0.140625 0.078125 0.144531 0.082031 0.152344 0.082031 0.154297 0.083984 0.156250 0.083984 0.158203 0.085938 0.169922 0.085938 0.171875 0.083984 0.173828 0.083984 0.177734 0.080078 0.177734 0.078125 0.179688 0.076172 0.179688 0.056641 0.177734 0.054688 0.177734 0.052734 0.175781 0.050781 0.175781 0.042969 0.173828 0.041016 0.173828 0.039062 0.171875 0.037109 0.171875 0.033203 0.167969 0.029297 0.167969 0.025391 0.164062 0.021484 0.164062 0.019531 0.162109 0.017578 0.162109 0.015625 0.160156 0.013672 0.160156 0.011719 0.158203 0.009766 0.158203 0.007812 0.156250 0.005859 0.156250 0.003906 0.152344 0.000000
0 0.554688 0.023438 0.552734 0.025391 0.552734 0.029297 0.548828 0.033203 0.548828 0.037109 0.546875 0.039062 0.546875 0.064453 0.548828 0.066406 0.550781 0.066406 0.552734 0.068359 0.558594 0.068359 0.560547 0.066406 0.560547 0.062500 0.562500 0.060547 0.562500 0.056641 0.564453 0.054688 0.564453 0.052734 0.566406 0.050781 0.566406 0.031250 0.564453 0.029297 0.564453 0.027344 0.562500 0.027344 0.560547 0.025391 0.558594 0.025391 0.556641 0.023438
0 0.771484 0.080078 0.767578 0.083984 0.767578 0.085938 0.763672 0.089844 0.763672 0.099609 0.761719 0.101562 0.761719 0.107422 0.763672 0.109375 0.763672 0.115234 0.765625 0.115234 0.769531 0.119141 0.775391 0.119141 0.777344 0.121094 0.789062 0.121094 0.791016 0.119141 0.792969 0.119141 0.792969 0.117188 0.798828 0.111328 0.798828 0.093750 0.796875 0.091797 0.796875 0.087891 0.794922 0.085938 0.792969 0.085938 0.791016 0.083984 0.785156 0.083984 0.783203 0.082031 0.777344 0.082031 0.775391 0.080078
0 0.832031 0.070312 0.824219 0.078125 0.824219 0.080078 0.822266 0.082031 0.822266 0.083984 0.820312 0.085938 0.820312 0.123047 0.822266 0.125000 0.822266 0.126953 0.824219 0.128906 0.824219 0.130859 0.826172 0.130859 0.828125 0.132812 0.828125 0.134766 0.830078 0.134766 0.832031 0.136719 0.845703 0.136719 0.847656 0.134766 0.849609 0.134766 0.855469 0.128906 0.855469 0.126953 0.859375 0.123047 0.859375 0.117188 0.861328 0.115234 0.861328 0.113281 0.863281 0.111328 0.863281 0.097656 0.861328 0.095703 0.861328 0.091797 0.859375 0.089844 0.859375 0.085938 0.855469 0.082031 0.855469 0.080078 0.849609 0.074219 0.843750 0.074219 0.841797 0.072266 0.835938 0.072266 0.833984 0.070312
0 0.994141 0.101562 0.982422 0.113281 0.982422 0.115234 0.980469 0.117188 0.980469 0.121094 0.978516 0.123047 0.978516 0.138672 0.980469 0.140625 0.980469 0.142578 0.982422 0.144531 0.982422 0.146484 0.986328 0.150391 0.986328 0.152344 0.988281 0.152344 0.990234 0.154297 0.990234 0.156250 0.992188 0.156250 0.996094 0.160156 0.996094 0.101562
0 0.451172 0.169922 0.449219 0.171875 0.437500 0.171875 0.431641 0.177734 0.431641 0.179688 0.429688 0.181641 0.429688 0.183594 0.425781 0.187500 0.425781 0.195312 0.423828 0.197266 0.423828 0.226562 0.425781 0.228516 0.425781 0.236328 0.427734 0.236328 0.429688 0.238281 0.429688 0.240234 0.433594 0.244141 0.433594 0.246094 0.449219 0.261719 0.451172 0.261719 0.455078 0.265625 0.457031 0.265625 0.458984 0.267578 0.458984 0.269531 0.460938 0.267578 0.460938 0.240234 0.462891 0.238281 0.462891 0.234375 0.464844 0.232422 0.464844 0.218750 0.466797 0.216797 0.466797 0.214844 0.468750 0.212891 0.468750 0.205078 0.470703 0.203125 0.470703 0.197266 0.472656 0.195312 0.472656 0.181641 0.470703 0.179688 0.470703 0.177734 0.468750 0.175781 0.468750 0.173828 0.464844 0.169922
0 0.052734 0.210938 0.050781 0.212891 0.046875 0.212891 0.044922 0.214844 0.044922 0.218750 0.042969 0.220703 0.042969 0.248047 0.046875 0.251953 0.046875 0.255859 0.048828 0.257812 0.050781 0.257812 0.054688 0.261719 0.058594 0.261719 0.062500 0.265625 0.070312 0.265625 0.072266 0.267578 0.074219 0.267578 0.076172 0.269531 0.085938 0.269531 0.087891 0.271484 0.089844 0.271484 0.091797 0.269531 0.091797 0.265625 0.093750 0.263672 0.093750 0.257812 0.097656 0.253906 0.097656 0.251953 0.099609 0.250000 0.099609 0.248047 0.103516 0.244141 0.103516 0.242188 0.107422 0.238281 0.107422 0.236328 0.103516 0.232422 0.103516 0.230469 0.101562 0.230469 0.097656 0.226562 0.095703 0.226562 0.093750 0.224609 0.089844 0.224609 0.087891 0.222656 0.083984 0.222656 0.080078 0.218750 0.078125 0.218750 0.074219 0.214844 0.072266 0.214844 0.070312 0.212891 0.070312 0.210938
0 0.142578 0.203125 0.140625 0.205078 0.138672 0.205078 0.136719 0.207031 0.134766 0.207031 0.132812 0.208984 0.130859 0.208984 0.128906 0.210938 0.128906 0.212891 0.123047 0.218750 0.123047 0.220703 0.117188 0.226562 0.117188 0.228516 0.115234 0.230469 0.113281 0.230469 0.113281 0.232422 0.109375 0.236328 0.109375 0.238281 0.105469 0.242188 0.105469 0.244141 0.101562 0.248047 0.101562 0.250000 0.099609 0.251953 0.099609 0.253906 0.095703 0.257812 0.095703 0.263672 0.093750 0.265625 0.093750 0.269531 0.091797 0.271484 0.091797 0.296875 0.095703 0.300781 0.095703 0.302734 0.103516 0.310547 0.105469 0.310547 0.107422 0.312500 0.119141 0.312500 0.121094 0.310547 0.123047 0.310547 0.125000 0.308594 0.126953 0.308594 0.128906 0.306641 0.130859 0.306641 0.130859 0.304688 0.132812 0.302734 0.134766 0.302734 0.142578 0.294922 0.142578 0.292969 0.148438 0.287109 0.148438 0.285156 0.152344 0.281250 0.152344 0.277344 0.154297 0.275391 0.154297 0.273438 0.156250 0.271484 0.156250 0.265625 0.158203 0.263672 0.158203 0.261719 0.160156 0.259766 0.160156 0.250000 0.162109 0.248047 0.162109 0.224609 0.160156 0.222656 0.160156 0.216797 0.158203 0.214844 0.158203 0.212891 0.156250 0.210938 0.156250 0.207031 0.152344 0.203125
0 0.216797 0.216797 0.214844 0.218750 0.214844 0.220703 0.212891 0.222656 0.208984 0.222656 0.207031 0.224609 0.203125 0.224609 0.201172 0.226562 0.197266 0.226562 0.197266 0.228516 0.195312 0.230469 0.193359 0.230469 0.193359 0.232422 0.191406 0.234375 0.191406 0.236328 0.189453 0.238281 0.189453 0.244141 0.187500 0.246094 0.185547 0.246094 0.185547 0.250000 0.183594 0.251953 0.183594 0.253906 0.181641 0.255859 0.181641 0.259766 0.177734 0.263672 0.177734 0.269531 0.175781 0.271484 0.175781 0.275391 0.173828 0.277344 0.173828 0.285156 0.177734 0.285156 0.179688 0.283203 0.181641 0.283203 0.183594 0.281250 0.185547 0.281250 0.187500 0.279297 0.189453 0.279297 0.191406 0.277344 0.195312 0.277344 0.197266 0.275391 0.205078 0.275391 0.207031 0.277344 0.208984 0.277344 0.210938 0.279297 0.210938 0.281250 0.214844 0.285156 0.214844 0.292969 0.216797 0.292969 0.216797 0.291016 0.222656 0.285156 0.222656 0.283203 0.224609 0.281250 0.224609 0.279297 0.226562 0.277344 0.228516 0.277344 0.228516 0.273438 0.230469 0.271484 0.230469 0.269531 0.232422 0.267578 0.232422 0.232422 0.230469 0.230469 0.230469 0.226562 0.228516 0.224609 0.228516 0.220703 0.226562 0.218750 0.224609 0.218750 0.222656 0.216797
0 0.001953 0.267578 0.000000 0.269531 0.000000 0.306641 0.001953 0.306641 0.005859 0.310547 0.007812 0.310547 0.009766 0.312500 0.011719 0.312500 0.013672 0.310547 0.019531 0.310547 0.025391 0.304688 0.025391 0.283203 0.023438 0.283203 0.021484 0.281250 0.021484 0.279297 0.013672 0.271484 0.011719 0.271484 0.009766 0.269531 0.007812 0.269531 0.005859 0.267578
0 0.197266 0.277344 0.195312 0.279297 0.191406 0.279297 0.189453 0.281250 0.187500 0.281250 0.185547 0.283203 0.183594 0.283203 0.181641 0.285156 0.179688 0.285156 0.177734 0.287109 0.173828 0.287109 0.171875 0.289062 0.169922 0.289062 0.167969 0.291016 0.166016 0.291016 0.166016 0.292969 0.164062 0.294922 0.162109 0.294922 0.162109 0.298828 0.160156 0.300781 0.158203 0.300781 0.158203 0.302734 0.152344 0.308594 0.152344 0.310547 0.134766 0.328125 0.134766 0.330078 0.132812 0.332031 0.132812 0.333984 0.128906 0.337891 0.128906 0.339844 0.121094 0.347656 0.121094 0.349609 0.117188 0.353516 0.117188 0.355469 0.113281 0.359375 0.113281 0.361328 0.111328 0.363281 0.111328 0.367188 0.109375 0.369141 0.109375 0.378906 0.111328 0.380859 0.111328 0.382812 0.113281 0.384766 0.115234 0.384766 0.117188 0.386719 0.130859 0.386719 0.132812 0.384766 0.134766 0.384766 0.136719 0.382812 0.142578 0.382812 0.146484 0.378906 0.148438 0.378906 0.150391 0.376953 0.152344 0.376953 0.158203 0.371094 0.160156 0.371094 0.160156 0.369141 0.162109 0.367188 0.164062 0.367188 0.171875 0.359375 0.173828 0.359375 0.173828 0.357422 0.175781 0.355469 0.177734 0.355469 0.181641 0.351562 0.183594 0.351562 0.183594 0.349609 0.195312 0.337891 0.195312 0.335938 0.201172 0.330078 0.201172 0.326172 0.205078 0.322266 0.205078 0.318359 0.208984 0.314453 0.208984 0.312500 0.210938 0.310547 0.210938 0.308594 0.212891 0.306641 0.212891 0.285156 0.208984 0.281250 0.208984 0.279297 0.207031 0.279297 0.205078 0.277344
0 0.275391 0.330078 0.275391 0.332031 0.271484 0.335938 0.269531 0.335938 0.261719 0.343750 0.259766 0.343750 0.259766 0.345703 0.257812 0.347656 0.255859 0.347656 0.255859 0.349609 0.248047 0.357422 0.246094 0.357422 0.246094 0.359375 0.240234 0.365234 0.240234 0.367188 0.238281 0.369141 0.238281 0.373047 0.236328 0.375000 0.236328 0.376953 0.234375 0.378906 0.234375 0.388672 0.236328 0.388672 0.238281 0.390625 0.242188 0.390625 0.246094 0.394531 0.246094 0.396484 0.248047 0.398438 0.248047 0.400391 0.250000 0.402344 0.250000 0.404297 0.251953 0.406250 0.251953 0.410156 0.253906 0.410156 0.255859 0.408203 0.259766 0.408203 0.263672 0.404297 0.265625 0.404297 0.265625 0.402344 0.267578 0.400391 0.269531 0.400391 0.269531 0.398438 0.277344 0.390625 0.277344 0.388672 0.281250 0.384766 0.281250 0.382812 0.285156 0.378906 0.285156 0.376953 0.287109 0.375000 0.287109 0.373047 0.289062 0.371094 0.289062 0.365234 0.291016 0.363281 0.291016 0.361328 0.292969 0.359375 0.292969 0.335938 0.291016 0.333984 0.289062 0.333984 0.287109 0.332031 0.283203 0.332031 0.281250 0.330078
0 0.470703 0.324219 0.470703 0.326172 0.468750 0.328125 0.468750 0.330078 0.466797 0.332031 0.466797 0.333984 0.464844 0.335938 0.464844 0.337891 0.462891 0.339844 0.462891 0.343750 0.458984 0.347656 0.458984 0.361328 0.457031 0.363281 0.457031 0.392578 0.458984 0.394531 0.458984 0.406250 0.460938 0.408203 0.460938 0.412109 0.462891 0.414062 0.462891 0.419922 0.466797 0.423828 0.466797 0.427734 0.474609 0.435547 0.474609 0.437500 0.476562 0.439453 0.478516 0.439453 0.480469 0.437500 0.480469 0.433594 0.482422 0.431641 0.482422 0.429688 0.484375 0.427734 0.484375 0.417969 0.486328 0.416016 0.486328 0.410156 0.488281 0.408203 0.488281 0.396484 0.490234 0.394531 0.490234 0.380859 0.492188 0.378906 0.492188 0.335938 0.490234 0.333984 0.490234 0.332031 0.488281 0.330078 0.488281 0.326172 0.486328 0.324219
0 0.222656 0.388672 0.218750 0.392578 0.218750 0.394531 0.214844 0.398438 0.214844 0.400391 0.212891 0.402344 0.210938 0.402344 0.201172 0.412109 0.199219 0.412109 0.193359 0.417969 0.191406 0.417969 0.179688 0.429688 0.177734 0.429688 0.177734 0.431641 0.175781 0.433594 0.173828 0.433594 0.173828 0.435547 0.171875 0.437500 0.169922 0.437500 0.169922 0.439453 0.167969 0.441406 0.167969 0.443359 0.166016 0.445312 0.166016 0.449219 0.164062 0.451172 0.164062 0.453125 0.162109 0.455078 0.162109 0.470703 0.166016 0.474609 0.166016 0.476562 0.169922 0.480469 0.171875 0.480469 0.175781 0.484375 0.189453 0.484375 0.193359 0.480469 0.195312 0.480469 0.199219 0.476562 0.201172 0.476562 0.201172 0.474609 0.203125 0.472656 0.205078 0.472656 0.205078 0.470703 0.207031 0.468750 0.208984 0.468750 0.208984 0.466797 0.210938 0.464844 0.212891 0.464844 0.212891 0.462891 0.214844 0.460938 0.216797 0.460938 0.220703 0.457031 0.222656 0.457031 0.226562 0.453125 0.228516 0.453125 0.228516 0.451172 0.230469 0.449219 0.232422 0.449219 0.244141 0.437500 0.244141 0.435547 0.248047 0.431641 0.248047 0.429688 0.250000 0.427734 0.250000 0.406250 0.248047 0.404297 0.248047 0.402344 0.246094 0.400391 0.246094 0.398438 0.244141 0.396484 0.244141 0.394531 0.242188 0.392578 0.238281 0.392578 0.236328 0.390625 0.228516 0.390625 0.226562 0.388672
0 0.070312 0.410156 0.068359 0.412109 0.056641 0.412109 0.050781 0.417969 0.048828 0.417969 0.048828 0.419922 0.046875 0.421875 0.044922 0.421875 0.042969 0.423828 0.042969 0.425781 0.039062 0.429688 0.039062 0.431641 0.037109 0.433594 0.037109 0.435547 0.035156 0.437500 0.035156 0.441406 0.031250 0.445312 0.031250 0.468750 0.035156 0.472656 0.035156 0.476562 0.037109 0.476562 0.039062 0.478516 0.041016 0.478516 0.042969 0.480469 0.052734 0.480469 0.056641 0.476562 0.062500 0.476562 0.064453 0.474609 0.066406 0.474609 0.068359 0.472656 0.093750 0.472656 0.095703 0.470703 0.099609 0.470703 0.101562 0.468750 0.105469 0.468750 0.107422 0.466797 0.107422 0.464844 0.111328 0.460938 0.111328 0.453125 0.113281 0.451172 0.113281 0.439453 0.111328 0.437500 0.111328 0.431641 0.107422 0.427734 0.107422 0.425781 0.103516 0.421875 0.103516 0.419922 0.097656 0.414062 0.095703 0.414062 0.091797 0.410156
0 0.732422 0.460938 0.730469 0.462891 0.728516 0.462891 0.726562 0.464844 0.726562 0.466797 0.722656 0.470703 0.722656 0.474609 0.720703 0.476562 0.720703 0.480469 0.718750 0.482422 0.718750 0.501953 0.720703 0.503906 0.720703 0.505859 0.722656 0.507812 0.722656 0.511719 0.724609 0.513672 0.724609 0.515625 0.726562 0.517578 0.726562 0.521484 0.728516 0.523438 0.728516 0.525391 0.730469 0.527344 0.730469 0.529297 0.732422 0.529297 0.734375 0.531250 0.734375 0.535156 0.740234 0.541016 0.742188 0.541016 0.746094 0.544922 0.750000 0.544922 0.751953 0.546875 0.759766 0.546875 0.761719 0.544922 0.765625 0.544922 0.765625 0.542969 0.767578 0.541016 0.769531 0.541016 0.769531 0.537109 0.773438 0.533203 0.773438 0.529297 0.777344 0.525391 0.777344 0.500000 0.773438 0.496094 0.773438 0.490234 0.771484 0.488281 0.771484 0.486328 0.769531 0.484375 0.769531 0.480469 0.765625 0.476562 0.765625 0.470703 0.755859 0.460938
0 0.396484 0.449219 0.392578 0.453125 0.392578 0.455078 0.388672 0.458984 0.388672 0.462891 0.384766 0.466797 0.384766 0.468750 0.382812 0.470703 0.382812 0.472656 0.380859 0.474609 0.380859 0.478516 0.376953 0.482422 0.376953 0.486328 0.375000 0.488281 0.375000 0.490234 0.373047 0.492188 0.373047 0.496094 0.371094 0.498047 0.371094 0.500000 0.369141 0.501953 0.369141 0.507812 0.367188 0.509766 0.367188 0.515625 0.365234 0.517578 0.365234 0.550781 0.367188 0.552734 0.367188 0.554688 0.369141 0.556641 0.369141 0.560547 0.373047 0.564453 0.373047 0.566406 0.375000 0.568359 0.375000 0.570312 0.380859 0.576172 0.382812 0.576172 0.384766 0.578125 0.398438 0.578125 0.408203 0.568359 0.408203 0.566406 0.412109 0.562500 0.412109 0.560547 0.414062 0.558594 0.414062 0.556641 0.416016 0.554688 0.416016 0.552734 0.417969 0.550781 0.417969 0.546875 0.419922 0.544922 0.419922 0.537109 0.421875 0.535156 0.421875 0.529297 0.423828 0.527344 0.423828 0.494141 0.421875 0.492188 0.421875 0.484375 0.419922 0.482422 0.419922 0.472656 0.417969 0.470703 0.417969 0.466797 0.416016 0.464844 0.416016 0.460938 0.414062 0.460938 0.412109 0.458984 0.410156 0.458984 0.404297 0.453125 0.402344 0.453125 0.398438 0.449219
0 0.146484 0.507812 0.144531 0.509766 0.136719 0.509766 0.136719 0.513672 0.134766 0.515625 0.132812 0.515625 0.132812 0.517578 0.123047 0.527344 0.123047 0.529297 0.121094 0.531250 0.121094 0.533203 0.119141 0.535156 0.117188 0.535156 0.117188 0.537109 0.105469 0.548828 0.105469 0.550781 0.103516 0.552734 0.101562 0.552734 0.101562 0.554688 0.099609 0.556641 0.095703 0.556641 0.095703 0.558594 0.093750 0.560547 0.093750 0.570312 0.095703 0.572266 0.095703 0.574219 0.099609 0.578125 0.113281 0.578125 0.117188 0.574219 0.119141 0.574219 0.121094 0.572266 0.123047 0.572266 0.125000 0.570312 0.126953 0.570312 0.126953 0.568359 0.128906 0.566406 0.130859 0.566406 0.136719 0.560547 0.138672 0.560547 0.144531 0.554688 0.148438 0.554688 0.148438 0.552734 0.150391 0.550781 0.152344 0.550781 0.154297 0.548828 0.156250 0.548828 0.160156 0.544922 0.162109 0.544922 0.166016 0.541016 0.167969 0.541016 0.167969 0.539062 0.169922 0.537109 0.171875 0.537109 0.175781 0.533203 0.175781 0.525391 0.173828 0.523438 0.173828 0.521484 0.171875 0.519531 0.171875 0.517578 0.167969 0.513672 0.167969 0.511719 0.166016 0.511719 0.164062 0.509766 0.164062 0.507812
0 0.972656 0.552734 0.968750 0.556641 0.966797 0.556641 0.966797 0.558594 0.964844 0.560547 0.964844 0.562500 0.962891 0.564453 0.962891 0.566406 0.960938 0.568359 0.960938 0.570312 0.958984 0.572266 0.958984 0.591797 0.962891 0.595703 0.962891 0.599609 0.970703 0.607422 0.972656 0.607422 0.974609 0.609375 0.974609 0.611328 0.976562 0.611328 0.980469 0.615234 0.982422 0.615234 0.986328 0.619141 0.988281 0.619141 0.990234 0.621094 0.990234 0.623047 0.992188 0.623047 0.994141 0.625000 0.994141 0.626953 0.996094 0.626953 0.996094 0.552734
0 0.169922 0.613281 0.167969 0.615234 0.162109 0.615234 0.162109 0.619141 0.160156 0.621094 0.160156 0.623047 0.158203 0.625000 0.158203 0.632812 0.156250 0.634766 0.156250 0.656250 0.158203 0.658203 0.158203 0.664062 0.162109 0.667969 0.162109 0.669922 0.166016 0.673828 0.169922 0.673828 0.171875 0.675781 0.185547 0.675781 0.187500 0.673828 0.189453 0.673828 0.191406 0.671875 0.195312 0.671875 0.195312 0.669922 0.197266 0.667969 0.201172 0.667969 0.201172 0.666016 0.203125 0.664062 0.205078 0.664062 0.205078 0.662109 0.207031 0.660156 0.207031 0.642578 0.205078 0.640625 0.205078 0.634766 0.203125 0.632812 0.203125 0.630859 0.201172 0.628906 0.201172 0.623047 0.199219 0.621094 0.197266 0.621094 0.195312 0.619141 0.195312 0.617188 0.193359 0.617188 0.189453 0.613281
0 0.652344 0.617188 0.644531 0.625000 0.644531 0.626953 0.642578 0.628906 0.642578 0.634766 0.640625 0.636719 0.642578 0.638672 0.642578 0.642578 0.644531 0.644531 0.644531 0.648438 0.650391 0.654297 0.650391 0.656250 0.654297 0.660156 0.654297 0.662109 0.658203 0.666016 0.658203 0.667969 0.662109 0.671875 0.666016 0.671875 0.667969 0.673828 0.669922 0.673828 0.671875 0.675781 0.699219 0.675781 0.703125 0.671875 0.705078 0.671875 0.712891 0.664062 0.712891 0.660156 0.714844 0.658203 0.714844 0.656250 0.716797 0.654297 0.716797 0.636719 0.712891 0.632812 0.712891 0.630859 0.710938 0.628906 0.707031 0.628906 0.705078 0.626953 0.701172 0.626953 0.699219 0.625000 0.693359 0.625000 0.691406 0.623047 0.683594 0.623047 0.681641 0.621094 0.673828 0.621094 0.671875 0.619141 0.666016 0.619141 0.664062 0.617188
0 0.546875 0.613281 0.546875 0.615234 0.544922 0.617188 0.542969 0.617188 0.542969 0.640625 0.544922 0.642578 0.544922 0.644531 0.546875 0.646484 0.546875 0.650391 0.550781 0.654297 0.550781 0.656250 0.552734 0.658203 0.552734 0.660156 0.554688 0.660156 0.562500 0.667969 0.564453 0.667969 0.566406 0.669922 0.568359 0.669922 0.570312 0.671875 0.578125 0.671875 0.580078 0.673828 0.582031 0.673828 0.583984 0.675781 0.589844 0.675781 0.591797 0.677734 0.593750 0.675781 0.632812 0.675781 0.634766 0.677734 0.638672 0.677734 0.640625 0.679688 0.642578 0.679688 0.644531 0.681641 0.644531 0.683594 0.646484 0.683594 0.648438 0.685547 0.652344 0.685547 0.656250 0.681641 0.656250 0.666016 0.652344 0.662109 0.652344 0.660156 0.648438 0.656250 0.648438 0.654297 0.642578 0.648438 0.642578 0.644531 0.640625 0.642578 0.640625 0.638672 0.638672 0.636719 0.638672 0.630859 0.636719 0.628906 0.636719 0.626953 0.632812 0.623047 0.632812 0.621094 0.630859 0.621094 0.626953 0.617188 0.621094 0.617188 0.619141 0.615234 0.613281 0.615234 0.611328 0.613281
0 0.244141 0.640625 0.242188 0.642578 0.228516 0.642578 0.228516 0.644531 0.226562 0.646484 0.226562 0.667969 0.228516 0.669922 0.228516 0.671875 0.230469 0.673828 0.230469 0.675781 0.232422 0.675781 0.238281 0.681641 0.240234 0.681641 0.242188 0.683594 0.244141 0.683594 0.246094 0.685547 0.248047 0.685547 0.250000 0.687500 0.265625 0.687500 0.269531 0.683594 0.273438 0.683594 0.273438 0.681641 0.275391 0.679688 0.277344 0.679688 0.277344 0.677734 0.281250 0.673828 0.281250 0.662109 0.279297 0.660156 0.279297 0.658203 0.277344 0.656250 0.277344 0.654297 0.273438 0.650391 0.273438 0.648438 0.269531 0.644531 0.267578 0.644531 0.263672 0.640625
0 0.369141 0.669922 0.367188 0.671875 0.353516 0.671875 0.351562 0.673828 0.349609 0.673828 0.345703 0.677734 0.343750 0.677734 0.343750 0.679688 0.341797 0.681641 0.341797 0.683594 0.339844 0.685547 0.339844 0.708984 0.341797 0.708984 0.343750 0.710938 0.343750 0.712891 0.345703 0.712891 0.347656 0.714844 0.347656 0.716797 0.353516 0.716797 0.355469 0.718750 0.359375 0.718750 0.361328 0.720703 0.371094 0.720703 0.375000 0.716797 0.376953 0.716797 0.378906 0.714844 0.378906 0.712891 0.382812 0.708984 0.382812 0.707031 0.384766 0.705078 0.384766 0.703125 0.386719 0.701172 0.386719 0.673828 0.384766 0.673828 0.382812 0.671875 0.382812 0.669922
0 0.593750 0.677734 0.585938 0.685547 0.585938 0.687500 0.583984 0.689453 0.583984 0.693359 0.585938 0.695312 0.587891 0.695312 0.589844 0.697266 0.589844 0.699219 0.591797 0.701172 0.591797 0.705078 0.593750 0.707031 0.593750 0.718750 0.591797 0.720703 0.595703 0.724609 0.603516 0.724609 0.605469 0.726562 0.613281 0.726562 0.615234 0.724609 0.621094 0.724609 0.625000 0.720703 0.626953 0.720703 0.628906 0.718750 0.630859 0.718750 0.632812 0.716797 0.634766 0.716797 0.634766 0.714844 0.636719 0.712891 0.638672 0.712891 0.642578 0.708984 0.642578 0.707031 0.646484 0.703125 0.646484 0.701172 0.648438 0.699219 0.648438 0.687500 0.646484 0.685547 0.644531 0.685547 0.642578 0.683594 0.642578 0.681641 0.640625 0.681641 0.638672 0.679688 0.634766 0.679688 0.632812 0.677734
0 0.546875 0.681641 0.546875 0.691406 0.548828 0.693359 0.548828 0.697266 0.550781 0.699219 0.550781 0.701172 0.552734 0.703125 0.552734 0.708984 0.556641 0.712891 0.556641 0.716797 0.558594 0.718750 0.558594 0.720703 0.560547 0.722656 0.560547 0.724609 0.568359 0.732422 0.570312 0.732422 0.572266 0.734375 0.578125 0.734375 0.580078 0.732422 0.583984 0.732422 0.585938 0.730469 0.585938 0.728516 0.589844 0.724609 0.589844 0.720703 0.591797 0.718750 0.591797 0.707031 0.589844 0.705078 0.589844 0.701172 0.587891 0.699219 0.587891 0.697266 0.585938 0.697266 0.583984 0.695312 0.582031 0.695312 0.580078 0.693359 0.578125 0.693359 0.576172 0.691406 0.574219 0.691406 0.572266 0.689453 0.568359 0.689453 0.566406 0.687500 0.564453 0.687500 0.562500 0.685547 0.560547 0.685547 0.558594 0.683594 0.556641 0.683594 0.554688 0.681641
0 0.539062 0.724609 0.535156 0.728516 0.535156 0.732422 0.533203 0.734375 0.533203 0.736328 0.531250 0.738281 0.531250 0.763672 0.535156 0.767578 0.535156 0.769531 0.542969 0.777344 0.542969 0.779297 0.548828 0.785156 0.552734 0.785156 0.554688 0.787109 0.556641 0.787109 0.558594 0.789062 0.564453 0.789062 0.568359 0.785156 0.568359 0.783203 0.570312 0.781250 0.570312 0.779297 0.572266 0.777344 0.572266 0.773438 0.574219 0.771484 0.574219 0.751953 0.570312 0.748047 0.570312 0.744141 0.566406 0.740234 0.566406 0.738281 0.564453 0.736328 0.562500 0.736328 0.560547 0.734375 0.558594 0.734375 0.556641 0.732422 0.554688 0.732422 0.550781 0.728516 0.548828 0.728516 0.546875 0.726562 0.544922 0.726562 0.542969 0.724609
0 0.443359 0.722656 0.441406 0.724609 0.437500 0.724609 0.437500 0.726562 0.433594 0.730469 0.433594 0.732422 0.431641 0.734375 0.429688 0.734375 0.429688 0.736328 0.427734 0.738281 0.425781 0.738281 0.425781 0.742188 0.421875 0.746094 0.421875 0.773438 0.423828 0.775391 0.423828 0.777344 0.425781 0.779297 0.425781 0.781250 0.427734 0.781250 0.431641 0.785156 0.439453 0.785156 0.441406 0.787109 0.447266 0.787109 0.449219 0.789062 0.453125 0.789062 0.457031 0.792969 0.460938 0.792969 0.466797 0.798828 0.468750 0.798828 0.470703 0.800781 0.470703 0.802734 0.476562 0.802734 0.476562 0.800781 0.478516 0.798828 0.478516 0.796875 0.480469 0.794922 0.480469 0.773438 0.478516 0.771484 0.478516 0.767578 0.476562 0.765625 0.476562 0.759766 0.474609 0.757812 0.474609 0.755859 0.472656 0.753906 0.472656 0.748047 0.468750 0.744141 0.468750 0.742188 0.464844 0.738281 0.464844 0.736328 0.460938 0.732422 0.460938 0.730469 0.457031 0.726562 0.455078 0.726562 0.453125 0.724609 0.453125 0.722656
0 0.962891 0.742188 0.957031 0.748047 0.957031 0.750000 0.955078 0.751953 0.955078 0.757812 0.953125 0.759766 0.953125 0.777344 0.955078 0.779297 0.955078 0.781250 0.958984 0.785156 0.960938 0.785156 0.962891 0.787109 0.970703 0.787109 0.972656 0.785156 0.972656 0.769531 0.976562 0.765625 0.976562 0.763672 0.982422 0.757812 0.980469 0.755859 0.980469 0.753906 0.976562 0.750000 0.974609 0.750000 0.966797 0.742188
0 0.990234 0.751953 0.988281 0.753906 0.986328 0.753906 0.986328 0.755859 0.978516 0.763672 0.978516 0.765625 0.974609 0.769531 0.974609 0.785156 0.976562 0.785156 0.978516 0.787109 0.978516 0.789062 0.982422 0.789062 0.984375 0.791016 0.996094 0.791016 0.996094 0.755859 0.992188 0.751953
0 0.220703 0.732422 0.218750 0.734375 0.216797 0.734375 0.214844 0.736328 0.212891 0.736328 0.210938 0.738281 0.207031 0.738281 0.205078 0.740234 0.203125 0.740234 0.203125 0.759766 0.201172 0.761719 0.201172 0.765625 0.207031 0.771484 0.207031 0.773438 0.210938 0.777344 0.210938 0.779297 0.214844 0.783203 0.214844 0.798828 0.212891 0.800781 0.212891 0.802734 0.210938 0.804688 0.210938 0.810547 0.214844 0.814453 0.214844 0.818359 0.218750 0.822266 0.220703 0.822266 0.224609 0.826172 0.226562 0.826172 0.228516 0.828125 0.230469 0.828125 0.232422 0.830078 0.238281 0.830078 0.242188 0.826172 0.244141 0.826172 0.244141 0.824219 0.246094 0.822266 0.248047 0.822266 0.250000 0.820312 0.250000 0.818359 0.257812 0.810547 0.257812 0.808594 0.259766 0.806641 0.259766 0.804688 0.261719 0.802734 0.261719 0.798828 0.263672 0.796875 0.263672 0.794922 0.265625 0.792969 0.265625 0.771484 0.263672 0.769531 0.263672 0.767578 0.261719 0.765625 0.261719 0.761719 0.257812 0.757812 0.257812 0.755859 0.255859 0.753906 0.255859 0.751953 0.251953 0.748047 0.251953 0.746094 0.248047 0.742188 0.246094 0.742188 0.244141 0.740234 0.244141 0.738281 0.242188 0.738281 0.238281 0.734375 0.230469 0.734375 0.228516 0.732422
0 0.171875 0.755859 0.169922 0.757812 0.166016 0.757812 0.164062 0.759766 0.162109 0.759766 0.162109 0.761719 0.160156 0.763672 0.158203 0.763672 0.158203 0.765625 0.156250 0.767578 0.154297 0.767578 0.154297 0.769531 0.152344 0.771484 0.152344 0.773438 0.150391 0.775391 0.150391 0.787109 0.154297 0.791016 0.154297 0.792969 0.158203 0.796875 0.158203 0.798828 0.162109 0.802734 0.164062 0.802734 0.166016 0.804688 0.166016 0.806641 0.167969 0.806641 0.169922 0.808594 0.171875 0.808594 0.173828 0.810547 0.175781 0.810547 0.177734 0.812500 0.179688 0.812500 0.181641 0.814453 0.201172 0.814453 0.208984 0.806641 0.208984 0.804688 0.210938 0.802734 0.210938 0.800781 0.212891 0.798828 0.212891 0.783203 0.208984 0.779297 0.208984 0.777344 0.205078 0.773438 0.205078 0.771484 0.195312 0.761719 0.195312 0.759766 0.193359 0.759766 0.191406 0.757812 0.191406 0.755859
0 0.048828 0.767578 0.048828 0.769531 0.046875 0.771484 0.046875 0.773438 0.044922 0.775391 0.044922 0.779297 0.042969 0.781250 0.042969 0.787109 0.041016 0.789062 0.041016 0.792969 0.039062 0.794922 0.039062 0.804688 0.037109 0.806641 0.037109 0.808594 0.035156 0.810547 0.035156 0.830078 0.037109 0.832031 0.037109 0.833984 0.039062 0.833984 0.042969 0.837891 0.054688 0.837891 0.056641 0.835938 0.058594 0.835938 0.060547 0.833984 0.062500 0.833984 0.062500 0.832031 0.064453 0.830078 0.066406 0.830078 0.066406 0.828125 0.068359 0.826172 0.070312 0.826172 0.070312 0.824219 0.074219 0.820312 0.074219 0.818359 0.078125 0.814453 0.078125 0.812500 0.080078 0.810547 0.082031 0.810547 0.082031 0.808594 0.085938 0.804688 0.085938 0.802734 0.089844 0.798828 0.089844 0.794922 0.091797 0.792969 0.091797 0.787109 0.093750 0.785156 0.093750 0.775391 0.091797 0.773438 0.091797 0.771484 0.089844 0.769531 0.087891 0.769531 0.085938 0.767578
0 0.000000 0.769531 0.000000 0.832031 0.001953 0.830078 0.003906 0.830078 0.007812 0.826172 0.007812 0.824219 0.013672 0.818359 0.013672 0.816406 0.015625 0.814453 0.015625 0.812500 0.017578 0.810547 0.017578 0.806641 0.019531 0.804688 0.019531 0.802734 0.021484 0.800781 0.021484 0.794922 0.023438 0.792969 0.023438 0.781250 0.021484 0.779297 0.021484 0.775391 0.019531 0.775391 0.017578 0.773438 0.015625 0.773438 0.013672 0.771484 0.009766 0.771484 0.007812 0.769531
0 0.423828 0.785156 0.421875 0.787109 0.421875 0.816406 0.423828 0.818359 0.423828 0.820312 0.425781 0.822266 0.425781 0.828125 0.429688 0.832031 0.429688 0.833984 0.431641 0.833984 0.433594 0.835938 0.433594 0.837891 0.435547 0.837891 0.439453 0.841797 0.443359 0.841797 0.445312 0.843750 0.447266 0.843750 0.449219 0.845703 0.455078 0.845703 0.458984 0.841797 0.458984 0.839844 0.460938 0.837891 0.460938 0.833984 0.464844 0.830078 0.484375 0.830078 0.486328 0.832031 0.488281 0.832031 0.488281 0.826172 0.486328 0.824219 0.486328 0.822266 0.484375 0.820312 0.484375 0.816406 0.482422 0.816406 0.480469 0.814453 0.480469 0.812500 0.472656 0.804688 0.470703 0.804688 0.468750 0.802734 0.468750 0.800781 0.466797 0.800781 0.460938 0.794922 0.457031 0.794922 0.453125 0.791016 0.449219 0.791016 0.447266 0.789062 0.441406 0.789062 0.439453 0.787109 0.431641 0.787109 0.429688 0.785156
0 0.310547 0.787109 0.304688 0.792969 0.304688 0.798828 0.302734 0.800781 0.302734 0.812500 0.304688 0.814453 0.304688 0.818359 0.308594 0.822266 0.308594 0.824219 0.312500 0.828125 0.312500 0.830078 0.324219 0.841797 0.326172 0.841797 0.330078 0.845703 0.332031 0.845703 0.335938 0.849609 0.337891 0.849609 0.339844 0.851562 0.341797 0.851562 0.343750 0.853516 0.345703 0.853516 0.347656 0.855469 0.355469 0.855469 0.357422 0.857422 0.359375 0.857422 0.361328 0.859375 0.386719 0.859375 0.390625 0.855469 0.394531 0.855469 0.394531 0.853516 0.396484 0.851562 0.400391 0.851562 0.400391 0.849609 0.404297 0.845703 0.404297 0.833984 0.400391 0.830078 0.400391 0.826172 0.398438 0.824219 0.396484 0.824219 0.394531 0.822266 0.394531 0.820312 0.392578 0.820312 0.390625 0.818359 0.390625 0.816406 0.386719 0.812500 0.384766 0.812500 0.382812 0.810547 0.382812 0.808594 0.380859 0.808594 0.378906 0.806641 0.378906 0.804688 0.376953 0.804688 0.375000 0.802734 0.375000 0.800781 0.373047 0.800781 0.367188 0.794922 0.363281 0.794922 0.361328 0.792969 0.351562 0.792969 0.349609 0.791016 0.339844 0.791016 0.337891 0.789062 0.326172 0.789062 0.324219 0.787109
0 0.464844 0.832031 0.462891 0.833984 0.462891 0.837891 0.460938 0.839844 0.460938 0.841797 0.449219 0.853516 0.449219 0.855469 0.451172 0.857422 0.451172 0.863281 0.457031 0.869141 0.457031 0.871094 0.458984 0.873047 0.458984 0.875000 0.460938 0.876953 0.460938 0.878906 0.468750 0.886719 0.470703 0.886719 0.474609 0.890625 0.490234 0.890625 0.494141 0.886719 0.496094 0.886719 0.500000 0.882812 0.500000 0.880859 0.501953 0.878906 0.501953 0.869141 0.503906 0.867188 0.503906 0.857422 0.501953 0.855469 0.501953 0.849609 0.500000 0.847656 0.500000 0.845703 0.498047 0.843750 0.498047 0.839844 0.496094 0.839844 0.492188 0.835938 0.490234 0.835938 0.488281 0.833984 0.486328 0.833984 0.484375 0.832031
0 0.857422 0.841797 0.855469 0.843750 0.853516 0.843750 0.851562 0.845703 0.849609 0.845703 0.847656 0.847656 0.847656 0.853516 0.845703 0.855469 0.845703 0.861328 0.843750 0.863281 0.843750 0.869141 0.841797 0.871094 0.841797 0.875000 0.839844 0.876953 0.839844 0.878906 0.835938 0.882812 0.835938 0.886719 0.833984 0.888672 0.833984 0.890625 0.832031 0.892578 0.832031 0.912109 0.835938 0.916016 0.835938 0.917969 0.841797 0.923828 0.859375 0.923828 0.861328 0.921875 0.863281 0.921875 0.873047 0.912109 0.873047 0.910156 0.875000 0.908203 0.875000 0.900391 0.876953 0.898438 0.876953 0.876953 0.875000 0.875000 0.875000 0.869141 0.873047 0.867188 0.873047 0.865234 0.871094 0.863281 0.871094 0.861328 0.869141 0.859375 0.869141 0.857422 0.867188 0.855469 0.867188 0.851562 0.865234 0.849609 0.865234 0.847656 0.863281 0.845703 0.863281 0.843750 0.861328 0.841797
0 0.166016 0.865234 0.164062 0.867188 0.148438 0.867188 0.146484 0.869141 0.144531 0.869141 0.140625 0.873047 0.138672 0.873047 0.130859 0.880859 0.130859 0.882812 0.128906 0.884766 0.128906 0.886719 0.126953 0.888672 0.125000 0.888672 0.125000 0.892578 0.121094 0.896484 0.121094 0.902344 0.117188 0.906250 0.117188 0.919922 0.119141 0.919922 0.121094 0.921875 0.121094 0.923828 0.126953 0.923828 0.128906 0.925781 0.146484 0.925781 0.148438 0.923828 0.150391 0.923828 0.154297 0.919922 0.156250 0.919922 0.164062 0.912109 0.164062 0.910156 0.166016 0.908203 0.167969 0.908203 0.167969 0.906250 0.171875 0.902344 0.171875 0.900391 0.173828 0.898438 0.173828 0.896484 0.175781 0.894531 0.175781 0.892578 0.177734 0.890625 0.177734 0.888672 0.179688 0.886719 0.179688 0.876953 0.175781 0.873047 0.175781 0.871094 0.171875 0.867188 0.169922 0.867188 0.167969 0.865234
0 0.000000 0.853516 0.000000 0.945312 0.001953 0.943359 0.003906 0.943359 0.005859 0.941406 0.005859 0.939453 0.015625 0.929688 0.015625 0.927734 0.017578 0.925781 0.017578 0.923828 0.021484 0.919922 0.021484 0.912109 0.023438 0.910156 0.023438 0.880859 0.021484 0.878906 0.021484 0.873047 0.019531 0.871094 0.019531 0.869141 0.017578 0.867188 0.017578 0.865234 0.015625 0.865234 0.013672 0.863281 0.013672 0.861328 0.011719 0.861328 0.009766 0.859375 0.009766 0.857422 0.007812 0.857422 0.005859 0.855469 0.003906 0.855469 0.001953 0.853516
0 0.095703 0.869141 0.095703 0.871094 0.091797 0.875000 0.091797 0.878906 0.087891 0.882812 0.087891 0.886719 0.083984 0.890625 0.083984 0.900391 0.082031 0.902344 0.082031 0.906250 0.080078 0.908203 0.080078 0.931641 0.082031 0.931641 0.083984 0.933594 0.083984 0.935547 0.085938 0.935547 0.087891 0.937500 0.099609 0.937500 0.101562 0.935547 0.103516 0.935547 0.103516 0.931641 0.105469 0.929688 0.105469 0.921875 0.107422 0.919922 0.107422 0.875000 0.105469 0.873047 0.103516 0.873047 0.101562 0.871094 0.099609 0.871094 0.097656 0.869141
0 0.318359 0.919922 0.316406 0.921875 0.308594 0.921875 0.306641 0.923828 0.300781 0.923828 0.296875 0.927734 0.296875 0.939453 0.300781 0.943359 0.300781 0.947266 0.304688 0.951172 0.304688 0.953125 0.306641 0.953125 0.308594 0.955078 0.308594 0.957031 0.314453 0.957031 0.316406 0.958984 0.326172 0.958984 0.326172 0.957031 0.330078 0.953125 0.330078 0.951172 0.332031 0.949219 0.333984 0.949219 0.333984 0.947266 0.335938 0.945312 0.337891 0.945312 0.339844 0.943359 0.345703 0.943359 0.345703 0.937500 0.333984 0.925781 0.332031 0.925781 0.330078 0.923828 0.330078 0.921875 0.324219 0.921875 0.322266 0.919922
0 0.339844 0.945312 0.337891 0.947266 0.335938 0.947266 0.335938 0.949219 0.333984 0.951172 0.332031 0.951172 0.332031 0.953125 0.328125 0.957031 0.328125 0.962891 0.326172 0.964844 0.326172 0.976562 0.328125 0.978516 0.328125 0.984375 0.330078 0.986328 0.330078 0.988281 0.332031 0.990234 0.332031 0.992188 0.333984 0.992188 0.335938 0.994141 0.335938 0.996094 0.337891 0.998047 0.341797 0.998047 0.343750 0.996094 0.359375 0.996094 0.361328 0.994141 0.376953 0.994141 0.378906 0.992188 0.392578 0.992188 0.392578 0.988281 0.390625 0.986328 0.390625 0.978516 0.388672 0.976562 0.388672 0.974609 0.386719 0.972656 0.386719 0.968750 0.382812 0.964844 0.382812 0.960938 0.373047 0.951172 0.369141 0.951172 0.365234 0.947266 0.363281 0.947266 0.361328 0.945312
0 0.519531 0.966797 0.517578 0.968750 0.515625 0.968750 0.513672 0.970703 0.511719 0.970703 0.511719 0.972656 0.509766 0.974609 0.509766 0.976562 0.507812 0.978516 0.507812 0.984375 0.511719 0.988281 0.511719 0.992188 0.513672 0.992188 0.515625 0.994141 0.515625 0.996094 0.517578 0.998047 0.521484 0.998047 0.523438 0.996094 0.552734 0.996094 0.552734 0.994141 0.550781 0.992188 0.550781 0.986328 0.546875 0.982422 0.546875 0.980469 0.544922 0.978516 0.544922 0.976562 0.541016 0.972656 0.541016 0.970703 0.539062 0.970703 0.537109 0.968750 0.535156 0.968750 0.533203 0.966797
0 0.126953 0.982422 0.125000 0.984375 0.121094 0.984375 0.119141 0.986328 0.113281 0.986328 0.103516 0.996094 0.156250 0.996094 0.158203 0.998047 0.164062 0.998047 0.162109 0.996094 0.162109 0.994141 0.160156 0.992188 0.160156 0.990234 0.158203 0.990234 0.156250 0.988281 0.156250 0.986328 0.154297 0.986328 0.152344 0.984375 0.150391 0.984375 0.148438 0.982422
