0 0.000000 0.000000 0.000000 0.023438 0.001953 0.023438 0.003906 0.021484 0.005859 0.021484 0.011719 0.015625 0.011719 0.013672 0.015625 0.009766 0.017578 0.009766 0.019531 0.007812 0.021484 0.007812 0.023438 0.005859 0.025391 0.005859 0.027344 0.003906 0.029297 0.003906 0.033203 0.000000 0.035156 0.000000
0 0.832031 0.000000 0.833984 0.001953 0.833984 0.003906 0.837891 0.007812 0.837891 0.009766 0.849609 0.021484 0.851562 0.021484 0.853516 0.023438 0.857422 0.023438 0.859375 0.025391 0.882812 0.025391 0.884766 0.023438 0.886719 0.023438 0.894531 0.015625 0.894531 0.013672 0.896484 0.011719 0.896484 0.000000
0 0.117188 0.000000 0.117188 0.003906 0.119141 0.005859 0.119141 0.007812 0.121094 0.009766 0.121094 0.013672 0.126953 0.019531 0.128906 0.019531 0.130859 0.021484 0.132812 0.021484 0.134766 0.023438 0.138672 0.023438 0.140625 0.025391 0.146484 0.025391 0.148438 0.027344 0.154297 0.027344 0.156250 0.025391 0.160156 0.025391 0.156250 0.021484 0.156250 0.019531 0.154297 0.017578 0.154297 0.011719 0.152344 0.009766 0.152344 0.000000
0 0.154297 0.000000 0.154297 0.009766 0.156250 0.011719 0.156250 0.017578 0.158203 0.019531 0.158203 0.021484 0.162109 0.025391 0.162109 0.027344 0.166016 0.027344 0.167969 0.029297 0.171875 0.029297 0.173828 0.031250 0.179688 0.031250 0.181641 0.033203 0.197266 0.033203 0.199219 0.031250 0.201172 0.031250 0.203125 0.029297 0.205078 0.029297 0.207031 0.027344 0.208984 0.027344 0.214844 0.021484 0.216797 0.021484 0.224609 0.013672 0.224609 0.011719 0.226562 0.009766 0.226562 0.007812 0.230469 0.003906 0.230469 0.000000
0 0.259766 0.000000 0.257812 0.001953 0.257812 0.023438 0.259766 0.025391 0.259766 0.027344 0.271484 0.039062 0.275391 0.039062 0.277344 0.041016 0.279297 0.041016 0.281250 0.042969 0.296875 0.042969 0.298828 0.041016 0.300781 0.041016 0.308594 0.033203 0.310547 0.033203 0.312500 0.031250 0.312500 0.029297 0.316406 0.025391 0.316406 0.023438 0.318359 0.021484 0.318359 0.019531 0.320312 0.017578 0.320312 0.015625 0.322266 0.013672 0.322266 0.007812 0.324219 0.005859 0.324219 0.000000
0 0.697266 0.000000 0.697266 0.003906 0.699219 0.005859 0.699219 0.007812 0.701172 0.009766 0.701172 0.013672 0.705078 0.017578 0.705078 0.019531 0.712891 0.027344 0.712891 0.029297 0.720703 0.037109 0.722656 0.037109 0.728516 0.042969 0.734375 0.042969 0.736328 0.044922 0.753906 0.044922 0.757812 0.041016 0.759766 0.041016 0.761719 0.039062 0.767578 0.039062 0.769531 0.037109 0.785156 0.037109 0.787109 0.035156 0.791016 0.035156 0.792969 0.033203 0.792969 0.031250 0.794922 0.029297 0.794922 0.021484 0.791016 0.017578 0.789062 0.017578 0.785156 0.013672 0.783203 0.013672 0.773438 0.003906 0.773438 0.000000
0 0.589844 0.000000 0.587891 0.001953 0.587891 0.003906 0.585938 0.005859 0.585938 0.007812 0.583984 0.009766 0.583984 0.011719 0.582031 0.013672 0.582031 0.027344 0.583984 0.029297 0.583984 0.031250 0.585938 0.033203 0.585938 0.035156 0.589844 0.039062 0.589844 0.041016 0.593750 0.044922 0.595703 0.044922 0.597656 0.046875 0.599609 0.046875 0.601562 0.048828 0.607422 0.048828 0.609375 0.050781 0.621094 0.050781 0.623047 0.048828 0.626953 0.048828 0.628906 0.046875 0.630859 0.046875 0.638672 0.039062 0.638672 0.019531 0.636719 0.017578 0.636719 0.015625 0.632812 0.011719 0.632812 0.009766 0.623047 0.000000
0 0.394531 0.000000 0.394531 0.003906 0.396484 0.005859 0.396484 0.011719 0.398438 0.013672 0.398438 0.048828 0.400391 0.048828 0.402344 0.050781 0.404297 0.050781 0.406250 0.052734 0.421875 0.052734 0.423828 0.050781 0.425781 0.050781 0.427734 0.048828 0.431641 0.048828 0.433594 0.046875 0.435547 0.046875 0.437500 0.044922 0.439453 0.044922 0.447266 0.037109 0.447266 0.035156 0.451172 0.031250 0.451172 0.027344 0.453125 0.025391 0.453125 0.023438 0.455078 0.021484 0.455078 0.019531 0.457031 0.017578 0.457031 0.011719 0.458984 0.009766 0.458984 0.000000
0 0.001953 0.041016 0.000000 0.042969 0.000000 0.072266 0.013672 0.072266 0.015625 0.070312 0.017578 0.070312 0.019531 0.068359 0.019531 0.048828 0.011719 0.041016
0 0.667969 0.037109 0.666016 0.039062 0.664062 0.039062 0.660156 0.042969 0.658203 0.042969 0.656250 0.044922 0.654297 0.044922 0.650391 0.048828 0.650391 0.050781 0.648438 0.052734 0.648438 0.064453 0.650391 0.066406 0.650391 0.068359 0.652344 0.070312 0.652344 0.072266 0.666016 0.085938 0.667969 0.085938 0.669922 0.087891 0.671875 0.087891 0.673828 0.089844 0.675781 0.089844 0.677734 0.091797 0.685547 0.091797 0.687500 0.089844 0.691406 0.089844 0.695312 0.085938 0.697266 0.085938 0.699219 0.083984 0.699219 0.048828 0.697266 0.046875 0.697266 0.044922 0.693359 0.041016 0.691406 0.041016 0.687500 0.037109
0 0.121094 0.039062 0.119141 0.041016 0.117188 0.041016 0.117188 0.046875 0.115234 0.048828 0.115234 0.056641 0.113281 0.058594 0.113281 0.068359 0.115234 0.070312 0.115234 0.072266 0.119141 0.076172 0.119141 0.078125 0.123047 0.082031 0.123047 0.083984 0.125000 0.083984 0.126953 0.085938 0.128906 0.085938 0.134766 0.091797 0.152344 0.091797 0.154297 0.089844 0.158203 0.089844 0.160156 0.087891 0.160156 0.085938 0.162109 0.083984 0.162109 0.082031 0.164062 0.080078 0.164062 0.078125 0.166016 0.076172 0.166016 0.058594 0.164062 0.056641 0.164062 0.054688 0.162109 0.052734 0.162109 0.050781 0.156250 0.044922 0.156250 0.042969 0.154297 0.041016 0.152344 0.041016 0.150391 0.039062
0 0.798828 0.035156 0.796875 0.037109 0.787109 0.037109 0.785156 0.039062 0.769531 0.039062 0.767578 0.041016 0.761719 0.041016 0.759766 0.042969 0.757812 0.042969 0.753906 0.046875 0.751953 0.046875 0.751953 0.048828 0.750000 0.050781 0.750000 0.052734 0.746094 0.056641 0.746094 0.074219 0.748047 0.076172 0.748047 0.078125 0.750000 0.080078 0.750000 0.085938 0.751953 0.087891 0.751953 0.089844 0.759766 0.097656 0.761719 0.097656 0.765625 0.101562 0.767578 0.101562 0.769531 0.103516 0.771484 0.103516 0.773438 0.105469 0.775391 0.105469 0.777344 0.107422 0.779297 0.107422 0.781250 0.109375 0.783203 0.109375 0.785156 0.111328 0.791016 0.111328 0.792969 0.109375 0.796875 0.109375 0.798828 0.107422 0.804688 0.107422 0.808594 0.103516 0.810547 0.103516 0.814453 0.099609 0.816406 0.099609 0.818359 0.097656 0.820312 0.097656 0.828125 0.089844 0.828125 0.066406 0.826172 0.064453 0.826172 0.060547 0.824219 0.058594 0.824219 0.056641 0.820312 0.052734 0.820312 0.050781 0.812500 0.042969 0.812500 0.041016 0.810547 0.039062 0.808594 0.039062 0.804688 0.035156
0 0.515625 0.054688 0.511719 0.058594 0.509766 0.058594 0.509766 0.060547 0.507812 0.062500 0.507812 0.082031 0.509766 0.083984 0.509766 0.085938 0.515625 0.091797 0.521484 0.091797 0.523438 0.093750 0.535156 0.093750 0.537109 0.091797 0.539062 0.091797 0.541016 0.089844 0.541016 0.087891 0.542969 0.085938 0.542969 0.070312 0.541016 0.068359 0.541016 0.066406 0.539062 0.064453 0.539062 0.062500 0.533203 0.056641 0.531250 0.056641 0.529297 0.054688
0 0.871094 0.050781 0.869141 0.052734 0.863281 0.052734 0.861328 0.054688 0.859375 0.054688 0.859375 0.056641 0.857422 0.058594 0.857422 0.060547 0.855469 0.062500 0.855469 0.064453 0.853516 0.066406 0.853516 0.087891 0.855469 0.089844 0.855469 0.091797 0.857422 0.093750 0.857422 0.095703 0.861328 0.099609 0.863281 0.099609 0.865234 0.101562 0.869141 0.101562 0.871094 0.103516 0.878906 0.103516 0.880859 0.105469 0.888672 0.105469 0.890625 0.103516 0.898438 0.103516 0.900391 0.101562 0.906250 0.101562 0.908203 0.099609 0.910156 0.099609 0.912109 0.097656 0.914062 0.097656 0.919922 0.091797 0.919922 0.089844 0.921875 0.087891 0.921875 0.074219 0.919922 0.072266 0.919922 0.068359 0.917969 0.066406 0.917969 0.064453 0.916016 0.062500 0.916016 0.060547 0.908203 0.052734 0.904297 0.052734 0.902344 0.050781
0 0.478516 0.054688 0.476562 0.056641 0.474609 0.056641 0.474609 0.058594 0.470703 0.062500 0.470703 0.064453 0.466797 0.068359 0.466797 0.070312 0.464844 0.072266 0.464844 0.074219 0.462891 0.076172 0.462891 0.097656 0.466797 0.101562 0.466797 0.103516 0.470703 0.107422 0.470703 0.109375 0.474609 0.113281 0.476562 0.113281 0.480469 0.117188 0.488281 0.117188 0.492188 0.113281 0.494141 0.113281 0.496094 0.111328 0.496094 0.109375 0.500000 0.105469 0.500000 0.103516 0.501953 0.101562 0.501953 0.097656 0.503906 0.095703 0.503906 0.089844 0.505859 0.087891 0.505859 0.068359 0.503906 0.066406 0.503906 0.064453 0.501953 0.062500 0.501953 0.060547 0.500000 0.060547 0.496094 0.056641 0.494141 0.056641 0.492188 0.054688
0 0.212891 0.058594 0.210938 0.060547 0.207031 0.060547 0.205078 0.062500 0.203125 0.062500 0.201172 0.064453 0.201172 0.066406 0.181641 0.085938 0.179688 0.085938 0.169922 0.095703 0.169922 0.109375 0.171875 0.111328 0.171875 0.117188 0.175781 0.121094 0.177734 0.121094 0.181641 0.125000 0.183594 0.125000 0.187500 0.128906 0.189453 0.128906 0.191406 0.130859 0.193359 0.130859 0.195312 0.132812 0.212891 0.132812 0.214844 0.130859 0.220703 0.130859 0.222656 0.128906 0.226562 0.128906 0.230469 0.125000 0.232422 0.125000 0.236328 0.121094 0.238281 0.121094 0.240234 0.119141 0.240234 0.117188 0.244141 0.113281 0.244141 0.111328 0.248047 0.107422 0.248047 0.103516 0.250000 0.101562 0.250000 0.083984 0.248047 0.082031 0.248047 0.076172 0.246094 0.074219 0.246094 0.072266 0.242188 0.068359 0.242188 0.066406 0.240234 0.066406 0.236328 0.062500 0.234375 0.062500 0.232422 0.060547 0.228516 0.060547 0.226562 0.058594
0 0.615234 0.074219 0.613281 0.076172 0.611328 0.076172 0.607422 0.080078 0.605469 0.080078 0.601562 0.083984 0.597656 0.083984 0.591797 0.089844 0.589844 0.089844 0.587891 0.091797 0.587891 0.097656 0.585938 0.099609 0.585938 0.121094 0.587891 0.123047 0.587891 0.128906 0.591797 0.132812 0.591797 0.134766 0.597656 0.140625 0.597656 0.142578 0.601562 0.146484 0.603516 0.146484 0.605469 0.148438 0.607422 0.148438 0.609375 0.150391 0.611328 0.150391 0.615234 0.154297 0.628906 0.154297 0.630859 0.152344 0.636719 0.152344 0.638672 0.150391 0.640625 0.150391 0.642578 0.148438 0.644531 0.148438 0.656250 0.136719 0.656250 0.134766 0.658203 0.132812 0.658203 0.130859 0.660156 0.128906 0.660156 0.123047 0.658203 0.121094 0.658203 0.117188 0.656250 0.115234 0.656250 0.107422 0.654297 0.105469 0.654297 0.099609 0.652344 0.097656 0.652344 0.093750 0.650391 0.091797 0.650391 0.089844 0.646484 0.085938 0.646484 0.083984 0.640625 0.078125 0.638672 0.078125 0.634766 0.074219
0 0.998047 0.101562 0.996094 0.103516 0.994141 0.103516 0.994141 0.105469 0.990234 0.109375 0.990234 0.111328 0.988281 0.113281 0.988281 0.115234 0.986328 0.117188 0.986328 0.119141 0.984375 0.121094 0.984375 0.123047 0.986328 0.125000 0.988281 0.125000 0.992188 0.128906 0.992188 0.130859 0.996094 0.134766 0.996094 0.136719 0.998047 0.138672
0 0.105469 0.099609 0.103516 0.101562 0.101562 0.101562 0.097656 0.105469 0.095703 0.105469 0.093750 0.107422 0.091797 0.107422 0.089844 0.109375 0.089844 0.111328 0.083984 0.117188 0.083984 0.119141 0.080078 0.123047 0.080078 0.134766 0.082031 0.136719 0.082031 0.140625 0.083984 0.142578 0.083984 0.148438 0.085938 0.150391 0.085938 0.152344 0.089844 0.156250 0.091797 0.156250 0.097656 0.162109 0.099609 0.162109 0.101562 0.164062 0.103516 0.164062 0.105469 0.166016 0.109375 0.166016 0.113281 0.169922 0.142578 0.169922 0.144531 0.167969 0.148438 0.167969 0.150391 0.166016 0.154297 0.166016 0.154297 0.130859 0.152344 0.128906 0.152344 0.123047 0.148438 0.119141 0.148438 0.117188 0.146484 0.115234 0.146484 0.113281 0.144531 0.111328 0.142578 0.111328 0.138672 0.107422 0.136719 0.107422 0.132812 0.103516 0.130859 0.103516 0.128906 0.101562 0.126953 0.101562 0.125000 0.099609
0 0.724609 0.113281 0.722656 0.115234 0.722656 0.119141 0.720703 0.121094 0.720703 0.125000 0.718750 0.126953 0.718750 0.160156 0.720703 0.162109 0.720703 0.167969 0.722656 0.169922 0.722656 0.173828 0.728516 0.179688 0.728516 0.181641 0.730469 0.183594 0.732422 0.183594 0.734375 0.185547 0.746094 0.185547 0.748047 0.183594 0.751953 0.183594 0.753906 0.181641 0.757812 0.181641 0.759766 0.179688 0.761719 0.179688 0.765625 0.175781 0.767578 0.175781 0.769531 0.173828 0.771484 0.173828 0.779297 0.166016 0.779297 0.156250 0.777344 0.154297 0.777344 0.152344 0.775391 0.150391 0.775391 0.148438 0.769531 0.142578 0.767578 0.142578 0.765625 0.140625 0.765625 0.138672 0.763672 0.138672 0.757812 0.132812 0.755859 0.132812 0.750000 0.126953 0.748047 0.126953 0.744141 0.123047 0.742188 0.123047 0.740234 0.121094 0.738281 0.121094 0.736328 0.119141 0.734375 0.119141 0.728516 0.113281
0 0.968750 0.123047 0.966797 0.125000 0.964844 0.125000 0.962891 0.126953 0.960938 0.126953 0.955078 0.132812 0.955078 0.134766 0.953125 0.136719 0.953125 0.138672 0.951172 0.140625 0.951172 0.144531 0.949219 0.146484 0.949219 0.175781 0.951172 0.177734 0.951172 0.179688 0.953125 0.181641 0.972656 0.181641 0.974609 0.179688 0.978516 0.179688 0.980469 0.177734 0.986328 0.177734 0.988281 0.175781 0.992188 0.175781 0.996094 0.171875 0.998047 0.171875 0.998047 0.140625 0.994141 0.136719 0.994141 0.134766 0.990234 0.130859 0.990234 0.128906 0.988281 0.126953 0.986328 0.126953 0.982422 0.123047
0 0.429688 0.138672 0.427734 0.140625 0.425781 0.140625 0.423828 0.142578 0.421875 0.142578 0.419922 0.144531 0.419922 0.146484 0.417969 0.148438 0.417969 0.160156 0.416016 0.162109 0.416016 0.164062 0.417969 0.166016 0.417969 0.167969 0.419922 0.169922 0.419922 0.175781 0.427734 0.183594 0.429688 0.183594 0.433594 0.187500 0.437500 0.187500 0.439453 0.189453 0.443359 0.189453 0.445312 0.191406 0.458984 0.191406 0.462891 0.187500 0.464844 0.187500 0.470703 0.181641 0.470703 0.160156 0.468750 0.158203 0.468750 0.156250 0.466797 0.154297 0.466797 0.152344 0.458984 0.144531 0.457031 0.144531 0.455078 0.142578 0.451172 0.142578 0.447266 0.138672
0 0.000000 0.140625 0.000000 0.195312 0.001953 0.197266 0.005859 0.197266 0.007812 0.199219 0.017578 0.199219 0.019531 0.197266 0.019531 0.195312 0.027344 0.187500 0.029297 0.187500 0.031250 0.185547 0.033203 0.185547 0.035156 0.183594 0.039062 0.183594 0.041016 0.181641 0.042969 0.181641 0.044922 0.179688 0.044922 0.169922 0.042969 0.167969 0.042969 0.166016 0.039062 0.162109 0.037109 0.162109 0.033203 0.158203 0.031250 0.158203 0.027344 0.154297 0.025391 0.154297 0.021484 0.150391 0.015625 0.150391 0.013672 0.148438 0.009766 0.148438 0.007812 0.146484 0.005859 0.146484 0.003906 0.144531 0.001953 0.144531 0.000000 0.142578
0 0.839844 0.144531 0.839844 0.146484 0.837891 0.148438 0.837891 0.152344 0.835938 0.154297 0.835938 0.158203 0.833984 0.160156 0.833984 0.189453 0.837891 0.193359 0.837891 0.195312 0.839844 0.195312 0.843750 0.199219 0.847656 0.199219 0.849609 0.201172 0.853516 0.201172 0.855469 0.203125 0.871094 0.203125 0.873047 0.201172 0.878906 0.201172 0.880859 0.199219 0.884766 0.199219 0.886719 0.197266 0.888672 0.197266 0.890625 0.195312 0.892578 0.195312 0.894531 0.193359 0.896484 0.193359 0.898438 0.191406 0.898438 0.189453 0.900391 0.187500 0.900391 0.179688 0.898438 0.177734 0.898438 0.173828 0.896484 0.171875 0.896484 0.169922 0.892578 0.166016 0.892578 0.164062 0.888672 0.160156 0.886719 0.160156 0.880859 0.154297 0.878906 0.154297 0.875000 0.150391 0.873047 0.150391 0.871094 0.148438 0.869141 0.148438 0.867188 0.146484 0.863281 0.146484 0.861328 0.144531
0 0.574219 0.150391 0.572266 0.152344 0.570312 0.152344 0.568359 0.154297 0.566406 0.154297 0.564453 0.156250 0.564453 0.158203 0.560547 0.162109 0.560547 0.164062 0.558594 0.166016 0.558594 0.167969 0.554688 0.171875 0.554688 0.191406 0.556641 0.193359 0.556641 0.197266 0.558594 0.199219 0.558594 0.201172 0.564453 0.207031 0.574219 0.207031 0.576172 0.205078 0.583984 0.205078 0.583984 0.193359 0.585938 0.191406 0.585938 0.189453 0.595703 0.179688 0.597656 0.179688 0.599609 0.177734 0.603516 0.177734 0.605469 0.175781 0.607422 0.175781 0.609375 0.173828 0.615234 0.173828 0.615234 0.166016 0.609375 0.160156 0.607422 0.160156 0.603516 0.156250 0.601562 0.156250 0.599609 0.154297 0.597656 0.154297 0.595703 0.152344 0.591797 0.152344 0.589844 0.150391
0 0.091797 0.171875 0.091797 0.173828 0.093750 0.175781 0.093750 0.177734 0.095703 0.179688 0.095703 0.181641 0.097656 0.183594 0.097656 0.185547 0.099609 0.187500 0.101562 0.187500 0.105469 0.191406 0.107422 0.191406 0.109375 0.193359 0.111328 0.193359 0.115234 0.197266 0.117188 0.197266 0.119141 0.199219 0.121094 0.199219 0.123047 0.201172 0.148438 0.201172 0.150391 0.199219 0.150391 0.197266 0.152344 0.195312 0.152344 0.187500 0.148438 0.183594 0.140625 0.183594 0.138672 0.181641 0.125000 0.181641 0.123047 0.179688 0.117188 0.179688 0.115234 0.177734 0.109375 0.177734 0.107422 0.175781 0.103516 0.175781 0.099609 0.171875
0 0.314453 0.160156 0.312500 0.162109 0.300781 0.162109 0.298828 0.164062 0.294922 0.164062 0.292969 0.166016 0.291016 0.166016 0.289062 0.167969 0.289062 0.169922 0.287109 0.171875 0.287109 0.189453 0.289062 0.191406 0.289062 0.193359 0.292969 0.197266 0.292969 0.199219 0.298828 0.205078 0.300781 0.205078 0.302734 0.207031 0.304688 0.207031 0.306641 0.208984 0.312500 0.208984 0.314453 0.210938 0.332031 0.210938 0.333984 0.208984 0.335938 0.208984 0.343750 0.201172 0.343750 0.199219 0.345703 0.197266 0.345703 0.195312 0.347656 0.193359 0.347656 0.177734 0.345703 0.175781 0.345703 0.173828 0.335938 0.164062 0.333984 0.164062 0.332031 0.162109 0.330078 0.162109 0.328125 0.160156
0 0.609375 0.175781 0.607422 0.177734 0.605469 0.177734 0.603516 0.179688 0.599609 0.179688 0.597656 0.181641 0.595703 0.181641 0.587891 0.189453 0.587891 0.191406 0.585938 0.193359 0.585938 0.214844 0.587891 0.216797 0.587891 0.218750 0.589844 0.220703 0.589844 0.222656 0.595703 0.228516 0.599609 0.228516 0.601562 0.230469 0.621094 0.230469 0.623047 0.228516 0.625000 0.228516 0.626953 0.226562 0.628906 0.226562 0.632812 0.222656 0.632812 0.220703 0.634766 0.218750 0.634766 0.216797 0.636719 0.214844 0.636719 0.197266 0.634766 0.195312 0.634766 0.191406 0.630859 0.187500 0.630859 0.185547 0.623047 0.177734 0.621094 0.177734 0.619141 0.175781
0 0.044922 0.181641 0.042969 0.183594 0.041016 0.183594 0.039062 0.185547 0.035156 0.185547 0.033203 0.187500 0.031250 0.187500 0.029297 0.189453 0.027344 0.189453 0.021484 0.195312 0.021484 0.197266 0.019531 0.199219 0.019531 0.201172 0.017578 0.203125 0.017578 0.210938 0.019531 0.212891 0.019531 0.216797 0.023438 0.220703 0.025391 0.220703 0.029297 0.224609 0.039062 0.224609 0.041016 0.226562 0.048828 0.226562 0.050781 0.228516 0.068359 0.228516 0.070312 0.226562 0.074219 0.226562 0.080078 0.220703 0.080078 0.218750 0.082031 0.216797 0.082031 0.205078 0.080078 0.203125 0.080078 0.201172 0.074219 0.195312 0.074219 0.193359 0.072266 0.191406 0.070312 0.191406 0.066406 0.187500 0.064453 0.187500 0.062500 0.185547 0.058594 0.185547 0.056641 0.183594 0.054688 0.183594 0.052734 0.181641
0 0.990234 0.203125 0.988281 0.205078 0.982422 0.205078 0.978516 0.208984 0.976562 0.208984 0.972656 0.212891 0.970703 0.212891 0.966797 0.216797 0.966797 0.234375 0.968750 0.236328 0.968750 0.238281 0.970703 0.240234 0.970703 0.242188 0.972656 0.244141 0.972656 0.246094 0.976562 0.250000 0.976562 0.251953 0.982422 0.257812 0.984375 0.257812 0.988281 0.261719 0.990234 0.261719 0.992188 0.263672 0.994141 0.263672 0.998047 0.259766 0.998047 0.203125
0 0.779297 0.197266 0.777344 0.199219 0.769531 0.199219 0.767578 0.201172 0.765625 0.201172 0.763672 0.203125 0.761719 0.203125 0.759766 0.205078 0.757812 0.205078 0.753906 0.208984 0.753906 0.210938 0.748047 0.216797 0.748047 0.218750 0.746094 0.220703 0.746094 0.244141 0.748047 0.246094 0.748047 0.250000 0.750000 0.251953 0.750000 0.257812 0.751953 0.259766 0.751953 0.261719 0.757812 0.267578 0.757812 0.269531 0.761719 0.273438 0.765625 0.273438 0.767578 0.275391 0.771484 0.275391 0.773438 0.277344 0.791016 0.277344 0.792969 0.275391 0.794922 0.275391 0.798828 0.271484 0.800781 0.271484 0.806641 0.265625 0.808594 0.265625 0.816406 0.257812 0.816406 0.255859 0.820312 0.251953 0.820312 0.250000 0.822266 0.248047 0.822266 0.226562 0.820312 0.224609 0.820312 0.222656 0.818359 0.220703 0.818359 0.218750 0.816406 0.216797 0.816406 0.214844 0.808594 0.207031 0.806641 0.207031 0.802734 0.203125 0.800781 0.203125 0.798828 0.201172 0.794922 0.201172 0.792969 0.199219 0.783203 0.199219 0.781250 0.197266
0 0.191406 0.253906 0.189453 0.255859 0.183594 0.255859 0.181641 0.257812 0.177734 0.257812 0.169922 0.265625 0.169922 0.269531 0.167969 0.271484 0.167969 0.292969 0.169922 0.294922 0.169922 0.296875 0.171875 0.298828 0.171875 0.300781 0.177734 0.306641 0.179688 0.306641 0.181641 0.308594 0.183594 0.308594 0.185547 0.310547 0.207031 0.310547 0.208984 0.308594 0.210938 0.308594 0.216797 0.302734 0.216797 0.300781 0.220703 0.296875 0.220703 0.294922 0.222656 0.292969 0.222656 0.277344 0.220703 0.275391 0.220703 0.271484 0.218750 0.269531 0.218750 0.267578 0.212891 0.261719 0.212891 0.259766 0.210938 0.259766 0.208984 0.257812 0.207031 0.257812 0.205078 0.255859 0.199219 0.255859 0.197266 0.253906
0 0.439453 0.261719 0.437500 0.263672 0.435547 0.263672 0.433594 0.265625 0.431641 0.265625 0.429688 0.267578 0.427734 0.267578 0.427734 0.285156 0.429688 0.287109 0.429688 0.289062 0.435547 0.294922 0.435547 0.296875 0.441406 0.302734 0.443359 0.302734 0.445312 0.304688 0.447266 0.304688 0.449219 0.306641 0.455078 0.306641 0.457031 0.308594 0.472656 0.308594 0.474609 0.306641 0.480469 0.306641 0.486328 0.300781 0.488281 0.300781 0.488281 0.298828 0.490234 0.296875 0.490234 0.279297 0.488281 0.277344 0.488281 0.275391 0.482422 0.269531 0.480469 0.269531 0.478516 0.267578 0.472656 0.267578 0.470703 0.265625 0.464844 0.265625 0.462891 0.263672 0.453125 0.263672 0.451172 0.261719
0 0.650391 0.255859 0.648438 0.257812 0.646484 0.257812 0.644531 0.259766 0.642578 0.259766 0.636719 0.265625 0.636719 0.267578 0.634766 0.269531 0.634766 0.271484 0.636719 0.271484 0.638672 0.273438 0.640625 0.273438 0.648438 0.281250 0.648438 0.283203 0.650391 0.285156 0.650391 0.289062 0.652344 0.291016 0.652344 0.302734 0.650391 0.304688 0.650391 0.308594 0.642578 0.316406 0.642578 0.318359 0.644531 0.318359 0.646484 0.320312 0.666016 0.320312 0.667969 0.318359 0.673828 0.318359 0.675781 0.316406 0.675781 0.312500 0.677734 0.310547 0.677734 0.306641 0.681641 0.302734 0.681641 0.300781 0.683594 0.298828 0.683594 0.296875 0.685547 0.294922 0.685547 0.292969 0.689453 0.289062 0.689453 0.287109 0.691406 0.285156 0.691406 0.279297 0.689453 0.277344 0.689453 0.275391 0.681641 0.267578 0.681641 0.265625 0.677734 0.261719 0.675781 0.261719 0.671875 0.257812 0.666016 0.257812 0.664062 0.255859
0 0.613281 0.273438 0.611328 0.275391 0.607422 0.275391 0.607422 0.277344 0.605469 0.279297 0.605469 0.281250 0.603516 0.283203 0.603516 0.285156 0.601562 0.287109 0.601562 0.289062 0.599609 0.291016 0.599609 0.292969 0.597656 0.294922 0.597656 0.302734 0.599609 0.304688 0.599609 0.308594 0.601562 0.310547 0.601562 0.312500 0.603516 0.314453 0.605469 0.314453 0.607422 0.316406 0.609375 0.316406 0.613281 0.320312 0.636719 0.320312 0.638672 0.318359 0.640625 0.318359 0.640625 0.316406 0.648438 0.308594 0.648438 0.304688 0.650391 0.302734 0.650391 0.291016 0.648438 0.289062 0.648438 0.285156 0.646484 0.283203 0.646484 0.281250 0.640625 0.275391 0.638672 0.275391 0.636719 0.273438
0 0.818359 0.261719 0.816406 0.263672 0.814453 0.263672 0.806641 0.271484 0.804688 0.271484 0.802734 0.273438 0.802734 0.275391 0.800781 0.277344 0.800781 0.283203 0.798828 0.285156 0.798828 0.308594 0.800781 0.310547 0.800781 0.318359 0.802734 0.320312 0.802734 0.324219 0.804688 0.326172 0.804688 0.328125 0.806641 0.328125 0.812500 0.333984 0.839844 0.333984 0.841797 0.332031 0.851562 0.332031 0.853516 0.330078 0.861328 0.330078 0.863281 0.328125 0.867188 0.328125 0.873047 0.322266 0.873047 0.308594 0.871094 0.306641 0.871094 0.300781 0.869141 0.298828 0.869141 0.292969 0.867188 0.291016 0.867188 0.289062 0.865234 0.287109 0.865234 0.285156 0.863281 0.283203 0.863281 0.281250 0.859375 0.277344 0.859375 0.275391 0.853516 0.269531 0.853516 0.267578 0.849609 0.263672 0.843750 0.263672 0.841797 0.261719
0 0.009766 0.269531 0.007812 0.271484 0.003906 0.271484 0.001953 0.273438 0.001953 0.275391 0.000000 0.277344 0.000000 0.330078 0.019531 0.330078 0.021484 0.328125 0.029297 0.328125 0.031250 0.326172 0.035156 0.326172 0.037109 0.324219 0.039062 0.324219 0.048828 0.314453 0.048828 0.294922 0.046875 0.292969 0.046875 0.287109 0.044922 0.285156 0.044922 0.283203 0.035156 0.273438 0.031250 0.273438 0.029297 0.271484 0.023438 0.271484 0.021484 0.269531
0 0.328125 0.265625 0.326172 0.267578 0.324219 0.267578 0.318359 0.273438 0.318359 0.275391 0.314453 0.279297 0.314453 0.281250 0.310547 0.285156 0.310547 0.287109 0.308594 0.289062 0.308594 0.292969 0.306641 0.294922 0.306641 0.326172 0.308594 0.328125 0.308594 0.332031 0.310547 0.333984 0.310547 0.335938 0.316406 0.341797 0.318359 0.341797 0.322266 0.345703 0.333984 0.345703 0.335938 0.343750 0.339844 0.343750 0.341797 0.341797 0.343750 0.341797 0.345703 0.339844 0.347656 0.339844 0.349609 0.337891 0.351562 0.337891 0.355469 0.333984 0.357422 0.333984 0.365234 0.326172 0.367188 0.326172 0.367188 0.324219 0.371094 0.320312 0.371094 0.318359 0.375000 0.314453 0.375000 0.312500 0.376953 0.310547 0.376953 0.308594 0.378906 0.306641 0.378906 0.292969 0.376953 0.291016 0.376953 0.289062 0.373047 0.285156 0.373047 0.283203 0.371094 0.283203 0.365234 0.277344 0.363281 0.277344 0.359375 0.273438 0.357422 0.273438 0.355469 0.271484 0.353516 0.271484 0.349609 0.267578 0.345703 0.267578 0.343750 0.265625
0 0.707031 0.277344 0.705078 0.279297 0.701172 0.279297 0.697266 0.283203 0.695312 0.283203 0.691406 0.287109 0.691406 0.289062 0.687500 0.292969 0.687500 0.294922 0.685547 0.296875 0.685547 0.298828 0.683594 0.300781 0.683594 0.302734 0.679688 0.306641 0.679688 0.310547 0.677734 0.312500 0.677734 0.324219 0.681641 0.328125 0.681641 0.330078 0.683594 0.332031 0.685547 0.332031 0.689453 0.335938 0.691406 0.335938 0.693359 0.337891 0.695312 0.337891 0.697266 0.339844 0.712891 0.339844 0.714844 0.337891 0.720703 0.337891 0.720703 0.318359 0.722656 0.316406 0.722656 0.312500 0.724609 0.310547 0.724609 0.308594 0.726562 0.306641 0.728516 0.306641 0.732422 0.302734 0.734375 0.302734 0.734375 0.296875 0.732422 0.294922 0.732422 0.292969 0.730469 0.291016 0.730469 0.289062 0.726562 0.285156 0.724609 0.285156 0.716797 0.277344
0 0.744141 0.296875 0.740234 0.300781 0.738281 0.300781 0.734375 0.304688 0.732422 0.304688 0.728516 0.308594 0.726562 0.308594 0.726562 0.310547 0.724609 0.312500 0.724609 0.316406 0.722656 0.318359 0.722656 0.339844 0.724609 0.341797 0.724609 0.343750 0.726562 0.345703 0.728516 0.345703 0.730469 0.347656 0.732422 0.347656 0.736328 0.351562 0.740234 0.351562 0.742188 0.353516 0.744141 0.353516 0.746094 0.355469 0.748047 0.355469 0.750000 0.357422 0.751953 0.357422 0.753906 0.359375 0.761719 0.359375 0.763672 0.361328 0.781250 0.361328 0.783203 0.359375 0.785156 0.359375 0.789062 0.355469 0.789062 0.353516 0.791016 0.351562 0.791016 0.349609 0.792969 0.347656 0.792969 0.330078 0.791016 0.328125 0.791016 0.326172 0.789062 0.324219 0.789062 0.322266 0.785156 0.318359 0.785156 0.316406 0.777344 0.308594 0.773438 0.308594 0.771484 0.306641 0.769531 0.306641 0.761719 0.298828 0.757812 0.298828 0.755859 0.296875
0 0.070312 0.310547 0.068359 0.312500 0.058594 0.312500 0.056641 0.314453 0.054688 0.314453 0.050781 0.318359 0.048828 0.318359 0.046875 0.320312 0.044922 0.320312 0.042969 0.322266 0.042969 0.333984 0.044922 0.335938 0.044922 0.337891 0.046875 0.339844 0.046875 0.341797 0.050781 0.345703 0.052734 0.345703 0.060547 0.353516 0.062500 0.353516 0.066406 0.357422 0.076172 0.357422 0.082031 0.351562 0.082031 0.349609 0.083984 0.347656 0.083984 0.345703 0.085938 0.343750 0.085938 0.326172 0.083984 0.324219 0.083984 0.320312 0.082031 0.318359 0.082031 0.316406 0.076172 0.310547
0 0.457031 0.310547 0.455078 0.312500 0.451172 0.312500 0.447266 0.316406 0.445312 0.316406 0.441406 0.320312 0.439453 0.320312 0.435547 0.324219 0.433594 0.324219 0.425781 0.332031 0.425781 0.333984 0.423828 0.335938 0.423828 0.339844 0.421875 0.341797 0.421875 0.345703 0.419922 0.347656 0.419922 0.359375 0.421875 0.361328 0.421875 0.367188 0.425781 0.371094 0.425781 0.373047 0.427734 0.375000 0.429688 0.375000 0.431641 0.376953 0.433594 0.376953 0.435547 0.378906 0.466797 0.378906 0.468750 0.376953 0.472656 0.376953 0.476562 0.373047 0.478516 0.373047 0.480469 0.371094 0.482422 0.371094 0.500000 0.353516 0.500000 0.351562 0.501953 0.349609 0.501953 0.345703 0.503906 0.343750 0.503906 0.335938 0.501953 0.333984 0.501953 0.330078 0.498047 0.326172 0.496094 0.326172 0.492188 0.322266 0.490234 0.322266 0.486328 0.318359 0.484375 0.318359 0.482422 0.316406 0.476562 0.316406 0.474609 0.314453 0.472656 0.314453 0.470703 0.312500 0.466797 0.312500 0.464844 0.310547
0 0.560547 0.316406 0.558594 0.318359 0.554688 0.318359 0.552734 0.320312 0.550781 0.320312 0.546875 0.324219 0.546875 0.326172 0.544922 0.328125 0.544922 0.347656 0.546875 0.349609 0.546875 0.353516 0.548828 0.355469 0.554688 0.355469 0.556641 0.357422 0.562500 0.357422 0.566406 0.361328 0.568359 0.361328 0.574219 0.367188 0.574219 0.369141 0.578125 0.373047 0.578125 0.375000 0.580078 0.376953 0.583984 0.376953 0.585938 0.378906 0.601562 0.378906 0.603516 0.376953 0.603516 0.373047 0.605469 0.371094 0.605469 0.367188 0.607422 0.365234 0.607422 0.361328 0.609375 0.359375 0.609375 0.355469 0.607422 0.353516 0.607422 0.347656 0.605469 0.345703 0.605469 0.341797 0.603516 0.339844 0.603516 0.337891 0.601562 0.335938 0.601562 0.333984 0.597656 0.330078 0.597656 0.328125 0.587891 0.318359 0.585938 0.318359 0.583984 0.316406
0 0.246094 0.324219 0.244141 0.326172 0.242188 0.326172 0.240234 0.328125 0.238281 0.328125 0.234375 0.332031 0.232422 0.332031 0.232422 0.333984 0.230469 0.335938 0.230469 0.337891 0.228516 0.339844 0.228516 0.341797 0.226562 0.343750 0.226562 0.345703 0.224609 0.347656 0.226562 0.349609 0.226562 0.361328 0.228516 0.363281 0.228516 0.365234 0.234375 0.371094 0.236328 0.371094 0.240234 0.375000 0.242188 0.375000 0.246094 0.378906 0.250000 0.378906 0.251953 0.380859 0.253906 0.380859 0.255859 0.382812 0.257812 0.382812 0.259766 0.384766 0.279297 0.384766 0.281250 0.382812 0.283203 0.382812 0.291016 0.375000 0.291016 0.371094 0.292969 0.369141 0.292969 0.359375 0.291016 0.357422 0.291016 0.351562 0.289062 0.349609 0.289062 0.347656 0.287109 0.345703 0.287109 0.341797 0.277344 0.332031 0.275391 0.332031 0.271484 0.328125 0.269531 0.328125 0.267578 0.326172 0.259766 0.326172 0.257812 0.324219
0 0.146484 0.324219 0.144531 0.326172 0.144531 0.328125 0.140625 0.332031 0.140625 0.333984 0.136719 0.337891 0.136719 0.339844 0.132812 0.343750 0.132812 0.345703 0.130859 0.347656 0.130859 0.355469 0.132812 0.357422 0.132812 0.363281 0.134766 0.365234 0.134766 0.367188 0.136719 0.369141 0.136719 0.371094 0.140625 0.375000 0.140625 0.376953 0.146484 0.382812 0.148438 0.382812 0.150391 0.384766 0.152344 0.384766 0.154297 0.386719 0.164062 0.386719 0.166016 0.384766 0.167969 0.384766 0.169922 0.382812 0.171875 0.382812 0.175781 0.378906 0.177734 0.378906 0.183594 0.373047 0.183594 0.371094 0.187500 0.367188 0.187500 0.345703 0.183594 0.341797 0.183594 0.339844 0.181641 0.337891 0.181641 0.335938 0.177734 0.332031 0.175781 0.332031 0.171875 0.328125 0.169922 0.328125 0.167969 0.326172 0.164062 0.326172 0.162109 0.324219
0 0.843750 0.335938 0.839844 0.339844 0.837891 0.339844 0.837891 0.341797 0.835938 0.343750 0.835938 0.345703 0.833984 0.347656 0.833984 0.349609 0.832031 0.351562 0.832031 0.353516 0.830078 0.355469 0.830078 0.357422 0.828125 0.359375 0.828125 0.361328 0.826172 0.363281 0.826172 0.367188 0.824219 0.369141 0.824219 0.386719 0.826172 0.388672 0.826172 0.390625 0.828125 0.392578 0.828125 0.394531 0.832031 0.398438 0.833984 0.398438 0.837891 0.402344 0.839844 0.402344 0.841797 0.404297 0.847656 0.404297 0.849609 0.406250 0.871094 0.406250 0.873047 0.404297 0.875000 0.404297 0.880859 0.398438 0.880859 0.396484 0.882812 0.394531 0.882812 0.390625 0.884766 0.388672 0.884766 0.369141 0.882812 0.367188 0.882812 0.363281 0.880859 0.361328 0.880859 0.357422 0.876953 0.353516 0.876953 0.351562 0.875000 0.349609 0.875000 0.347656 0.869141 0.341797 0.869141 0.339844 0.867188 0.339844 0.863281 0.335938
0 0.626953 0.339844 0.623047 0.343750 0.621094 0.343750 0.615234 0.349609 0.615234 0.351562 0.611328 0.355469 0.611328 0.359375 0.609375 0.361328 0.609375 0.365234 0.607422 0.367188 0.607422 0.371094 0.605469 0.373047 0.605469 0.376953 0.603516 0.378906 0.603516 0.388672 0.605469 0.390625 0.605469 0.396484 0.607422 0.398438 0.607422 0.400391 0.609375 0.402344 0.609375 0.404297 0.613281 0.408203 0.615234 0.408203 0.617188 0.406250 0.625000 0.406250 0.626953 0.404297 0.630859 0.404297 0.634766 0.400391 0.636719 0.400391 0.638672 0.398438 0.640625 0.398438 0.644531 0.394531 0.646484 0.394531 0.652344 0.388672 0.654297 0.388672 0.656250 0.386719 0.656250 0.384766 0.660156 0.380859 0.660156 0.367188 0.658203 0.365234 0.658203 0.363281 0.652344 0.357422 0.652344 0.355469 0.638672 0.341797 0.636719 0.341797 0.634766 0.339844
0 0.539062 0.357422 0.537109 0.359375 0.529297 0.359375 0.527344 0.361328 0.525391 0.361328 0.523438 0.363281 0.521484 0.363281 0.519531 0.365234 0.519531 0.367188 0.517578 0.369141 0.517578 0.371094 0.515625 0.373047 0.515625 0.375000 0.513672 0.376953 0.513672 0.378906 0.511719 0.380859 0.511719 0.386719 0.513672 0.388672 0.513672 0.390625 0.517578 0.394531 0.521484 0.394531 0.523438 0.396484 0.558594 0.396484 0.560547 0.394531 0.566406 0.394531 0.568359 0.392578 0.576172 0.392578 0.578125 0.390625 0.580078 0.390625 0.580078 0.380859 0.578125 0.378906 0.578125 0.376953 0.576172 0.375000 0.576172 0.373047 0.572266 0.369141 0.572266 0.367188 0.568359 0.363281 0.566406 0.363281 0.562500 0.359375 0.556641 0.359375 0.554688 0.357422
0 0.000000 0.357422 0.000000 0.421875 0.011719 0.421875 0.013672 0.419922 0.015625 0.419922 0.017578 0.417969 0.019531 0.417969 0.025391 0.412109 0.027344 0.412109 0.035156 0.404297 0.035156 0.402344 0.039062 0.398438 0.039062 0.396484 0.041016 0.394531 0.041016 0.388672 0.035156 0.382812 0.035156 0.380859 0.033203 0.380859 0.031250 0.378906 0.029297 0.378906 0.027344 0.376953 0.025391 0.376953 0.023438 0.375000 0.021484 0.375000 0.019531 0.373047 0.017578 0.373047 0.013672 0.369141 0.011719 0.369141 0.007812 0.365234 0.005859 0.365234 0.001953 0.361328 0.001953 0.359375
0 0.953125 0.359375 0.951172 0.361328 0.943359 0.361328 0.941406 0.363281 0.937500 0.363281 0.933594 0.367188 0.931641 0.367188 0.925781 0.373047 0.921875 0.373047 0.919922 0.375000 0.914062 0.375000 0.912109 0.376953 0.910156 0.376953 0.906250 0.380859 0.906250 0.384766 0.904297 0.386719 0.904297 0.390625 0.902344 0.392578 0.902344 0.402344 0.904297 0.404297 0.904297 0.406250 0.906250 0.408203 0.906250 0.410156 0.908203 0.412109 0.908203 0.414062 0.912109 0.417969 0.912109 0.419922 0.919922 0.427734 0.921875 0.427734 0.923828 0.429688 0.925781 0.429688 0.927734 0.431641 0.947266 0.431641 0.949219 0.429688 0.955078 0.429688 0.957031 0.427734 0.960938 0.427734 0.962891 0.425781 0.964844 0.425781 0.970703 0.419922 0.972656 0.419922 0.972656 0.417969 0.976562 0.414062 0.976562 0.412109 0.980469 0.408203 0.980469 0.406250 0.982422 0.404297 0.982422 0.400391 0.984375 0.398438 0.984375 0.394531 0.986328 0.392578 0.986328 0.380859 0.984375 0.378906 0.984375 0.371094 0.982422 0.369141 0.982422 0.365234 0.980469 0.365234 0.978516 0.363281 0.976562 0.363281 0.974609 0.361328 0.970703 0.361328 0.968750 0.359375
0 0.060547 0.359375 0.058594 0.361328 0.054688 0.361328 0.050781 0.365234 0.048828 0.365234 0.048828 0.367188 0.046875 0.369141 0.046875 0.371094 0.044922 0.373047 0.044922 0.382812 0.042969 0.384766 0.042969 0.392578 0.044922 0.394531 0.044922 0.421875 0.046875 0.423828 0.046875 0.427734 0.048828 0.429688 0.048828 0.431641 0.050781 0.433594 0.052734 0.433594 0.058594 0.439453 0.074219 0.439453 0.076172 0.437500 0.080078 0.437500 0.082031 0.435547 0.083984 0.435547 0.085938 0.433594 0.087891 0.433594 0.091797 0.429688 0.093750 0.429688 0.101562 0.421875 0.101562 0.419922 0.105469 0.416016 0.105469 0.414062 0.107422 0.412109 0.107422 0.408203 0.109375 0.406250 0.109375 0.390625 0.107422 0.388672 0.107422 0.386719 0.105469 0.384766 0.105469 0.382812 0.101562 0.378906 0.101562 0.376953 0.095703 0.371094 0.095703 0.369141 0.093750 0.367188 0.091797 0.367188 0.085938 0.361328 0.083984 0.361328 0.082031 0.359375
0 0.482422 0.382812 0.480469 0.384766 0.478516 0.384766 0.476562 0.386719 0.474609 0.386719 0.468750 0.392578 0.468750 0.394531 0.464844 0.398438 0.464844 0.416016 0.466797 0.417969 0.466797 0.419922 0.468750 0.421875 0.468750 0.423828 0.474609 0.429688 0.474609 0.431641 0.478516 0.435547 0.480469 0.435547 0.482422 0.437500 0.484375 0.437500 0.486328 0.439453 0.507812 0.439453 0.509766 0.437500 0.511719 0.437500 0.515625 0.433594 0.515625 0.431641 0.517578 0.429688 0.517578 0.427734 0.519531 0.425781 0.519531 0.406250 0.517578 0.404297 0.517578 0.400391 0.515625 0.398438 0.515625 0.396484 0.511719 0.392578 0.509766 0.392578 0.501953 0.384766 0.496094 0.384766 0.494141 0.382812
0 0.792969 0.384766 0.791016 0.386719 0.781250 0.386719 0.779297 0.388672 0.773438 0.388672 0.771484 0.390625 0.769531 0.390625 0.767578 0.392578 0.763672 0.392578 0.759766 0.396484 0.757812 0.396484 0.751953 0.402344 0.751953 0.404297 0.750000 0.406250 0.750000 0.408203 0.748047 0.410156 0.748047 0.412109 0.746094 0.414062 0.746094 0.427734 0.748047 0.429688 0.748047 0.431641 0.759766 0.443359 0.761719 0.443359 0.765625 0.447266 0.779297 0.447266 0.783203 0.443359 0.783203 0.441406 0.785156 0.439453 0.785156 0.435547 0.796875 0.423828 0.802734 0.423828 0.804688 0.425781 0.810547 0.425781 0.812500 0.427734 0.818359 0.427734 0.820312 0.425781 0.824219 0.425781 0.826172 0.423828 0.826172 0.419922 0.828125 0.417969 0.828125 0.412109 0.826172 0.410156 0.826172 0.402344 0.824219 0.400391 0.824219 0.398438 0.822266 0.396484 0.820312 0.396484 0.816406 0.392578 0.814453 0.392578 0.812500 0.390625 0.810547 0.390625 0.808594 0.388672 0.806641 0.388672 0.804688 0.386719 0.802734 0.386719 0.800781 0.384766
0 0.273438 0.398438 0.271484 0.400391 0.265625 0.400391 0.261719 0.404297 0.259766 0.404297 0.251953 0.412109 0.250000 0.412109 0.246094 0.416016 0.246094 0.423828 0.248047 0.425781 0.248047 0.429688 0.250000 0.431641 0.250000 0.433594 0.253906 0.437500 0.255859 0.437500 0.257812 0.439453 0.263672 0.439453 0.265625 0.441406 0.267578 0.441406 0.267578 0.433594 0.271484 0.429688 0.273438 0.429688 0.277344 0.425781 0.302734 0.425781 0.304688 0.427734 0.306641 0.427734 0.306641 0.416016 0.304688 0.414062 0.304688 0.412109 0.302734 0.410156 0.302734 0.406250 0.300781 0.404297 0.298828 0.404297 0.296875 0.402344 0.294922 0.402344 0.292969 0.400391 0.287109 0.400391 0.285156 0.398438
0 0.343750 0.402344 0.341797 0.404297 0.335938 0.404297 0.333984 0.406250 0.332031 0.406250 0.330078 0.408203 0.328125 0.408203 0.328125 0.423828 0.332031 0.427734 0.332031 0.429688 0.341797 0.439453 0.343750 0.439453 0.349609 0.445312 0.351562 0.445312 0.355469 0.449219 0.365234 0.439453 0.367188 0.439453 0.369141 0.437500 0.371094 0.437500 0.375000 0.433594 0.376953 0.433594 0.378906 0.431641 0.380859 0.433594 0.382812 0.433594 0.384766 0.431641 0.392578 0.431641 0.392578 0.429688 0.390625 0.427734 0.390625 0.425781 0.388672 0.423828 0.388672 0.421875 0.382812 0.416016 0.380859 0.416016 0.378906 0.414062 0.378906 0.412109 0.376953 0.412109 0.375000 0.410156 0.367188 0.410156 0.365234 0.408203 0.361328 0.408203 0.357422 0.404297 0.355469 0.404297 0.353516 0.402344
0 0.158203 0.390625 0.156250 0.392578 0.154297 0.392578 0.150391 0.396484 0.150391 0.398438 0.146484 0.402344 0.146484 0.406250 0.144531 0.408203 0.144531 0.412109 0.142578 0.414062 0.142578 0.416016 0.140625 0.417969 0.140625 0.421875 0.136719 0.425781 0.136719 0.427734 0.134766 0.429688 0.134766 0.433594 0.132812 0.435547 0.132812 0.441406 0.134766 0.443359 0.134766 0.447266 0.142578 0.455078 0.144531 0.455078 0.148438 0.458984 0.152344 0.458984 0.156250 0.462891 0.158203 0.462891 0.160156 0.464844 0.177734 0.464844 0.179688 0.462891 0.185547 0.462891 0.187500 0.460938 0.191406 0.460938 0.193359 0.458984 0.195312 0.458984 0.199219 0.455078 0.201172 0.455078 0.207031 0.449219 0.208984 0.449219 0.208984 0.447266 0.212891 0.443359 0.214844 0.443359 0.216797 0.441406 0.216797 0.439453 0.220703 0.435547 0.222656 0.435547 0.222656 0.433594 0.224609 0.431641 0.224609 0.421875 0.218750 0.416016 0.216797 0.416016 0.212891 0.412109 0.210938 0.412109 0.203125 0.404297 0.201172 0.404297 0.199219 0.402344 0.197266 0.402344 0.193359 0.398438 0.191406 0.398438 0.189453 0.396484 0.187500 0.396484 0.183594 0.392578 0.181641 0.392578 0.179688 0.390625
0 0.277344 0.427734 0.273438 0.431641 0.271484 0.431641 0.269531 0.433594 0.269531 0.451172 0.273438 0.455078 0.273438 0.457031 0.277344 0.460938 0.279297 0.460938 0.281250 0.462891 0.281250 0.464844 0.283203 0.464844 0.294922 0.476562 0.296875 0.476562 0.300781 0.480469 0.302734 0.480469 0.304688 0.482422 0.304688 0.484375 0.306641 0.486328 0.308594 0.486328 0.318359 0.496094 0.328125 0.496094 0.330078 0.494141 0.333984 0.494141 0.337891 0.490234 0.337891 0.488281 0.339844 0.486328 0.339844 0.484375 0.341797 0.482422 0.341797 0.464844 0.339844 0.462891 0.339844 0.458984 0.337891 0.457031 0.337891 0.453125 0.335938 0.451172 0.335938 0.449219 0.332031 0.445312 0.332031 0.443359 0.322266 0.433594 0.318359 0.433594 0.316406 0.431641 0.312500 0.431641 0.310547 0.429688 0.304688 0.429688 0.302734 0.427734
0 0.378906 0.433594 0.376953 0.435547 0.375000 0.435547 0.371094 0.439453 0.369141 0.439453 0.367188 0.441406 0.365234 0.441406 0.357422 0.449219 0.357422 0.451172 0.355469 0.453125 0.355469 0.458984 0.353516 0.460938 0.353516 0.482422 0.355469 0.484375 0.355469 0.488281 0.359375 0.492188 0.359375 0.494141 0.361328 0.496094 0.363281 0.496094 0.369141 0.501953 0.371094 0.501953 0.373047 0.503906 0.384766 0.503906 0.384766 0.501953 0.386719 0.500000 0.386719 0.498047 0.396484 0.488281 0.396484 0.486328 0.402344 0.480469 0.408203 0.480469 0.410156 0.478516 0.425781 0.478516 0.425781 0.466797 0.423828 0.464844 0.423828 0.460938 0.421875 0.458984 0.421875 0.457031 0.419922 0.455078 0.419922 0.453125 0.416016 0.449219 0.416016 0.447266 0.408203 0.439453 0.406250 0.439453 0.404297 0.437500 0.402344 0.437500 0.400391 0.435547 0.398438 0.435547 0.396484 0.433594 0.384766 0.433594 0.382812 0.435547 0.380859 0.435547
0 0.675781 0.445312 0.673828 0.447266 0.667969 0.447266 0.666016 0.449219 0.660156 0.449219 0.658203 0.451172 0.654297 0.451172 0.650391 0.455078 0.648438 0.455078 0.644531 0.458984 0.642578 0.458984 0.638672 0.462891 0.638672 0.464844 0.636719 0.466797 0.636719 0.482422 0.638672 0.484375 0.638672 0.490234 0.640625 0.492188 0.640625 0.494141 0.644531 0.498047 0.644531 0.500000 0.646484 0.500000 0.648438 0.501953 0.650391 0.501953 0.652344 0.503906 0.654297 0.503906 0.656250 0.505859 0.679688 0.505859 0.681641 0.503906 0.685547 0.503906 0.687500 0.501953 0.693359 0.501953 0.695312 0.500000 0.699219 0.500000 0.701172 0.498047 0.703125 0.498047 0.710938 0.490234 0.710938 0.488281 0.712891 0.486328 0.712891 0.480469 0.714844 0.478516 0.714844 0.470703 0.712891 0.468750 0.712891 0.462891 0.710938 0.460938 0.710938 0.458984 0.708984 0.457031 0.708984 0.455078 0.707031 0.455078 0.703125 0.451172 0.701172 0.451172 0.699219 0.449219 0.697266 0.449219 0.695312 0.447266 0.693359 0.447266 0.691406 0.445312
0 0.871094 0.455078 0.869141 0.457031 0.867188 0.457031 0.863281 0.460938 0.863281 0.462891 0.861328 0.464844 0.861328 0.466797 0.859375 0.468750 0.859375 0.470703 0.857422 0.472656 0.857422 0.474609 0.855469 0.476562 0.855469 0.484375 0.865234 0.494141 0.878906 0.494141 0.880859 0.492188 0.882812 0.492188 0.888672 0.486328 0.888672 0.484375 0.890625 0.482422 0.890625 0.470703 0.888672 0.468750 0.888672 0.462891 0.884766 0.458984 0.884766 0.457031 0.882812 0.457031 0.880859 0.455078
0 0.912109 0.460938 0.908203 0.464844 0.908203 0.466797 0.902344 0.472656 0.902344 0.474609 0.904297 0.476562 0.904297 0.478516 0.910156 0.484375 0.912109 0.484375 0.914062 0.486328 0.919922 0.486328 0.921875 0.488281 0.921875 0.486328 0.927734 0.480469 0.929688 0.480469 0.931641 0.478516 0.933594 0.478516 0.935547 0.476562 0.937500 0.476562 0.937500 0.466797 0.933594 0.462891 0.929688 0.462891 0.927734 0.460938
0 0.013672 0.457031 0.011719 0.458984 0.005859 0.458984 0.003906 0.460938 0.001953 0.460938 0.000000 0.462891 0.000000 0.515625 0.011719 0.515625 0.013672 0.513672 0.015625 0.513672 0.021484 0.507812 0.021484 0.505859 0.023438 0.503906 0.023438 0.500000 0.025391 0.498047 0.025391 0.496094 0.027344 0.494141 0.027344 0.492188 0.029297 0.490234 0.029297 0.488281 0.031250 0.486328 0.031250 0.484375 0.033203 0.482422 0.033203 0.474609 0.031250 0.472656 0.031250 0.468750 0.029297 0.466797 0.029297 0.464844 0.025391 0.460938 0.023438 0.460938 0.019531 0.457031
0 0.939453 0.476562 0.937500 0.478516 0.935547 0.478516 0.933594 0.480469 0.931641 0.480469 0.929688 0.482422 0.927734 0.482422 0.923828 0.486328 0.923828 0.488281 0.921875 0.490234 0.921875 0.492188 0.919922 0.494141 0.919922 0.511719 0.923828 0.515625 0.925781 0.515625 0.927734 0.517578 0.933594 0.517578 0.935547 0.515625 0.939453 0.515625 0.941406 0.513672 0.943359 0.513672 0.947266 0.509766 0.947266 0.507812 0.953125 0.501953 0.953125 0.500000 0.955078 0.498047 0.955078 0.486328 0.951172 0.482422 0.951172 0.480469 0.949219 0.478516 0.945312 0.478516 0.943359 0.476562
0 0.105469 0.474609 0.103516 0.476562 0.101562 0.476562 0.099609 0.478516 0.097656 0.478516 0.095703 0.480469 0.093750 0.480469 0.089844 0.484375 0.087891 0.484375 0.085938 0.486328 0.085938 0.488281 0.083984 0.490234 0.083984 0.492188 0.082031 0.494141 0.082031 0.496094 0.080078 0.498047 0.080078 0.500000 0.078125 0.501953 0.078125 0.503906 0.080078 0.505859 0.080078 0.507812 0.083984 0.511719 0.083984 0.527344 0.082031 0.529297 0.083984 0.531250 0.083984 0.533203 0.085938 0.535156 0.087891 0.535156 0.089844 0.537109 0.093750 0.537109 0.095703 0.539062 0.111328 0.539062 0.113281 0.537109 0.115234 0.537109 0.123047 0.529297 0.125000 0.529297 0.125000 0.527344 0.130859 0.521484 0.130859 0.519531 0.132812 0.517578 0.132812 0.515625 0.136719 0.511719 0.136719 0.509766 0.140625 0.505859 0.140625 0.503906 0.142578 0.501953 0.142578 0.482422 0.140625 0.480469 0.140625 0.478516 0.138672 0.478516 0.134766 0.474609
0 0.410156 0.480469 0.408203 0.482422 0.402344 0.482422 0.398438 0.486328 0.398438 0.488281 0.388672 0.498047 0.388672 0.500000 0.386719 0.501953 0.386719 0.507812 0.384766 0.509766 0.384766 0.521484 0.386719 0.523438 0.386719 0.529297 0.388672 0.531250 0.388672 0.533203 0.392578 0.537109 0.394531 0.537109 0.398438 0.541016 0.400391 0.541016 0.402344 0.542969 0.429688 0.542969 0.431641 0.541016 0.439453 0.541016 0.441406 0.539062 0.445312 0.539062 0.447266 0.537109 0.455078 0.537109 0.457031 0.535156 0.458984 0.535156 0.466797 0.527344 0.466797 0.509766 0.464844 0.507812 0.464844 0.505859 0.462891 0.503906 0.462891 0.501953 0.458984 0.498047 0.458984 0.494141 0.455078 0.490234 0.455078 0.488281 0.453125 0.488281 0.451172 0.486328 0.449219 0.486328 0.445312 0.482422 0.443359 0.482422 0.441406 0.480469
0 0.058594 0.498047 0.056641 0.500000 0.044922 0.500000 0.042969 0.501953 0.039062 0.501953 0.037109 0.503906 0.035156 0.503906 0.025391 0.513672 0.025391 0.519531 0.023438 0.521484 0.023438 0.533203 0.027344 0.537109 0.027344 0.539062 0.031250 0.542969 0.033203 0.542969 0.035156 0.544922 0.037109 0.544922 0.041016 0.548828 0.056641 0.548828 0.058594 0.546875 0.064453 0.546875 0.066406 0.544922 0.068359 0.544922 0.072266 0.541016 0.074219 0.541016 0.076172 0.539062 0.076172 0.537109 0.080078 0.533203 0.080078 0.529297 0.082031 0.527344 0.082031 0.511719 0.078125 0.507812 0.078125 0.505859 0.076172 0.503906 0.074219 0.503906 0.070312 0.500000 0.068359 0.500000 0.066406 0.498047
0 0.826172 0.492188 0.824219 0.494141 0.820312 0.494141 0.818359 0.496094 0.816406 0.496094 0.812500 0.500000 0.808594 0.500000 0.806641 0.501953 0.806641 0.503906 0.802734 0.507812 0.802734 0.509766 0.800781 0.511719 0.822266 0.511719 0.824219 0.513672 0.826172 0.513672 0.833984 0.521484 0.833984 0.523438 0.837891 0.527344 0.837891 0.533203 0.839844 0.535156 0.839844 0.556641 0.835938 0.560547 0.835938 0.562500 0.845703 0.562500 0.847656 0.560547 0.851562 0.560547 0.853516 0.558594 0.855469 0.558594 0.857422 0.556641 0.859375 0.556641 0.871094 0.544922 0.871094 0.542969 0.873047 0.541016 0.873047 0.537109 0.875000 0.535156 0.875000 0.523438 0.873047 0.521484 0.873047 0.517578 0.871094 0.515625 0.871094 0.513672 0.857422 0.500000 0.855469 0.500000 0.853516 0.498047 0.851562 0.498047 0.849609 0.496094 0.847656 0.496094 0.845703 0.494141 0.837891 0.494141 0.835938 0.492188
0 0.716797 0.511719 0.714844 0.513672 0.710938 0.513672 0.708984 0.515625 0.707031 0.515625 0.705078 0.517578 0.703125 0.517578 0.699219 0.521484 0.697266 0.521484 0.695312 0.523438 0.697266 0.525391 0.703125 0.525391 0.705078 0.527344 0.707031 0.527344 0.710938 0.531250 0.712891 0.531250 0.716797 0.535156 0.718750 0.535156 0.720703 0.537109 0.720703 0.539062 0.722656 0.541016 0.722656 0.544922 0.724609 0.546875 0.724609 0.558594 0.751953 0.558594 0.753906 0.556641 0.755859 0.556641 0.755859 0.554688 0.757812 0.552734 0.757812 0.537109 0.755859 0.535156 0.755859 0.529297 0.753906 0.527344 0.753906 0.523438 0.744141 0.513672 0.738281 0.513672 0.736328 0.511719
0 0.259766 0.509766 0.257812 0.511719 0.255859 0.511719 0.248047 0.519531 0.246094 0.519531 0.242188 0.523438 0.242188 0.525391 0.240234 0.527344 0.240234 0.535156 0.242188 0.537109 0.242188 0.542969 0.244141 0.544922 0.244141 0.546875 0.246094 0.548828 0.248047 0.548828 0.253906 0.554688 0.255859 0.554688 0.257812 0.556641 0.259766 0.556641 0.263672 0.560547 0.265625 0.560547 0.267578 0.562500 0.271484 0.562500 0.273438 0.564453 0.285156 0.564453 0.287109 0.562500 0.291016 0.562500 0.296875 0.556641 0.296875 0.554688 0.300781 0.550781 0.300781 0.544922 0.302734 0.542969 0.302734 0.537109 0.300781 0.535156 0.300781 0.531250 0.298828 0.529297 0.298828 0.527344 0.292969 0.521484 0.292969 0.519531 0.291016 0.519531 0.289062 0.517578 0.287109 0.517578 0.285156 0.515625 0.283203 0.515625 0.281250 0.513672 0.279297 0.513672 0.277344 0.511719 0.275391 0.511719 0.273438 0.509766
0 0.179688 0.505859 0.177734 0.507812 0.169922 0.507812 0.167969 0.509766 0.162109 0.509766 0.160156 0.511719 0.158203 0.511719 0.156250 0.513672 0.156250 0.515625 0.150391 0.521484 0.150391 0.523438 0.148438 0.525391 0.148438 0.527344 0.146484 0.529297 0.146484 0.546875 0.148438 0.548828 0.148438 0.552734 0.158203 0.562500 0.160156 0.562500 0.164062 0.566406 0.166016 0.566406 0.169922 0.570312 0.171875 0.570312 0.173828 0.572266 0.177734 0.572266 0.195312 0.554688 0.195312 0.552734 0.199219 0.548828 0.199219 0.546875 0.203125 0.542969 0.203125 0.541016 0.205078 0.539062 0.205078 0.537109 0.207031 0.535156 0.207031 0.533203 0.210938 0.529297 0.210938 0.527344 0.212891 0.525391 0.212891 0.521484 0.214844 0.519531 0.214844 0.511719 0.212891 0.509766 0.212891 0.507812 0.210938 0.505859
0 0.980469 0.507812 0.978516 0.509766 0.972656 0.509766 0.970703 0.511719 0.966797 0.511719 0.964844 0.513672 0.962891 0.513672 0.958984 0.517578 0.957031 0.517578 0.949219 0.525391 0.947266 0.525391 0.945312 0.527344 0.945312 0.529297 0.941406 0.533203 0.939453 0.533203 0.939453 0.535156 0.933594 0.541016 0.933594 0.542969 0.931641 0.544922 0.931641 0.556641 0.939453 0.556641 0.941406 0.558594 0.943359 0.558594 0.945312 0.560547 0.947266 0.560547 0.951172 0.564453 0.951172 0.568359 0.953125 0.570312 0.953125 0.576172 0.955078 0.576172 0.957031 0.574219 0.962891 0.574219 0.964844 0.572266 0.968750 0.572266 0.970703 0.570312 0.974609 0.570312 0.976562 0.568359 0.982422 0.568359 0.984375 0.566406 0.986328 0.566406 0.988281 0.564453 0.994141 0.564453 0.996094 0.562500 0.998047 0.562500 0.998047 0.513672 0.994141 0.509766 0.990234 0.509766 0.988281 0.507812
0 0.789062 0.513672 0.787109 0.515625 0.785156 0.515625 0.783203 0.517578 0.777344 0.517578 0.775391 0.519531 0.773438 0.519531 0.769531 0.523438 0.767578 0.523438 0.765625 0.525391 0.765625 0.527344 0.761719 0.531250 0.761719 0.533203 0.759766 0.535156 0.759766 0.556641 0.761719 0.558594 0.761719 0.560547 0.765625 0.564453 0.765625 0.566406 0.767578 0.566406 0.769531 0.568359 0.771484 0.568359 0.773438 0.570312 0.779297 0.570312 0.781250 0.572266 0.820312 0.572266 0.822266 0.570312 0.828125 0.570312 0.832031 0.566406 0.832031 0.564453 0.833984 0.562500 0.833984 0.560547 0.837891 0.556641 0.837891 0.535156 0.835938 0.533203 0.835938 0.527344 0.832031 0.523438 0.832031 0.521484 0.826172 0.515625 0.824219 0.515625 0.822266 0.513672
0 0.623047 0.515625 0.621094 0.517578 0.621094 0.519531 0.619141 0.521484 0.619141 0.523438 0.621094 0.525391 0.623047 0.525391 0.632812 0.535156 0.632812 0.537109 0.634766 0.539062 0.634766 0.544922 0.636719 0.546875 0.636719 0.556641 0.634766 0.558594 0.634766 0.564453 0.632812 0.566406 0.632812 0.572266 0.630859 0.574219 0.630859 0.576172 0.628906 0.578125 0.644531 0.578125 0.646484 0.576172 0.654297 0.576172 0.658203 0.572266 0.656250 0.572266 0.654297 0.570312 0.652344 0.570312 0.648438 0.566406 0.646484 0.566406 0.640625 0.560547 0.640625 0.558594 0.638672 0.556641 0.638672 0.552734 0.636719 0.550781 0.636719 0.548828 0.638672 0.546875 0.638672 0.544922 0.642578 0.541016 0.642578 0.539062 0.644531 0.537109 0.644531 0.535156 0.652344 0.527344 0.644531 0.519531 0.642578 0.519531 0.638672 0.515625
0 0.542969 0.527344 0.541016 0.529297 0.529297 0.529297 0.527344 0.531250 0.511719 0.531250 0.509766 0.533203 0.505859 0.533203 0.503906 0.535156 0.501953 0.535156 0.500000 0.537109 0.498047 0.537109 0.494141 0.541016 0.492188 0.541016 0.490234 0.542969 0.488281 0.542969 0.486328 0.544922 0.486328 0.558594 0.488281 0.560547 0.488281 0.566406 0.490234 0.568359 0.492188 0.568359 0.498047 0.574219 0.531250 0.574219 0.533203 0.572266 0.539062 0.572266 0.541016 0.570312 0.544922 0.570312 0.546875 0.568359 0.548828 0.568359 0.550781 0.566406 0.552734 0.566406 0.556641 0.562500 0.558594 0.562500 0.556641 0.560547 0.556641 0.552734 0.554688 0.550781 0.554688 0.548828 0.556641 0.546875 0.556641 0.544922 0.560547 0.541016 0.558594 0.539062 0.558594 0.535156 0.554688 0.531250 0.550781 0.531250 0.548828 0.529297 0.546875 0.529297 0.544922 0.527344
0 0.667969 0.523438 0.666016 0.525391 0.660156 0.525391 0.658203 0.527344 0.656250 0.527344 0.654297 0.529297 0.652344 0.529297 0.646484 0.535156 0.646484 0.537109 0.644531 0.539062 0.644531 0.541016 0.640625 0.544922 0.640625 0.546875 0.638672 0.548828 0.638672 0.550781 0.640625 0.552734 0.640625 0.556641 0.642578 0.558594 0.642578 0.560547 0.646484 0.564453 0.648438 0.564453 0.652344 0.568359 0.654297 0.568359 0.656250 0.570312 0.658203 0.570312 0.660156 0.572266 0.666016 0.572266 0.667969 0.574219 0.707031 0.574219 0.708984 0.572266 0.710938 0.572266 0.712891 0.570312 0.714844 0.570312 0.720703 0.564453 0.720703 0.562500 0.722656 0.560547 0.722656 0.546875 0.720703 0.544922 0.720703 0.541016 0.718750 0.539062 0.718750 0.537109 0.716797 0.537109 0.712891 0.533203 0.710938 0.533203 0.707031 0.529297 0.705078 0.529297 0.703125 0.527344 0.697266 0.527344 0.695312 0.525391 0.689453 0.525391 0.687500 0.523438
0 0.583984 0.525391 0.582031 0.527344 0.580078 0.527344 0.576172 0.531250 0.574219 0.531250 0.572266 0.533203 0.568359 0.533203 0.562500 0.539062 0.562500 0.541016 0.558594 0.544922 0.558594 0.546875 0.556641 0.548828 0.556641 0.550781 0.558594 0.552734 0.558594 0.560547 0.560547 0.562500 0.560547 0.566406 0.562500 0.568359 0.562500 0.572266 0.564453 0.574219 0.566406 0.574219 0.578125 0.585938 0.580078 0.585938 0.583984 0.589844 0.585938 0.589844 0.587891 0.591797 0.589844 0.591797 0.591797 0.593750 0.605469 0.593750 0.607422 0.591797 0.609375 0.591797 0.611328 0.589844 0.615234 0.589844 0.619141 0.585938 0.621094 0.585938 0.626953 0.580078 0.626953 0.578125 0.628906 0.576172 0.628906 0.574219 0.630859 0.572266 0.630859 0.566406 0.632812 0.564453 0.632812 0.558594 0.634766 0.556641 0.634766 0.546875 0.632812 0.544922 0.632812 0.539062 0.630859 0.537109 0.630859 0.535156 0.623047 0.527344 0.621094 0.527344 0.619141 0.525391
0 0.220703 0.548828 0.218750 0.550781 0.216797 0.550781 0.214844 0.552734 0.212891 0.552734 0.208984 0.556641 0.208984 0.558594 0.207031 0.560547 0.207031 0.562500 0.205078 0.564453 0.205078 0.568359 0.203125 0.570312 0.203125 0.574219 0.201172 0.576172 0.201172 0.582031 0.203125 0.582031 0.205078 0.583984 0.210938 0.583984 0.212891 0.585938 0.214844 0.585938 0.220703 0.591797 0.220703 0.593750 0.224609 0.597656 0.224609 0.607422 0.228516 0.607422 0.230469 0.605469 0.232422 0.605469 0.234375 0.603516 0.236328 0.603516 0.238281 0.601562 0.240234 0.601562 0.246094 0.595703 0.248047 0.595703 0.248047 0.593750 0.250000 0.591797 0.251953 0.591797 0.253906 0.589844 0.253906 0.587891 0.257812 0.583984 0.257812 0.574219 0.255859 0.572266 0.255859 0.570312 0.253906 0.568359 0.253906 0.566406 0.251953 0.564453 0.251953 0.562500 0.240234 0.550781 0.238281 0.550781 0.236328 0.548828
0 0.337891 0.546875 0.335938 0.548828 0.333984 0.548828 0.332031 0.550781 0.326172 0.550781 0.318359 0.558594 0.318359 0.560547 0.316406 0.562500 0.316406 0.566406 0.314453 0.568359 0.314453 0.574219 0.312500 0.576172 0.312500 0.583984 0.314453 0.585938 0.314453 0.591797 0.316406 0.593750 0.316406 0.595703 0.324219 0.603516 0.326172 0.603516 0.330078 0.607422 0.332031 0.607422 0.335938 0.611328 0.337891 0.611328 0.341797 0.615234 0.359375 0.615234 0.361328 0.613281 0.365234 0.613281 0.367188 0.611328 0.371094 0.611328 0.378906 0.603516 0.378906 0.599609 0.380859 0.597656 0.380859 0.580078 0.378906 0.578125 0.378906 0.572266 0.376953 0.570312 0.376953 0.568359 0.373047 0.564453 0.373047 0.562500 0.371094 0.560547 0.371094 0.558594 0.369141 0.556641 0.369141 0.554688 0.367188 0.552734 0.365234 0.552734 0.363281 0.550781 0.359375 0.550781 0.355469 0.546875
0 0.070312 0.552734 0.068359 0.554688 0.064453 0.554688 0.062500 0.556641 0.060547 0.556641 0.058594 0.558594 0.056641 0.558594 0.056641 0.560547 0.054688 0.562500 0.054688 0.564453 0.052734 0.566406 0.052734 0.570312 0.050781 0.572266 0.050781 0.576172 0.048828 0.578125 0.048828 0.583984 0.046875 0.585938 0.046875 0.601562 0.048828 0.603516 0.048828 0.607422 0.050781 0.609375 0.050781 0.611328 0.054688 0.615234 0.058594 0.615234 0.060547 0.617188 0.076172 0.617188 0.078125 0.615234 0.085938 0.615234 0.087891 0.613281 0.091797 0.613281 0.095703 0.609375 0.097656 0.609375 0.099609 0.607422 0.101562 0.607422 0.107422 0.601562 0.107422 0.599609 0.109375 0.597656 0.109375 0.595703 0.111328 0.593750 0.111328 0.589844 0.113281 0.587891 0.113281 0.574219 0.111328 0.572266 0.111328 0.570312 0.109375 0.568359 0.109375 0.566406 0.097656 0.554688 0.093750 0.554688 0.091797 0.552734
0 0.921875 0.558594 0.919922 0.560547 0.917969 0.560547 0.906250 0.572266 0.906250 0.574219 0.902344 0.578125 0.902344 0.580078 0.900391 0.582031 0.900391 0.593750 0.902344 0.595703 0.902344 0.599609 0.906250 0.603516 0.906250 0.605469 0.908203 0.607422 0.910156 0.607422 0.912109 0.609375 0.912109 0.611328 0.914062 0.611328 0.917969 0.615234 0.919922 0.615234 0.921875 0.617188 0.943359 0.617188 0.947266 0.613281 0.947266 0.609375 0.949219 0.607422 0.949219 0.582031 0.951172 0.580078 0.951172 0.570312 0.949219 0.568359 0.949219 0.564453 0.947266 0.562500 0.945312 0.562500 0.943359 0.560547 0.941406 0.560547 0.939453 0.558594
0 0.169922 0.583984 0.167969 0.585938 0.160156 0.585938 0.158203 0.587891 0.150391 0.587891 0.148438 0.589844 0.146484 0.589844 0.144531 0.591797 0.142578 0.591797 0.134766 0.599609 0.134766 0.601562 0.126953 0.609375 0.126953 0.613281 0.125000 0.615234 0.125000 0.617188 0.123047 0.619141 0.123047 0.625000 0.125000 0.626953 0.125000 0.628906 0.128906 0.632812 0.128906 0.634766 0.130859 0.636719 0.130859 0.638672 0.134766 0.642578 0.136719 0.642578 0.140625 0.646484 0.148438 0.646484 0.150391 0.644531 0.152344 0.644531 0.156250 0.640625 0.160156 0.640625 0.162109 0.642578 0.167969 0.642578 0.169922 0.644531 0.175781 0.644531 0.177734 0.646484 0.195312 0.646484 0.210938 0.630859 0.210938 0.628906 0.216797 0.623047 0.216797 0.621094 0.218750 0.619141 0.218750 0.617188 0.220703 0.615234 0.220703 0.613281 0.222656 0.611328 0.222656 0.597656 0.218750 0.593750 0.218750 0.591797 0.214844 0.587891 0.212891 0.587891 0.210938 0.585938 0.205078 0.585938 0.203125 0.583984
0 0.753906 0.609375 0.751953 0.611328 0.746094 0.611328 0.744141 0.613281 0.742188 0.613281 0.732422 0.623047 0.732422 0.628906 0.730469 0.630859 0.730469 0.642578 0.734375 0.646484 0.734375 0.648438 0.740234 0.654297 0.755859 0.654297 0.757812 0.652344 0.761719 0.652344 0.763672 0.650391 0.769531 0.650391 0.771484 0.648438 0.773438 0.648438 0.777344 0.644531 0.779297 0.644531 0.783203 0.640625 0.785156 0.640625 0.789062 0.636719 0.791016 0.636719 0.794922 0.632812 0.796875 0.632812 0.798828 0.630859 0.800781 0.630859 0.808594 0.623047 0.808594 0.617188 0.806641 0.615234 0.806641 0.613281 0.804688 0.613281 0.802734 0.611328 0.800781 0.611328 0.798828 0.609375
0 0.253906 0.601562 0.251953 0.603516 0.250000 0.603516 0.246094 0.607422 0.244141 0.607422 0.230469 0.621094 0.230469 0.623047 0.226562 0.626953 0.226562 0.628906 0.224609 0.630859 0.224609 0.632812 0.220703 0.636719 0.220703 0.638672 0.218750 0.640625 0.218750 0.642578 0.216797 0.644531 0.216797 0.656250 0.218750 0.658203 0.218750 0.660156 0.226562 0.667969 0.228516 0.667969 0.234375 0.673828 0.236328 0.673828 0.238281 0.675781 0.248047 0.675781 0.250000 0.673828 0.253906 0.673828 0.255859 0.671875 0.257812 0.671875 0.261719 0.667969 0.263672 0.667969 0.269531 0.662109 0.269531 0.660156 0.275391 0.654297 0.273438 0.652344 0.273438 0.650391 0.271484 0.648438 0.271484 0.646484 0.269531 0.644531 0.269531 0.617188 0.271484 0.615234 0.271484 0.607422 0.269531 0.607422 0.265625 0.603516 0.263672 0.603516 0.261719 0.601562
0 0.279297 0.603516 0.273438 0.609375 0.273438 0.615234 0.271484 0.617188 0.271484 0.644531 0.273438 0.646484 0.273438 0.648438 0.275391 0.650391 0.275391 0.652344 0.287109 0.664062 0.289062 0.664062 0.291016 0.666016 0.292969 0.666016 0.296875 0.669922 0.298828 0.669922 0.300781 0.671875 0.302734 0.671875 0.304688 0.673828 0.306641 0.673828 0.310547 0.677734 0.332031 0.677734 0.333984 0.675781 0.335938 0.675781 0.337891 0.673828 0.337891 0.671875 0.343750 0.666016 0.343750 0.644531 0.341797 0.642578 0.341797 0.638672 0.337891 0.634766 0.337891 0.632812 0.326172 0.621094 0.324219 0.621094 0.320312 0.617188 0.318359 0.617188 0.314453 0.613281 0.312500 0.613281 0.310547 0.611328 0.308594 0.611328 0.306641 0.609375 0.300781 0.609375 0.298828 0.607422 0.294922 0.607422 0.292969 0.605469 0.287109 0.605469 0.285156 0.603516
0 0.093750 0.617188 0.091797 0.619141 0.089844 0.619141 0.087891 0.621094 0.085938 0.621094 0.076172 0.630859 0.076172 0.632812 0.074219 0.634766 0.074219 0.636719 0.072266 0.638672 0.072266 0.642578 0.070312 0.644531 0.070312 0.646484 0.066406 0.650391 0.066406 0.652344 0.064453 0.654297 0.064453 0.664062 0.068359 0.667969 0.070312 0.667969 0.072266 0.666016 0.078125 0.666016 0.080078 0.664062 0.085938 0.664062 0.087891 0.662109 0.091797 0.662109 0.093750 0.660156 0.095703 0.660156 0.097656 0.658203 0.101562 0.658203 0.103516 0.656250 0.121094 0.656250 0.123047 0.654297 0.126953 0.654297 0.130859 0.650391 0.130859 0.640625 0.128906 0.638672 0.128906 0.636719 0.126953 0.634766 0.126953 0.632812 0.123047 0.628906 0.123047 0.626953 0.119141 0.623047 0.117188 0.623047 0.113281 0.619141 0.113281 0.617188
0 0.822266 0.621094 0.820312 0.623047 0.820312 0.625000 0.818359 0.626953 0.818359 0.632812 0.816406 0.634766 0.814453 0.634766 0.808594 0.640625 0.806641 0.640625 0.804688 0.642578 0.802734 0.642578 0.798828 0.646484 0.796875 0.646484 0.794922 0.648438 0.794922 0.650391 0.789062 0.656250 0.789062 0.658203 0.791016 0.658203 0.792969 0.656250 0.800781 0.656250 0.802734 0.658203 0.806641 0.658203 0.808594 0.660156 0.810547 0.660156 0.822266 0.671875 0.822266 0.673828 0.824219 0.675781 0.824219 0.683594 0.820312 0.687500 0.822266 0.685547 0.826172 0.685547 0.828125 0.683594 0.830078 0.683594 0.832031 0.681641 0.833984 0.681641 0.835938 0.679688 0.837891 0.679688 0.839844 0.677734 0.843750 0.677734 0.845703 0.675781 0.847656 0.675781 0.853516 0.669922 0.855469 0.669922 0.857422 0.667969 0.857422 0.666016 0.861328 0.662109 0.861328 0.660156 0.863281 0.658203 0.863281 0.648438 0.861328 0.646484 0.861328 0.642578 0.859375 0.640625 0.859375 0.634766 0.857422 0.632812 0.857422 0.630859 0.853516 0.626953 0.851562 0.626953 0.847656 0.623047 0.845703 0.623047 0.843750 0.621094
0 0.792969 0.658203 0.791016 0.660156 0.785156 0.660156 0.783203 0.662109 0.781250 0.662109 0.777344 0.666016 0.775391 0.666016 0.769531 0.671875 0.767578 0.671875 0.759766 0.679688 0.759766 0.681641 0.753906 0.687500 0.753906 0.689453 0.751953 0.691406 0.751953 0.699219 0.753906 0.701172 0.753906 0.707031 0.757812 0.710938 0.763672 0.710938 0.765625 0.712891 0.775391 0.712891 0.777344 0.710938 0.783203 0.710938 0.785156 0.708984 0.789062 0.708984 0.791016 0.707031 0.792969 0.707031 0.794922 0.705078 0.796875 0.705078 0.800781 0.701172 0.802734 0.701172 0.804688 0.699219 0.806641 0.699219 0.822266 0.683594 0.822266 0.675781 0.820312 0.673828 0.820312 0.671875 0.810547 0.662109 0.808594 0.662109 0.806641 0.660156 0.802734 0.660156 0.800781 0.658203
0 0.693359 0.652344 0.691406 0.654297 0.689453 0.654297 0.683594 0.660156 0.681641 0.660156 0.667969 0.673828 0.667969 0.675781 0.666016 0.677734 0.666016 0.679688 0.664062 0.681641 0.664062 0.685547 0.662109 0.687500 0.662109 0.693359 0.664062 0.695312 0.664062 0.701172 0.667969 0.705078 0.667969 0.707031 0.671875 0.710938 0.673828 0.710938 0.675781 0.712891 0.677734 0.712891 0.679688 0.714844 0.685547 0.714844 0.687500 0.712891 0.691406 0.712891 0.693359 0.710938 0.695312 0.710938 0.697266 0.708984 0.708984 0.708984 0.710938 0.710938 0.714844 0.710938 0.716797 0.712891 0.718750 0.712891 0.718750 0.710938 0.720703 0.708984 0.720703 0.707031 0.722656 0.705078 0.722656 0.703125 0.724609 0.701172 0.724609 0.697266 0.726562 0.695312 0.726562 0.691406 0.728516 0.689453 0.728516 0.675781 0.726562 0.673828 0.726562 0.662109 0.724609 0.660156 0.724609 0.658203 0.718750 0.652344
0 0.435547 0.671875 0.433594 0.673828 0.429688 0.673828 0.427734 0.675781 0.425781 0.675781 0.421875 0.679688 0.419922 0.679688 0.419922 0.683594 0.417969 0.685547 0.417969 0.687500 0.416016 0.689453 0.416016 0.691406 0.417969 0.693359 0.417969 0.708984 0.419922 0.710938 0.419922 0.712891 0.421875 0.712891 0.423828 0.714844 0.425781 0.714844 0.427734 0.716797 0.429688 0.716797 0.431641 0.718750 0.435547 0.718750 0.437500 0.720703 0.439453 0.720703 0.441406 0.722656 0.443359 0.722656 0.445312 0.724609 0.449219 0.724609 0.451172 0.726562 0.464844 0.726562 0.468750 0.722656 0.468750 0.708984 0.466797 0.707031 0.466797 0.701172 0.464844 0.699219 0.464844 0.695312 0.457031 0.687500 0.457031 0.685547 0.447266 0.675781 0.445312 0.675781 0.443359 0.673828 0.441406 0.673828 0.439453 0.671875
0 0.375000 0.666016 0.373047 0.667969 0.367188 0.667969 0.363281 0.671875 0.361328 0.671875 0.359375 0.673828 0.357422 0.673828 0.355469 0.675781 0.355469 0.677734 0.347656 0.685547 0.347656 0.687500 0.345703 0.689453 0.345703 0.691406 0.343750 0.693359 0.343750 0.707031 0.345703 0.708984 0.345703 0.712891 0.349609 0.716797 0.349609 0.718750 0.361328 0.730469 0.363281 0.730469 0.365234 0.732422 0.367188 0.732422 0.371094 0.736328 0.388672 0.736328 0.390625 0.734375 0.398438 0.734375 0.400391 0.732422 0.402344 0.732422 0.412109 0.722656 0.412109 0.720703 0.416016 0.716797 0.416016 0.693359 0.414062 0.691406 0.414062 0.689453 0.410156 0.685547 0.410156 0.683594 0.408203 0.681641 0.408203 0.679688 0.402344 0.673828 0.400391 0.673828 0.396484 0.669922 0.392578 0.669922 0.390625 0.667969 0.386719 0.667969 0.384766 0.666016
0 0.251953 0.699219 0.250000 0.701172 0.242188 0.701172 0.240234 0.703125 0.238281 0.703125 0.236328 0.705078 0.234375 0.705078 0.232422 0.707031 0.230469 0.707031 0.224609 0.712891 0.224609 0.714844 0.216797 0.722656 0.216797 0.728516 0.214844 0.730469 0.214844 0.732422 0.212891 0.734375 0.212891 0.738281 0.214844 0.740234 0.214844 0.746094 0.218750 0.750000 0.218750 0.751953 0.222656 0.755859 0.222656 0.759766 0.224609 0.759766 0.228516 0.763672 0.230469 0.763672 0.232422 0.765625 0.234375 0.765625 0.236328 0.767578 0.251953 0.767578 0.253906 0.765625 0.259766 0.765625 0.261719 0.763672 0.269531 0.763672 0.271484 0.761719 0.275391 0.761719 0.279297 0.757812 0.279297 0.755859 0.285156 0.750000 0.285156 0.748047 0.287109 0.746094 0.287109 0.730469 0.285156 0.728516 0.285156 0.722656 0.283203 0.720703 0.283203 0.714844 0.277344 0.708984 0.275391 0.708984 0.271484 0.705078 0.269531 0.705078 0.265625 0.701172 0.261719 0.701172 0.259766 0.699219
0 0.193359 0.708984 0.191406 0.710938 0.185547 0.710938 0.181641 0.714844 0.179688 0.714844 0.177734 0.716797 0.175781 0.716797 0.173828 0.718750 0.171875 0.718750 0.167969 0.722656 0.166016 0.722656 0.160156 0.728516 0.160156 0.742188 0.162109 0.744141 0.162109 0.748047 0.175781 0.761719 0.177734 0.761719 0.181641 0.765625 0.195312 0.765625 0.197266 0.763672 0.197266 0.761719 0.199219 0.759766 0.199219 0.751953 0.201172 0.750000 0.201172 0.748047 0.205078 0.744141 0.205078 0.742188 0.208984 0.738281 0.208984 0.736328 0.212891 0.732422 0.212891 0.730469 0.214844 0.728516 0.214844 0.716797 0.207031 0.708984
0 0.917969 0.707031 0.916016 0.708984 0.910156 0.708984 0.908203 0.710938 0.904297 0.710938 0.902344 0.712891 0.900391 0.712891 0.896484 0.716797 0.894531 0.716797 0.890625 0.720703 0.888672 0.720703 0.882812 0.726562 0.882812 0.728516 0.878906 0.732422 0.878906 0.734375 0.875000 0.738281 0.875000 0.742188 0.873047 0.744141 0.873047 0.753906 0.875000 0.755859 0.875000 0.763672 0.878906 0.767578 0.882812 0.767578 0.884766 0.769531 0.888672 0.769531 0.890625 0.771484 0.896484 0.771484 0.898438 0.773438 0.917969 0.773438 0.919922 0.771484 0.923828 0.771484 0.935547 0.759766 0.935547 0.757812 0.939453 0.753906 0.939453 0.751953 0.943359 0.748047 0.943359 0.746094 0.949219 0.740234 0.949219 0.738281 0.951172 0.736328 0.951172 0.734375 0.953125 0.732422 0.953125 0.730469 0.958984 0.724609 0.958984 0.722656 0.960938 0.720703 0.960938 0.712891 0.958984 0.710938 0.958984 0.708984 0.949219 0.708984 0.947266 0.707031
0 0.697266 0.710938 0.695312 0.712891 0.693359 0.712891 0.691406 0.714844 0.687500 0.714844 0.685547 0.716797 0.681641 0.716797 0.679688 0.718750 0.677734 0.718750 0.675781 0.720703 0.673828 0.720703 0.664062 0.730469 0.664062 0.736328 0.662109 0.738281 0.662109 0.744141 0.660156 0.746094 0.660156 0.757812 0.662109 0.759766 0.662109 0.763672 0.666016 0.767578 0.667969 0.767578 0.671875 0.771484 0.691406 0.771484 0.693359 0.769531 0.699219 0.769531 0.701172 0.767578 0.703125 0.767578 0.705078 0.765625 0.707031 0.765625 0.712891 0.759766 0.714844 0.759766 0.714844 0.757812 0.718750 0.753906 0.718750 0.751953 0.722656 0.748047 0.722656 0.742188 0.724609 0.740234 0.724609 0.724609 0.722656 0.722656 0.722656 0.720703 0.714844 0.712891 0.710938 0.712891 0.708984 0.710938
0 0.044922 0.714844 0.042969 0.716797 0.039062 0.716797 0.033203 0.722656 0.033203 0.724609 0.029297 0.728516 0.029297 0.730469 0.027344 0.732422 0.027344 0.734375 0.025391 0.736328 0.025391 0.738281 0.023438 0.740234 0.023438 0.755859 0.025391 0.757812 0.025391 0.761719 0.027344 0.763672 0.027344 0.765625 0.035156 0.773438 0.037109 0.773438 0.039062 0.775391 0.046875 0.775391 0.048828 0.773438 0.054688 0.773438 0.058594 0.769531 0.060547 0.769531 0.064453 0.765625 0.066406 0.765625 0.072266 0.759766 0.072266 0.757812 0.074219 0.755859 0.074219 0.753906 0.078125 0.750000 0.078125 0.736328 0.076172 0.734375 0.076172 0.732422 0.072266 0.728516 0.070312 0.728516 0.064453 0.722656 0.062500 0.722656 0.060547 0.720703 0.058594 0.720703 0.054688 0.716797 0.052734 0.716797 0.050781 0.714844
0 0.753906 0.722656 0.751953 0.724609 0.748047 0.724609 0.738281 0.734375 0.738281 0.736328 0.734375 0.740234 0.734375 0.744141 0.732422 0.746094 0.732422 0.750000 0.734375 0.751953 0.734375 0.757812 0.736328 0.759766 0.736328 0.761719 0.742188 0.767578 0.744141 0.767578 0.746094 0.769531 0.748047 0.769531 0.750000 0.771484 0.773438 0.771484 0.775391 0.769531 0.779297 0.769531 0.781250 0.767578 0.783203 0.767578 0.787109 0.763672 0.787109 0.761719 0.789062 0.759766 0.789062 0.755859 0.791016 0.753906 0.791016 0.746094 0.789062 0.744141 0.789062 0.740234 0.787109 0.738281 0.787109 0.736328 0.781250 0.730469 0.779297 0.730469 0.775391 0.726562 0.773438 0.726562 0.771484 0.724609 0.765625 0.724609 0.763672 0.722656
0 0.994141 0.722656 0.992188 0.724609 0.988281 0.724609 0.986328 0.726562 0.984375 0.726562 0.974609 0.736328 0.974609 0.748047 0.976562 0.750000 0.976562 0.751953 0.978516 0.753906 0.978516 0.757812 0.980469 0.759766 0.980469 0.761719 0.984375 0.765625 0.986328 0.765625 0.990234 0.769531 0.992188 0.769531 0.994141 0.771484 0.996094 0.771484 0.998047 0.773438 0.998047 0.722656
0 0.578125 0.748047 0.578125 0.750000 0.576172 0.751953 0.576172 0.757812 0.578125 0.757812 0.580078 0.759766 0.582031 0.759766 0.583984 0.761719 0.587891 0.761719 0.589844 0.763672 0.628906 0.763672 0.630859 0.761719 0.636719 0.761719 0.638672 0.759766 0.638672 0.755859 0.636719 0.753906 0.636719 0.751953 0.630859 0.751953 0.628906 0.750000 0.597656 0.750000 0.595703 0.748047
0 0.363281 0.755859 0.361328 0.757812 0.359375 0.757812 0.357422 0.759766 0.355469 0.759766 0.345703 0.769531 0.345703 0.771484 0.341797 0.775391 0.341797 0.777344 0.339844 0.779297 0.339844 0.785156 0.337891 0.787109 0.337891 0.800781 0.339844 0.802734 0.339844 0.806641 0.343750 0.810547 0.343750 0.812500 0.355469 0.824219 0.357422 0.824219 0.361328 0.828125 0.371094 0.828125 0.371094 0.822266 0.373047 0.820312 0.373047 0.818359 0.382812 0.808594 0.384766 0.808594 0.388672 0.804688 0.390625 0.804688 0.392578 0.802734 0.392578 0.800781 0.396484 0.796875 0.396484 0.794922 0.398438 0.792969 0.400391 0.792969 0.400391 0.791016 0.402344 0.789062 0.402344 0.787109 0.404297 0.785156 0.404297 0.777344 0.402344 0.775391 0.402344 0.773438 0.400391 0.773438 0.394531 0.767578 0.392578 0.767578 0.390625 0.765625 0.388672 0.765625 0.382812 0.759766 0.380859 0.759766 0.378906 0.757812 0.375000 0.757812 0.373047 0.755859
0 0.474609 0.773438 0.466797 0.781250 0.466797 0.794922 0.468750 0.796875 0.468750 0.800781 0.470703 0.802734 0.470703 0.804688 0.474609 0.808594 0.474609 0.810547 0.478516 0.814453 0.478516 0.816406 0.484375 0.822266 0.486328 0.822266 0.490234 0.826172 0.492188 0.826172 0.494141 0.828125 0.498047 0.828125 0.500000 0.830078 0.505859 0.830078 0.507812 0.828125 0.509766 0.828125 0.517578 0.820312 0.517578 0.802734 0.515625 0.800781 0.515625 0.798828 0.513672 0.796875 0.513672 0.794922 0.505859 0.787109 0.505859 0.785156 0.498047 0.777344 0.496094 0.777344 0.494141 0.775391 0.492188 0.775391 0.490234 0.773438
0 0.859375 0.777344 0.855469 0.781250 0.853516 0.781250 0.847656 0.787109 0.845703 0.787109 0.843750 0.789062 0.843750 0.791016 0.839844 0.794922 0.839844 0.796875 0.835938 0.800781 0.835938 0.802734 0.833984 0.804688 0.833984 0.816406 0.847656 0.816406 0.849609 0.818359 0.855469 0.818359 0.857422 0.820312 0.863281 0.820312 0.865234 0.822266 0.869141 0.822266 0.871094 0.824219 0.875000 0.824219 0.878906 0.828125 0.880859 0.828125 0.882812 0.830078 0.882812 0.824219 0.884766 0.822266 0.884766 0.802734 0.882812 0.800781 0.882812 0.792969 0.880859 0.791016 0.880859 0.789062 0.878906 0.787109 0.878906 0.785156 0.875000 0.781250 0.873047 0.781250 0.871094 0.779297 0.863281 0.779297 0.861328 0.777344
0 0.958984 0.794922 0.957031 0.796875 0.955078 0.796875 0.953125 0.798828 0.951172 0.798828 0.949219 0.800781 0.947266 0.800781 0.943359 0.804688 0.943359 0.806641 0.939453 0.810547 0.939453 0.826172 0.943359 0.830078 0.945312 0.830078 0.947266 0.832031 0.972656 0.832031 0.974609 0.830078 0.980469 0.830078 0.982422 0.828125 0.984375 0.828125 0.984375 0.826172 0.988281 0.822266 0.990234 0.822266 0.990234 0.820312 0.992188 0.818359 0.992188 0.812500 0.990234 0.810547 0.990234 0.804688 0.988281 0.802734 0.988281 0.800781 0.984375 0.796875 0.982422 0.796875 0.980469 0.794922
0 0.400391 0.798828 0.394531 0.804688 0.392578 0.804688 0.390625 0.806641 0.388672 0.806641 0.384766 0.810547 0.382812 0.810547 0.375000 0.818359 0.375000 0.820312 0.373047 0.822266 0.373047 0.830078 0.376953 0.833984 0.384766 0.833984 0.386719 0.832031 0.390625 0.832031 0.392578 0.830078 0.394531 0.830078 0.398438 0.826172 0.400391 0.826172 0.402344 0.824219 0.404297 0.824219 0.406250 0.822266 0.408203 0.822266 0.416016 0.814453 0.416016 0.812500 0.414062 0.810547 0.414062 0.808594 0.404297 0.798828
0 0.078125 0.800781 0.076172 0.802734 0.074219 0.802734 0.070312 0.806641 0.070312 0.808594 0.068359 0.810547 0.068359 0.812500 0.064453 0.816406 0.064453 0.820312 0.062500 0.822266 0.062500 0.828125 0.060547 0.830078 0.060547 0.841797 0.062500 0.843750 0.062500 0.849609 0.064453 0.851562 0.064453 0.853516 0.068359 0.857422 0.068359 0.859375 0.070312 0.859375 0.072266 0.861328 0.074219 0.861328 0.076172 0.863281 0.078125 0.863281 0.080078 0.865234 0.095703 0.865234 0.097656 0.863281 0.101562 0.863281 0.109375 0.855469 0.109375 0.853516 0.111328 0.851562 0.111328 0.832031 0.109375 0.830078 0.109375 0.824219 0.105469 0.820312 0.105469 0.816406 0.101562 0.812500 0.101562 0.810547 0.095703 0.804688 0.093750 0.804688 0.091797 0.802734 0.089844 0.802734 0.087891 0.800781
0 0.570312 0.816406 0.568359 0.818359 0.566406 0.818359 0.564453 0.820312 0.562500 0.820312 0.560547 0.822266 0.556641 0.822266 0.552734 0.826172 0.550781 0.826172 0.541016 0.835938 0.541016 0.857422 0.542969 0.859375 0.542969 0.863281 0.548828 0.869141 0.552734 0.869141 0.554688 0.871094 0.560547 0.871094 0.562500 0.873047 0.578125 0.873047 0.580078 0.871094 0.582031 0.871094 0.583984 0.869141 0.585938 0.869141 0.587891 0.867188 0.587891 0.865234 0.591797 0.861328 0.591797 0.859375 0.593750 0.857422 0.593750 0.855469 0.595703 0.853516 0.595703 0.833984 0.593750 0.832031 0.593750 0.828125 0.587891 0.822266 0.585938 0.822266 0.583984 0.820312 0.582031 0.820312 0.580078 0.818359 0.576172 0.818359 0.574219 0.816406
0 0.828125 0.818359 0.826172 0.820312 0.824219 0.820312 0.820312 0.824219 0.820312 0.828125 0.818359 0.830078 0.818359 0.847656 0.820312 0.849609 0.820312 0.851562 0.822266 0.853516 0.822266 0.855469 0.830078 0.863281 0.832031 0.863281 0.833984 0.865234 0.835938 0.865234 0.839844 0.869141 0.841797 0.869141 0.843750 0.871094 0.859375 0.871094 0.861328 0.869141 0.867188 0.869141 0.869141 0.867188 0.873047 0.867188 0.875000 0.865234 0.878906 0.865234 0.890625 0.853516 0.890625 0.851562 0.892578 0.849609 0.892578 0.843750 0.890625 0.841797 0.890625 0.839844 0.880859 0.830078 0.878906 0.830078 0.875000 0.826172 0.871094 0.826172 0.869141 0.824219 0.865234 0.824219 0.863281 0.822266 0.857422 0.822266 0.855469 0.820312 0.849609 0.820312 0.847656 0.818359
0 0.265625 0.839844 0.261719 0.843750 0.259766 0.843750 0.255859 0.847656 0.255859 0.849609 0.251953 0.853516 0.251953 0.855469 0.250000 0.857422 0.250000 0.859375 0.246094 0.863281 0.246094 0.876953 0.248047 0.878906 0.248047 0.880859 0.251953 0.884766 0.251953 0.886719 0.253906 0.888672 0.255859 0.888672 0.257812 0.890625 0.273438 0.890625 0.275391 0.888672 0.281250 0.888672 0.283203 0.886719 0.285156 0.886719 0.287109 0.884766 0.289062 0.884766 0.296875 0.876953 0.296875 0.875000 0.300781 0.871094 0.300781 0.859375 0.298828 0.857422 0.298828 0.849609 0.292969 0.843750 0.289062 0.843750 0.287109 0.841797 0.285156 0.841797 0.283203 0.839844
0 0.794922 0.847656 0.789062 0.853516 0.787109 0.853516 0.781250 0.859375 0.781250 0.861328 0.775391 0.867188 0.775391 0.869141 0.771484 0.873047 0.771484 0.888672 0.773438 0.890625 0.773438 0.892578 0.777344 0.896484 0.779297 0.896484 0.783203 0.900391 0.787109 0.900391 0.789062 0.902344 0.804688 0.902344 0.806641 0.900391 0.814453 0.900391 0.816406 0.898438 0.818359 0.898438 0.824219 0.892578 0.824219 0.890625 0.826172 0.888672 0.826172 0.878906 0.824219 0.876953 0.824219 0.873047 0.822266 0.871094 0.822266 0.869141 0.816406 0.863281 0.816406 0.861328 0.814453 0.859375 0.814453 0.857422 0.812500 0.857422 0.808594 0.853516 0.806641 0.853516 0.802734 0.849609 0.798828 0.849609 0.796875 0.847656
0 0.509766 0.857422 0.507812 0.859375 0.496094 0.859375 0.494141 0.861328 0.466797 0.861328 0.464844 0.863281 0.460938 0.863281 0.458984 0.865234 0.458984 0.873047 0.460938 0.875000 0.460938 0.880859 0.464844 0.884766 0.464844 0.886719 0.472656 0.894531 0.474609 0.894531 0.478516 0.898438 0.480469 0.898438 0.482422 0.900391 0.484375 0.900391 0.488281 0.904297 0.490234 0.904297 0.492188 0.906250 0.511719 0.906250 0.513672 0.904297 0.515625 0.904297 0.519531 0.900391 0.521484 0.900391 0.529297 0.892578 0.529297 0.890625 0.531250 0.888672 0.531250 0.875000 0.529297 0.873047 0.529297 0.871094 0.527344 0.869141 0.527344 0.867188 0.525391 0.865234 0.525391 0.861328 0.523438 0.859375 0.521484 0.859375 0.519531 0.857422
0 0.349609 0.855469 0.347656 0.857422 0.341797 0.857422 0.339844 0.859375 0.337891 0.859375 0.332031 0.865234 0.330078 0.865234 0.328125 0.867188 0.328125 0.869141 0.324219 0.873047 0.324219 0.875000 0.322266 0.876953 0.322266 0.878906 0.318359 0.882812 0.318359 0.888672 0.316406 0.890625 0.318359 0.890625 0.320312 0.892578 0.324219 0.892578 0.326172 0.894531 0.328125 0.894531 0.330078 0.896484 0.332031 0.896484 0.337891 0.902344 0.339844 0.902344 0.339844 0.896484 0.341797 0.894531 0.341797 0.890625 0.343750 0.888672 0.343750 0.884766 0.347656 0.880859 0.347656 0.878906 0.351562 0.875000 0.353516 0.875000 0.355469 0.873047 0.357422 0.873047 0.359375 0.871094 0.367188 0.871094 0.369141 0.869141 0.371094 0.869141 0.371094 0.859375 0.369141 0.857422 0.367188 0.857422 0.365234 0.855469
0 0.154297 0.833984 0.152344 0.835938 0.148438 0.835938 0.142578 0.841797 0.140625 0.841797 0.140625 0.843750 0.138672 0.845703 0.138672 0.847656 0.136719 0.849609 0.136719 0.853516 0.134766 0.855469 0.134766 0.857422 0.132812 0.859375 0.132812 0.916016 0.134766 0.917969 0.134766 0.923828 0.136719 0.925781 0.136719 0.929688 0.146484 0.939453 0.148438 0.939453 0.152344 0.943359 0.154297 0.943359 0.156250 0.945312 0.162109 0.945312 0.164062 0.947266 0.187500 0.947266 0.189453 0.945312 0.189453 0.941406 0.191406 0.939453 0.191406 0.900391 0.189453 0.898438 0.189453 0.857422 0.187500 0.855469 0.187500 0.849609 0.185547 0.847656 0.185547 0.843750 0.183594 0.841797 0.183594 0.839844 0.179688 0.835938 0.175781 0.835938 0.173828 0.833984
0 0.966797 0.890625 0.964844 0.892578 0.962891 0.892578 0.958984 0.896484 0.957031 0.896484 0.953125 0.900391 0.953125 0.904297 0.957031 0.904297 0.958984 0.906250 0.962891 0.906250 0.964844 0.908203 0.972656 0.908203 0.974609 0.906250 0.988281 0.906250 0.990234 0.908203 0.996094 0.908203 0.998047 0.906250 0.998047 0.900391 0.996094 0.898438 0.996094 0.896484 0.994141 0.894531 0.990234 0.894531 0.988281 0.892578 0.984375 0.892578 0.982422 0.890625
0 0.660156 0.896484 0.658203 0.898438 0.656250 0.898438 0.654297 0.900391 0.652344 0.900391 0.650391 0.902344 0.650391 0.908203 0.656250 0.914062 0.656250 0.916016 0.662109 0.916016 0.664062 0.914062 0.667969 0.914062 0.669922 0.912109 0.671875 0.912109 0.673828 0.910156 0.673828 0.898438 0.671875 0.896484
0 0.298828 0.892578 0.296875 0.894531 0.292969 0.894531 0.285156 0.902344 0.283203 0.902344 0.283203 0.906250 0.281250 0.908203 0.281250 0.912109 0.279297 0.914062 0.279297 0.917969 0.277344 0.919922 0.277344 0.925781 0.279297 0.927734 0.279297 0.929688 0.281250 0.931641 0.281250 0.933594 0.285156 0.937500 0.287109 0.937500 0.291016 0.941406 0.292969 0.941406 0.294922 0.943359 0.296875 0.943359 0.298828 0.945312 0.304688 0.945312 0.306641 0.947266 0.326172 0.947266 0.328125 0.945312 0.330078 0.945312 0.335938 0.939453 0.335938 0.937500 0.337891 0.935547 0.337891 0.931641 0.339844 0.929688 0.339844 0.906250 0.332031 0.898438 0.330078 0.898438 0.328125 0.896484 0.326172 0.896484 0.324219 0.894531 0.320312 0.894531 0.318359 0.892578
0 0.619141 0.888672 0.617188 0.890625 0.615234 0.890625 0.611328 0.894531 0.609375 0.894531 0.605469 0.898438 0.601562 0.898438 0.601562 0.900391 0.593750 0.908203 0.593750 0.910156 0.589844 0.914062 0.589844 0.917969 0.587891 0.919922 0.587891 0.935547 0.589844 0.937500 0.589844 0.941406 0.591797 0.943359 0.591797 0.947266 0.593750 0.949219 0.593750 0.953125 0.597656 0.957031 0.603516 0.957031 0.605469 0.958984 0.628906 0.958984 0.630859 0.957031 0.634766 0.957031 0.636719 0.955078 0.642578 0.955078 0.644531 0.953125 0.648438 0.953125 0.650391 0.951172 0.652344 0.951172 0.654297 0.949219 0.656250 0.949219 0.658203 0.947266 0.660156 0.947266 0.666016 0.941406 0.666016 0.931641 0.662109 0.927734 0.662109 0.925781 0.656250 0.919922 0.656250 0.917969 0.654297 0.916016 0.654297 0.914062 0.648438 0.908203 0.648438 0.906250 0.642578 0.900391 0.642578 0.898438 0.634766 0.890625 0.630859 0.890625 0.628906 0.888672
0 0.703125 0.902344 0.701172 0.904297 0.699219 0.904297 0.695312 0.908203 0.695312 0.910156 0.693359 0.912109 0.693359 0.941406 0.695312 0.943359 0.695312 0.947266 0.697266 0.949219 0.697266 0.951172 0.705078 0.958984 0.708984 0.958984 0.710938 0.960938 0.718750 0.960938 0.720703 0.962891 0.722656 0.962891 0.724609 0.960938 0.730469 0.960938 0.732422 0.962891 0.740234 0.962891 0.746094 0.957031 0.748047 0.957031 0.751953 0.953125 0.751953 0.951172 0.753906 0.949219 0.753906 0.947266 0.755859 0.945312 0.755859 0.941406 0.757812 0.939453 0.757812 0.931641 0.755859 0.929688 0.755859 0.919922 0.753906 0.917969 0.753906 0.914062 0.750000 0.910156 0.748047 0.910156 0.746094 0.908203 0.742188 0.908203 0.738281 0.904297 0.734375 0.904297 0.732422 0.902344
0 0.986328 0.910156 0.984375 0.912109 0.978516 0.912109 0.976562 0.914062 0.974609 0.914062 0.972656 0.916016 0.970703 0.916016 0.960938 0.925781 0.960938 0.927734 0.958984 0.929688 0.958984 0.943359 0.962891 0.947266 0.962891 0.949219 0.964844 0.949219 0.968750 0.953125 0.970703 0.953125 0.972656 0.955078 0.974609 0.955078 0.976562 0.957031 0.986328 0.957031 0.988281 0.955078 0.990234 0.955078 0.992188 0.953125 0.994141 0.953125 0.996094 0.951172 0.998047 0.951172 0.998047 0.912109 0.996094 0.910156
0 0.091797 0.896484 0.089844 0.898438 0.082031 0.898438 0.078125 0.902344 0.076172 0.902344 0.074219 0.904297 0.074219 0.908203 0.072266 0.910156 0.072266 0.914062 0.070312 0.916016 0.070312 0.919922 0.068359 0.921875 0.070312 0.923828 0.070312 0.939453 0.072266 0.941406 0.072266 0.947266 0.074219 0.949219 0.074219 0.953125 0.076172 0.955078 0.076172 0.957031 0.080078 0.960938 0.080078 0.962891 0.082031 0.964844 0.083984 0.964844 0.085938 0.966797 0.085938 0.968750 0.089844 0.972656 0.091797 0.972656 0.093750 0.974609 0.095703 0.974609 0.097656 0.976562 0.121094 0.976562 0.123047 0.974609 0.126953 0.974609 0.132812 0.968750 0.132812 0.966797 0.136719 0.962891 0.136719 0.960938 0.138672 0.958984 0.138672 0.937500 0.136719 0.935547 0.136719 0.931641 0.132812 0.927734 0.132812 0.925781 0.125000 0.917969 0.125000 0.916016 0.113281 0.904297 0.111328 0.904297 0.109375 0.902344 0.107422 0.902344 0.103516 0.898438 0.099609 0.898438 0.097656 0.896484
0 0.017578 0.912109 0.015625 0.914062 0.009766 0.914062 0.007812 0.916016 0.005859 0.916016 0.000000 0.921875 0.000000 0.976562 0.001953 0.978516 0.003906 0.978516 0.007812 0.982422 0.009766 0.982422 0.011719 0.984375 0.031250 0.984375 0.033203 0.982422 0.037109 0.982422 0.039062 0.980469 0.041016 0.980469 0.041016 0.978516 0.046875 0.972656 0.046875 0.970703 0.048828 0.968750 0.048828 0.964844 0.050781 0.962891 0.050781 0.939453 0.048828 0.937500 0.048828 0.933594 0.046875 0.931641 0.046875 0.929688 0.044922 0.927734 0.044922 0.925781 0.042969 0.923828 0.042969 0.921875 0.041016 0.919922 0.037109 0.919922 0.035156 0.917969 0.033203 0.917969 0.031250 0.916016 0.029297 0.916016 0.025391 0.912109
0 0.892578 0.917969 0.890625 0.919922 0.888672 0.919922 0.886719 0.921875 0.884766 0.921875 0.882812 0.923828 0.871094 0.923828 0.869141 0.921875 0.861328 0.921875 0.861328 0.957031 0.863281 0.958984 0.863281 0.970703 0.865234 0.972656 0.865234 0.980469 0.867188 0.980469 0.869141 0.982422 0.875000 0.982422 0.876953 0.980469 0.880859 0.980469 0.882812 0.978516 0.886719 0.978516 0.888672 0.976562 0.892578 0.976562 0.896484 0.972656 0.898438 0.972656 0.898438 0.970703 0.900391 0.968750 0.900391 0.966797 0.902344 0.964844 0.902344 0.957031 0.904297 0.955078 0.904297 0.947266 0.906250 0.945312 0.906250 0.917969
0 0.798828 0.927734 0.796875 0.929688 0.792969 0.929688 0.791016 0.931641 0.789062 0.931641 0.787109 0.933594 0.785156 0.933594 0.783203 0.935547 0.781250 0.935547 0.777344 0.939453 0.775391 0.939453 0.773438 0.941406 0.773438 0.943359 0.771484 0.945312 0.771484 0.947266 0.769531 0.949219 0.769531 0.951172 0.767578 0.953125 0.767578 0.974609 0.769531 0.976562 0.769531 0.978516 0.771484 0.980469 0.771484 0.982422 0.773438 0.984375 0.773438 0.986328 0.777344 0.990234 0.777344 0.992188 0.781250 0.996094 0.781250 0.998047 0.802734 0.998047 0.804688 0.996094 0.810547 0.996094 0.812500 0.994141 0.814453 0.994141 0.820312 0.988281 0.820312 0.976562 0.818359 0.974609 0.818359 0.953125 0.820312 0.951172 0.820312 0.947266 0.822266 0.945312 0.822266 0.943359 0.824219 0.941406 0.824219 0.933594 0.822266 0.931641 0.822266 0.929688 0.820312 0.927734
0 0.996094 0.953125 0.994141 0.955078 0.992188 0.955078 0.990234 0.957031 0.988281 0.957031 0.980469 0.964844 0.980469 0.970703 0.982422 0.972656 0.982422 0.974609 0.984375 0.976562 0.986328 0.976562 0.988281 0.978516 0.990234 0.978516 0.992188 0.980469 0.996094 0.980469 0.998047 0.982422 0.998047 0.953125
0 0.464844 0.951172 0.462891 0.953125 0.460938 0.953125 0.449219 0.964844 0.449219 0.966797 0.447266 0.968750 0.447266 0.970703 0.445312 0.972656 0.445312 0.986328 0.443359 0.988281 0.443359 0.994141 0.447266 0.998047 0.511719 0.998047 0.513672 0.996094 0.513672 0.986328 0.511719 0.984375 0.511719 0.980469 0.509766 0.978516 0.509766 0.974609 0.505859 0.970703 0.505859 0.968750 0.503906 0.966797 0.503906 0.964844 0.496094 0.957031 0.494141 0.957031 0.490234 0.953125 0.488281 0.953125 0.486328 0.951172
0 0.591797 0.962891 0.589844 0.964844 0.587891 0.964844 0.585938 0.966797 0.583984 0.966797 0.578125 0.972656 0.576172 0.972656 0.572266 0.976562 0.570312 0.976562 0.568359 0.978516 0.564453 0.978516 0.556641 0.986328 0.556641 0.988281 0.554688 0.990234 0.554688 0.992188 0.552734 0.994141 0.552734 0.998047 0.636719 0.998047 0.636719 0.994141 0.634766 0.992188 0.634766 0.990234 0.630859 0.986328 0.630859 0.984375 0.628906 0.982422 0.626953 0.982422 0.625000 0.980469 0.625000 0.978516 0.617188 0.970703 0.615234 0.970703 0.611328 0.966797 0.609375 0.966797 0.605469 0.962891
0 0.724609 0.962891 0.720703 0.966797 0.718750 0.966797 0.712891 0.972656 0.710938 0.972656 0.707031 0.976562 0.707031 0.978516 0.703125 0.982422 0.703125 0.984375 0.701172 0.986328 0.701172 0.988281 0.699219 0.990234 0.699219 0.998047 0.757812 0.998047 0.759766 0.996094 0.753906 0.990234 0.753906 0.988281 0.751953 0.986328 0.751953 0.984375 0.748047 0.980469 0.748047 0.978516 0.742188 0.972656 0.742188 0.970703 0.740234 0.968750 0.738281 0.968750 0.734375 0.964844 0.732422 0.964844 0.730469 0.962891
0 0.269531 0.970703 0.267578 0.972656 0.265625 0.972656 0.253906 0.984375 0.251953 0.984375 0.246094 0.990234 0.242188 0.990234 0.242188 0.992188 0.240234 0.994141 0.238281 0.994141 0.238281 0.996094 0.236328 0.998047 0.294922 0.998047 0.294922 0.992188 0.291016 0.988281 0.291016 0.986328 0.287109 0.982422 0.287109 0.980469 0.279297 0.972656 0.277344 0.972656 0.275391 0.970703
0 0.332031 0.976562 0.330078 0.978516 0.322266 0.978516 0.320312 0.980469 0.312500 0.980469 0.308594 0.984375 0.306641 0.984375 0.302734 0.988281 0.302734 0.990234 0.300781 0.992188 0.300781 0.998047 0.371094 0.998047 0.371094 0.996094 0.365234 0.990234 0.363281 0.990234 0.361328 0.988281 0.361328 0.986328 0.355469 0.980469 0.353516 0.980469 0.351562 0.978516 0.347656 0.978516 0.345703 0.976562
0 0.148438 0.982422 0.146484 0.984375 0.140625 0.984375 0.136719 0.988281 0.134766 0.988281 0.130859 0.992188 0.130859 0.998047 0.183594 0.998047 0.179688 0.994141 0.179688 0.992188 0.177734 0.992188 0.173828 0.988281 0.171875 0.988281 0.169922 0.986328 0.167969 0.986328 0.166016 0.984375 0.162109 0.984375 0.160156 0.982422
