0 0.078125 0.273438 0.078125 0.279297 0.080078 0.281250 0.082031 0.281250 0.083984 0.283203 0.085938 0.283203 0.087891 0.285156 0.091797 0.285156 0.093750 0.287109 0.101562 0.287109 0.103516 0.289062 0.111328 0.289062 0.113281 0.291016 0.121094 0.291016 0.123047 0.292969 0.126953 0.292969 0.128906 0.291016 0.136719 0.291016 0.136719 0.287109 0.134766 0.285156 0.130859 0.285156 0.128906 0.283203 0.117188 0.283203 0.115234 0.281250 0.107422 0.281250 0.105469 0.279297 0.097656 0.279297 0.095703 0.277344 0.091797 0.277344 0.089844 0.275391 0.087891 0.275391 0.085938 0.273438
0 0.119141 0.304688 0.115234 0.308594 0.117188 0.310547 0.119141 0.310547 0.123047 0.314453 0.125000 0.314453 0.126953 0.316406 0.128906 0.316406 0.130859 0.318359 0.134766 0.318359 0.136719 0.320312 0.152344 0.320312 0.154297 0.318359 0.160156 0.318359 0.162109 0.316406 0.164062 0.316406 0.164062 0.314453 0.162109 0.312500 0.162109 0.310547 0.134766 0.310547 0.132812 0.308594 0.128906 0.308594 0.126953 0.306641 0.123047 0.306641 0.121094 0.304688
0 0.171875 0.296875 0.169922 0.298828 0.166016 0.298828 0.162109 0.302734 0.162109 0.306641 0.164062 0.308594 0.164062 0.312500 0.166016 0.314453 0.166016 0.316406 0.167969 0.318359 0.167969 0.320312 0.169922 0.320312 0.171875 0.322266 0.173828 0.322266 0.177734 0.326172 0.181641 0.326172 0.183594 0.328125 0.187500 0.328125 0.189453 0.330078 0.195312 0.330078 0.197266 0.332031 0.205078 0.332031 0.207031 0.330078 0.208984 0.330078 0.210938 0.328125 0.212891 0.328125 0.212891 0.326172 0.216797 0.322266 0.216797 0.320312 0.218750 0.318359 0.218750 0.302734 0.216797 0.302734 0.212891 0.298828 0.208984 0.298828 0.207031 0.296875
0 0.285156 0.460938 0.283203 0.462891 0.283203 0.472656 0.287109 0.476562 0.292969 0.476562 0.294922 0.474609 0.294922 0.464844 0.291016 0.460938
0 0.306641 0.494141 0.306641 0.501953 0.308594 0.503906 0.308594 0.505859 0.310547 0.507812 0.316406 0.507812 0.316406 0.501953 0.314453 0.500000 0.314453 0.496094 0.312500 0.494141
0 0.859375 0.585938 0.855469 0.589844 0.855469 0.601562 0.853516 0.603516 0.853516 0.613281 0.855469 0.615234 0.855469 0.619141 0.857422 0.621094 0.857422 0.626953 0.861328 0.630859 0.861328 0.632812 0.863281 0.634766 0.863281 0.636719 0.878906 0.652344 0.882812 0.652344 0.884766 0.650391 0.884766 0.648438 0.886719 0.646484 0.886719 0.621094 0.884766 0.619141 0.884766 0.617188 0.882812 0.615234 0.882812 0.611328 0.880859 0.609375 0.880859 0.607422 0.878906 0.605469 0.878906 0.599609 0.876953 0.597656 0.876953 0.595703 0.867188 0.585938
0 0.675781 0.638672 0.675781 0.642578 0.673828 0.644531 0.673828 0.648438 0.671875 0.650391 0.671875 0.658203 0.673828 0.660156 0.673828 0.664062 0.675781 0.666016 0.675781 0.667969 0.679688 0.671875 0.679688 0.673828 0.681641 0.675781 0.681641 0.677734 0.685547 0.681641 0.685547 0.683594 0.687500 0.685547 0.689453 0.685547 0.693359 0.689453 0.695312 0.689453 0.697266 0.691406 0.699219 0.691406 0.705078 0.697266 0.707031 0.697266 0.708984 0.699219 0.710938 0.699219 0.712891 0.701172 0.714844 0.701172 0.716797 0.703125 0.718750 0.703125 0.720703 0.705078 0.728516 0.705078 0.730469 0.703125 0.734375 0.703125 0.736328 0.701172 0.736328 0.697266 0.730469 0.691406 0.730469 0.689453 0.726562 0.685547 0.726562 0.683594 0.722656 0.679688 0.722656 0.677734 0.718750 0.673828 0.718750 0.671875 0.710938 0.664062 0.710938 0.662109 0.705078 0.656250 0.705078 0.654297 0.703125 0.652344 0.701172 0.652344 0.695312 0.646484 0.693359 0.646484 0.687500 0.640625 0.683594 0.640625 0.681641 0.638672
0 0.156250 0.724609 0.156250 0.738281 0.158203 0.740234 0.158203 0.742188 0.162109 0.746094 0.162109 0.748047 0.167969 0.753906 0.167969 0.755859 0.173828 0.761719 0.173828 0.763672 0.177734 0.767578 0.177734 0.769531 0.179688 0.771484 0.179688 0.773438 0.181641 0.775391 0.181641 0.783203 0.183594 0.785156 0.183594 0.789062 0.185547 0.791016 0.185547 0.792969 0.203125 0.792969 0.203125 0.787109 0.205078 0.785156 0.205078 0.777344 0.207031 0.775391 0.207031 0.769531 0.208984 0.767578 0.208984 0.761719 0.210938 0.759766 0.210938 0.746094 0.208984 0.744141 0.208984 0.740234 0.205078 0.736328 0.205078 0.734375 0.203125 0.732422 0.201172 0.732422 0.199219 0.730469 0.197266 0.730469 0.195312 0.728516 0.193359 0.728516 0.191406 0.726562 0.189453 0.726562 0.187500 0.724609
0 0.187500 0.794922 0.187500 0.796875 0.185547 0.798828 0.185547 0.814453 0.187500 0.816406 0.187500 0.820312 0.189453 0.822266 0.189453 0.824219 0.193359 0.828125 0.193359 0.830078 0.197266 0.833984 0.197266 0.835938 0.210938 0.849609 0.212891 0.849609 0.214844 0.851562 0.218750 0.851562 0.220703 0.853516 0.228516 0.853516 0.232422 0.849609 0.232422 0.847656 0.234375 0.845703 0.234375 0.822266 0.232422 0.820312 0.232422 0.814453 0.230469 0.812500 0.230469 0.810547 0.220703 0.800781 0.218750 0.800781 0.216797 0.798828 0.212891 0.798828 0.210938 0.796875 0.205078 0.796875 0.203125 0.794922
0 0.408203 0.847656 0.408203 0.861328 0.410156 0.863281 0.410156 0.865234 0.417969 0.873047 0.421875 0.873047 0.423828 0.875000 0.425781 0.875000 0.427734 0.876953 0.431641 0.876953 0.433594 0.878906 0.441406 0.878906 0.443359 0.880859 0.453125 0.880859 0.455078 0.878906 0.457031 0.878906 0.458984 0.876953 0.458984 0.869141 0.457031 0.867188 0.457031 0.865234 0.451172 0.859375 0.449219 0.859375 0.443359 0.853516 0.441406 0.853516 0.439453 0.851562 0.435547 0.851562 0.433594 0.849609 0.431641 0.849609 0.429688 0.847656 0.419922 0.847656 0.417969 0.849609 0.414062 0.849609 0.412109 0.847656
