0 0.166016 0.000000 0.169922 0.003906 0.169922 0.005859 0.173828 0.009766 0.177734 0.009766 0.181641 0.013672 0.191406 0.013672 0.193359 0.015625 0.205078 0.015625 0.207031 0.013672 0.218750 0.013672 0.220703 0.011719 0.222656 0.011719 0.224609 0.009766 0.226562 0.009766 0.230469 0.005859 0.232422 0.005859 0.232422 0.001953 0.197266 0.001953 0.195312 0.000000
0 0.765625 0.000000 0.763672 0.001953 0.761719 0.001953 0.761719 0.005859 0.763672 0.007812 0.763672 0.013672 0.775391 0.025391 0.794922 0.025391 0.798828 0.021484 0.798828 0.000000
0 0.052734 0.000000 0.052734 0.025391 0.054688 0.025391 0.056641 0.027344 0.056641 0.029297 0.058594 0.029297 0.060547 0.031250 0.060547 0.033203 0.078125 0.033203 0.078125 0.013672 0.082031 0.009766 0.082031 0.007812 0.083984 0.005859 0.083984 0.003906 0.085938 0.001953 0.087891 0.001953 0.089844 0.000000
0 0.253906 0.000000 0.251953 0.001953 0.246094 0.001953 0.246094 0.005859 0.251953 0.011719 0.251953 0.013672 0.263672 0.025391 0.265625 0.025391 0.269531 0.029297 0.273438 0.029297 0.277344 0.033203 0.302734 0.033203 0.304688 0.031250 0.306641 0.031250 0.308594 0.029297 0.310547 0.029297 0.310547 0.027344 0.312500 0.025391 0.314453 0.025391 0.314453 0.023438 0.318359 0.019531 0.318359 0.015625 0.320312 0.013672 0.320312 0.011719 0.322266 0.009766 0.322266 0.003906 0.324219 0.001953 0.324219 0.000000
0 0.458984 0.000000 0.458984 0.003906 0.462891 0.007812 0.462891 0.009766 0.464844 0.011719 0.472656 0.011719 0.474609 0.013672 0.490234 0.013672 0.494141 0.017578 0.496094 0.017578 0.500000 0.021484 0.501953 0.021484 0.503906 0.023438 0.503906 0.025391 0.505859 0.025391 0.509766 0.029297 0.515625 0.029297 0.525391 0.019531 0.525391 0.015625 0.529297 0.011719 0.529297 0.003906 0.531250 0.001953 0.531250 0.000000
0 0.546875 0.000000 0.546875 0.001953 0.548828 0.003906 0.548828 0.009766 0.550781 0.011719 0.550781 0.013672 0.552734 0.015625 0.552734 0.019531 0.556641 0.023438 0.556641 0.025391 0.558594 0.027344 0.558594 0.029297 0.560547 0.031250 0.560547 0.033203 0.562500 0.033203 0.566406 0.037109 0.570312 0.037109 0.574219 0.041016 0.580078 0.041016 0.582031 0.042969 0.587891 0.042969 0.593750 0.037109 0.597656 0.037109 0.605469 0.029297 0.607422 0.029297 0.607422 0.027344 0.609375 0.025391 0.609375 0.001953 0.607422 0.000000
0 0.632812 0.000000 0.630859 0.001953 0.621094 0.001953 0.623047 0.003906 0.623047 0.005859 0.625000 0.007812 0.625000 0.013672 0.626953 0.013672 0.628906 0.015625 0.628906 0.017578 0.632812 0.021484 0.632812 0.025391 0.634766 0.025391 0.636719 0.027344 0.636719 0.029297 0.640625 0.033203 0.642578 0.033203 0.646484 0.037109 0.652344 0.037109 0.654297 0.039062 0.656250 0.039062 0.658203 0.041016 0.660156 0.041016 0.660156 0.039062 0.662109 0.037109 0.664062 0.037109 0.664062 0.035156 0.666016 0.033203 0.667969 0.033203 0.667969 0.031250 0.669922 0.029297 0.671875 0.029297 0.671875 0.027344 0.673828 0.025391 0.687500 0.025391 0.689453 0.027344 0.697266 0.027344 0.699219 0.029297 0.707031 0.029297 0.710938 0.033203 0.712891 0.033203 0.714844 0.035156 0.714844 0.037109 0.716797 0.039062 0.716797 0.041016 0.718750 0.042969 0.718750 0.044922 0.724609 0.044922 0.724609 0.042969 0.726562 0.041016 0.728516 0.041016 0.732422 0.037109 0.732422 0.035156 0.736328 0.031250 0.736328 0.027344 0.740234 0.023438 0.740234 0.017578 0.744141 0.013672 0.744141 0.005859 0.746094 0.003906 0.746094 0.000000
0 0.800781 0.000000 0.800781 0.037109 0.802734 0.039062 0.802734 0.041016 0.804688 0.042969 0.804688 0.044922 0.808594 0.048828 0.810547 0.048828 0.812500 0.050781 0.826172 0.050781 0.830078 0.046875 0.832031 0.046875 0.835938 0.042969 0.837891 0.042969 0.843750 0.037109 0.845703 0.037109 0.845703 0.035156 0.847656 0.033203 0.847656 0.031250 0.851562 0.027344 0.851562 0.025391 0.853516 0.023438 0.853516 0.021484 0.855469 0.019531 0.855469 0.015625 0.857422 0.013672 0.857422 0.009766 0.859375 0.007812 0.859375 0.001953 0.861328 0.000000
0 0.000000 0.000000 0.000000 0.070312 0.015625 0.070312 0.019531 0.066406 0.021484 0.066406 0.025391 0.062500 0.027344 0.062500 0.039062 0.050781 0.039062 0.048828 0.041016 0.046875 0.041016 0.044922 0.044922 0.041016 0.044922 0.037109 0.046875 0.035156 0.046875 0.031250 0.048828 0.029297 0.048828 0.027344 0.050781 0.025391 0.050781 0.000000
0 0.091797 0.000000 0.087891 0.003906 0.085938 0.003906 0.085938 0.005859 0.083984 0.007812 0.083984 0.009766 0.080078 0.013672 0.080078 0.039062 0.082031 0.041016 0.082031 0.042969 0.083984 0.044922 0.083984 0.050781 0.089844 0.056641 0.089844 0.058594 0.095703 0.064453 0.095703 0.066406 0.097656 0.066406 0.101562 0.070312 0.103516 0.070312 0.105469 0.068359 0.107422 0.068359 0.109375 0.066406 0.111328 0.066406 0.113281 0.064453 0.115234 0.064453 0.117188 0.062500 0.119141 0.062500 0.121094 0.060547 0.125000 0.060547 0.126953 0.058594 0.128906 0.058594 0.130859 0.056641 0.142578 0.056641 0.142578 0.046875 0.144531 0.044922 0.144531 0.031250 0.142578 0.029297 0.142578 0.019531 0.140625 0.017578 0.140625 0.013672 0.138672 0.011719 0.138672 0.003906 0.134766 0.000000
0 0.363281 0.000000 0.361328 0.001953 0.345703 0.001953 0.345703 0.023438 0.343750 0.025391 0.343750 0.041016 0.345703 0.042969 0.345703 0.050781 0.347656 0.052734 0.347656 0.064453 0.351562 0.068359 0.351562 0.072266 0.353516 0.074219 0.353516 0.076172 0.357422 0.080078 0.359375 0.080078 0.367188 0.072266 0.367188 0.070312 0.375000 0.062500 0.376953 0.062500 0.380859 0.058594 0.382812 0.058594 0.384766 0.056641 0.394531 0.056641 0.394531 0.037109 0.392578 0.035156 0.392578 0.033203 0.390625 0.031250 0.390625 0.025391 0.388672 0.023438 0.388672 0.021484 0.386719 0.019531 0.386719 0.007812 0.384766 0.005859 0.384766 0.001953 0.382812 0.000000
0 0.443359 0.013672 0.437500 0.019531 0.437500 0.023438 0.435547 0.025391 0.435547 0.031250 0.433594 0.033203 0.433594 0.042969 0.431641 0.044922 0.431641 0.050781 0.429688 0.052734 0.429688 0.062500 0.431641 0.064453 0.431641 0.066406 0.433594 0.068359 0.433594 0.070312 0.435547 0.072266 0.435547 0.074219 0.441406 0.080078 0.443359 0.078125 0.464844 0.078125 0.466797 0.080078 0.468750 0.080078 0.470703 0.082031 0.472656 0.082031 0.482422 0.091797 0.484375 0.091797 0.484375 0.083984 0.488281 0.080078 0.488281 0.078125 0.492188 0.074219 0.492188 0.072266 0.500000 0.064453 0.501953 0.064453 0.503906 0.062500 0.505859 0.062500 0.509766 0.058594 0.513672 0.058594 0.513672 0.037109 0.509766 0.033203 0.509766 0.031250 0.505859 0.027344 0.503906 0.027344 0.501953 0.025391 0.501953 0.023438 0.500000 0.023438 0.496094 0.019531 0.494141 0.019531 0.490234 0.015625 0.474609 0.015625 0.472656 0.013672
0 0.673828 0.027344 0.673828 0.029297 0.671875 0.031250 0.669922 0.031250 0.669922 0.033203 0.667969 0.035156 0.666016 0.035156 0.666016 0.037109 0.664062 0.039062 0.662109 0.039062 0.662109 0.042969 0.658203 0.046875 0.658203 0.068359 0.662109 0.072266 0.662109 0.074219 0.666016 0.078125 0.671875 0.078125 0.673828 0.080078 0.691406 0.080078 0.693359 0.078125 0.695312 0.078125 0.697266 0.076172 0.701172 0.076172 0.703125 0.074219 0.705078 0.074219 0.705078 0.072266 0.707031 0.070312 0.708984 0.070312 0.708984 0.068359 0.712891 0.064453 0.712891 0.062500 0.714844 0.060547 0.714844 0.058594 0.716797 0.056641 0.716797 0.042969 0.714844 0.041016 0.714844 0.039062 0.712891 0.037109 0.712891 0.035156 0.710938 0.035156 0.707031 0.031250 0.699219 0.031250 0.697266 0.029297 0.689453 0.029297 0.687500 0.027344
0 0.869141 0.023438 0.867188 0.025391 0.865234 0.025391 0.863281 0.027344 0.861328 0.027344 0.859375 0.029297 0.857422 0.029297 0.847656 0.039062 0.847656 0.041016 0.843750 0.044922 0.843750 0.048828 0.841797 0.050781 0.841797 0.054688 0.839844 0.056641 0.839844 0.064453 0.837891 0.066406 0.837891 0.078125 0.839844 0.080078 0.839844 0.083984 0.843750 0.087891 0.843750 0.089844 0.845703 0.089844 0.849609 0.093750 0.851562 0.093750 0.857422 0.099609 0.863281 0.099609 0.865234 0.101562 0.867188 0.101562 0.869141 0.103516 0.875000 0.103516 0.876953 0.101562 0.878906 0.101562 0.880859 0.099609 0.882812 0.099609 0.882812 0.095703 0.884766 0.093750 0.884766 0.091797 0.886719 0.089844 0.886719 0.085938 0.890625 0.082031 0.890625 0.060547 0.892578 0.058594 0.892578 0.046875 0.890625 0.044922 0.890625 0.035156 0.888672 0.035156 0.886719 0.033203 0.886719 0.031250 0.882812 0.027344 0.880859 0.027344 0.878906 0.025391 0.878906 0.023438
0 0.609375 0.029297 0.607422 0.031250 0.605469 0.031250 0.597656 0.039062 0.593750 0.039062 0.587891 0.044922 0.587891 0.046875 0.585938 0.048828 0.585938 0.050781 0.583984 0.052734 0.583984 0.056641 0.582031 0.058594 0.582031 0.060547 0.580078 0.062500 0.580078 0.074219 0.578125 0.076172 0.578125 0.089844 0.580078 0.089844 0.583984 0.093750 0.585938 0.093750 0.589844 0.097656 0.589844 0.099609 0.591797 0.101562 0.593750 0.101562 0.595703 0.103516 0.597656 0.103516 0.617188 0.123047 0.625000 0.123047 0.625000 0.121094 0.626953 0.119141 0.626953 0.113281 0.628906 0.111328 0.628906 0.109375 0.630859 0.107422 0.632812 0.107422 0.636719 0.103516 0.636719 0.101562 0.638672 0.099609 0.642578 0.099609 0.644531 0.097656 0.648438 0.097656 0.648438 0.093750 0.650391 0.091797 0.650391 0.087891 0.652344 0.085938 0.652344 0.078125 0.654297 0.076172 0.654297 0.066406 0.652344 0.064453 0.652344 0.060547 0.648438 0.056641 0.648438 0.052734 0.644531 0.048828 0.644531 0.046875 0.642578 0.046875 0.638672 0.042969 0.638672 0.041016 0.636719 0.039062 0.634766 0.039062 0.630859 0.035156 0.628906 0.035156 0.626953 0.033203 0.623047 0.033203 0.621094 0.031250 0.617188 0.031250 0.615234 0.029297
0 0.263672 0.050781 0.261719 0.052734 0.251953 0.052734 0.251953 0.054688 0.250000 0.056641 0.250000 0.058594 0.248047 0.060547 0.248047 0.076172 0.250000 0.078125 0.250000 0.080078 0.251953 0.082031 0.251953 0.085938 0.253906 0.085938 0.255859 0.087891 0.255859 0.089844 0.259766 0.093750 0.261719 0.093750 0.269531 0.101562 0.271484 0.101562 0.273438 0.103516 0.279297 0.103516 0.273438 0.097656 0.273438 0.082031 0.275391 0.080078 0.277344 0.080078 0.279297 0.078125 0.281250 0.078125 0.283203 0.076172 0.292969 0.076172 0.292969 0.072266 0.291016 0.070312 0.291016 0.068359 0.289062 0.066406 0.289062 0.062500 0.285156 0.058594 0.285156 0.056641 0.283203 0.056641 0.281250 0.054688 0.281250 0.052734 0.277344 0.052734 0.275391 0.050781
0 0.736328 0.066406 0.734375 0.068359 0.720703 0.068359 0.718750 0.070312 0.716797 0.070312 0.714844 0.072266 0.712891 0.072266 0.710938 0.074219 0.710938 0.076172 0.707031 0.080078 0.707031 0.097656 0.708984 0.099609 0.708984 0.103516 0.714844 0.109375 0.714844 0.111328 0.716797 0.111328 0.718750 0.113281 0.720703 0.113281 0.722656 0.115234 0.746094 0.115234 0.748047 0.117188 0.757812 0.117188 0.759766 0.119141 0.763672 0.119141 0.767578 0.115234 0.769531 0.115234 0.769531 0.113281 0.771484 0.111328 0.773438 0.111328 0.773438 0.105469 0.775391 0.103516 0.775391 0.089844 0.773438 0.087891 0.773438 0.083984 0.771484 0.082031 0.771484 0.080078 0.769531 0.078125 0.769531 0.076172 0.767578 0.076172 0.765625 0.074219 0.765625 0.072266 0.761719 0.068359 0.751953 0.068359 0.750000 0.066406
0 0.283203 0.078125 0.281250 0.080078 0.279297 0.080078 0.277344 0.082031 0.275391 0.082031 0.275391 0.097656 0.283203 0.105469 0.283203 0.107422 0.289062 0.107422 0.291016 0.109375 0.291016 0.111328 0.294922 0.111328 0.296875 0.113281 0.298828 0.113281 0.300781 0.115234 0.316406 0.115234 0.318359 0.113281 0.318359 0.101562 0.316406 0.099609 0.316406 0.097656 0.314453 0.095703 0.314453 0.091797 0.312500 0.091797 0.310547 0.089844 0.310547 0.087891 0.308594 0.087891 0.306641 0.085938 0.306641 0.083984 0.304688 0.083984 0.300781 0.080078 0.298828 0.080078 0.296875 0.078125
0 0.384766 0.058594 0.382812 0.060547 0.380859 0.060547 0.376953 0.064453 0.375000 0.064453 0.369141 0.070312 0.369141 0.072266 0.361328 0.080078 0.361328 0.099609 0.363281 0.101562 0.363281 0.105469 0.365234 0.107422 0.365234 0.115234 0.367188 0.117188 0.367188 0.123047 0.369141 0.125000 0.369141 0.128906 0.371094 0.128906 0.373047 0.126953 0.376953 0.126953 0.378906 0.125000 0.382812 0.125000 0.384766 0.123047 0.392578 0.123047 0.396484 0.126953 0.400391 0.126953 0.414062 0.140625 0.414062 0.142578 0.416016 0.144531 0.416016 0.146484 0.417969 0.148438 0.417969 0.150391 0.419922 0.148438 0.419922 0.128906 0.417969 0.126953 0.417969 0.125000 0.416016 0.123047 0.416016 0.121094 0.412109 0.117188 0.412109 0.111328 0.410156 0.109375 0.410156 0.105469 0.408203 0.103516 0.408203 0.097656 0.406250 0.095703 0.406250 0.093750 0.404297 0.091797 0.404297 0.083984 0.402344 0.082031 0.402344 0.072266 0.400391 0.070312 0.400391 0.062500 0.398438 0.060547 0.396484 0.060547 0.394531 0.058594
0 0.130859 0.058594 0.128906 0.060547 0.126953 0.060547 0.125000 0.062500 0.121094 0.062500 0.119141 0.064453 0.117188 0.064453 0.115234 0.066406 0.113281 0.066406 0.111328 0.068359 0.109375 0.068359 0.107422 0.070312 0.105469 0.070312 0.103516 0.072266 0.101562 0.072266 0.099609 0.074219 0.097656 0.074219 0.095703 0.076172 0.093750 0.076172 0.093750 0.078125 0.091797 0.080078 0.091797 0.082031 0.089844 0.083984 0.089844 0.091797 0.087891 0.093750 0.087891 0.123047 0.091797 0.126953 0.091797 0.130859 0.093750 0.130859 0.095703 0.132812 0.095703 0.134766 0.097656 0.136719 0.097656 0.138672 0.099609 0.138672 0.101562 0.140625 0.101562 0.142578 0.105469 0.146484 0.105469 0.148438 0.107422 0.148438 0.109375 0.150391 0.109375 0.152344 0.111328 0.152344 0.115234 0.156250 0.123047 0.156250 0.125000 0.158203 0.126953 0.158203 0.128906 0.160156 0.142578 0.160156 0.144531 0.158203 0.148438 0.158203 0.148438 0.154297 0.150391 0.152344 0.150391 0.146484 0.152344 0.144531 0.152344 0.140625 0.154297 0.138672 0.154297 0.136719 0.156250 0.134766 0.156250 0.130859 0.160156 0.126953 0.179688 0.126953 0.179688 0.113281 0.177734 0.111328 0.177734 0.107422 0.175781 0.105469 0.175781 0.101562 0.173828 0.099609 0.173828 0.095703 0.171875 0.093750 0.171875 0.091797 0.169922 0.091797 0.167969 0.089844 0.167969 0.087891 0.166016 0.085938 0.166016 0.083984 0.164062 0.082031 0.164062 0.080078 0.160156 0.076172 0.160156 0.072266 0.156250 0.068359 0.156250 0.066406 0.150391 0.060547 0.148438 0.060547 0.146484 0.058594
0 0.027344 0.076172 0.025391 0.078125 0.023438 0.078125 0.021484 0.080078 0.017578 0.080078 0.013672 0.083984 0.011719 0.083984 0.009766 0.085938 0.007812 0.085938 0.000000 0.093750 0.000000 0.152344 0.001953 0.152344 0.005859 0.148438 0.007812 0.148438 0.011719 0.144531 0.013672 0.144531 0.015625 0.142578 0.017578 0.142578 0.017578 0.140625 0.019531 0.138672 0.021484 0.138672 0.021484 0.136719 0.023438 0.134766 0.025391 0.134766 0.025391 0.132812 0.027344 0.130859 0.029297 0.130859 0.029297 0.126953 0.033203 0.123047 0.033203 0.117188 0.035156 0.115234 0.035156 0.103516 0.037109 0.101562 0.037109 0.083984 0.035156 0.082031 0.035156 0.080078 0.033203 0.078125 0.033203 0.076172
0 0.443359 0.080078 0.441406 0.082031 0.437500 0.082031 0.435547 0.083984 0.429688 0.083984 0.429688 0.085938 0.427734 0.087891 0.427734 0.099609 0.425781 0.101562 0.425781 0.117188 0.427734 0.119141 0.427734 0.125000 0.429688 0.126953 0.429688 0.148438 0.431641 0.150391 0.431641 0.152344 0.433594 0.154297 0.433594 0.158203 0.437500 0.162109 0.437500 0.164062 0.439453 0.164062 0.441406 0.166016 0.441406 0.167969 0.458984 0.167969 0.462891 0.164062 0.464844 0.164062 0.472656 0.156250 0.472656 0.154297 0.474609 0.152344 0.476562 0.152344 0.476562 0.148438 0.478516 0.146484 0.478516 0.144531 0.480469 0.142578 0.480469 0.105469 0.482422 0.103516 0.482422 0.095703 0.480469 0.093750 0.480469 0.091797 0.472656 0.083984 0.470703 0.083984 0.468750 0.082031 0.466797 0.082031 0.464844 0.080078
0 0.509766 0.060547 0.505859 0.064453 0.503906 0.064453 0.501953 0.066406 0.500000 0.066406 0.494141 0.072266 0.494141 0.074219 0.490234 0.078125 0.490234 0.080078 0.486328 0.083984 0.486328 0.093750 0.484375 0.095703 0.484375 0.103516 0.482422 0.105469 0.482422 0.136719 0.484375 0.138672 0.484375 0.144531 0.486328 0.146484 0.486328 0.160156 0.488281 0.162109 0.488281 0.166016 0.490234 0.167969 0.490234 0.173828 0.492188 0.175781 0.492188 0.177734 0.494141 0.179688 0.494141 0.183594 0.500000 0.189453 0.500000 0.191406 0.501953 0.191406 0.503906 0.193359 0.503906 0.195312 0.505859 0.195312 0.509766 0.199219 0.509766 0.201172 0.517578 0.201172 0.519531 0.203125 0.527344 0.203125 0.529297 0.201172 0.533203 0.201172 0.533203 0.199219 0.535156 0.197266 0.537109 0.197266 0.541016 0.193359 0.541016 0.189453 0.544922 0.185547 0.544922 0.179688 0.546875 0.177734 0.546875 0.175781 0.548828 0.173828 0.548828 0.169922 0.550781 0.167969 0.550781 0.152344 0.544922 0.146484 0.544922 0.134766 0.542969 0.132812 0.542969 0.128906 0.541016 0.126953 0.541016 0.082031 0.539062 0.080078 0.537109 0.080078 0.531250 0.074219 0.531250 0.072266 0.527344 0.068359 0.527344 0.066406 0.523438 0.062500 0.521484 0.062500 0.519531 0.060547
0 0.652344 0.095703 0.652344 0.097656 0.650391 0.099609 0.644531 0.099609 0.642578 0.101562 0.638672 0.101562 0.638672 0.103516 0.632812 0.109375 0.630859 0.109375 0.630859 0.111328 0.628906 0.113281 0.628906 0.119141 0.626953 0.121094 0.626953 0.123047 0.625000 0.125000 0.625000 0.140625 0.628906 0.144531 0.628906 0.148438 0.630859 0.150391 0.630859 0.152344 0.632812 0.154297 0.632812 0.156250 0.634766 0.158203 0.634766 0.160156 0.636719 0.162109 0.636719 0.164062 0.638672 0.166016 0.638672 0.167969 0.642578 0.171875 0.666016 0.171875 0.667969 0.169922 0.669922 0.169922 0.671875 0.167969 0.673828 0.167969 0.673828 0.166016 0.679688 0.160156 0.679688 0.158203 0.681641 0.156250 0.681641 0.154297 0.683594 0.152344 0.683594 0.142578 0.685547 0.140625 0.685547 0.125000 0.683594 0.123047 0.683594 0.117188 0.681641 0.115234 0.681641 0.113281 0.679688 0.111328 0.679688 0.109375 0.677734 0.109375 0.669922 0.101562 0.666016 0.101562 0.664062 0.099609 0.660156 0.099609 0.658203 0.097656 0.656250 0.097656 0.654297 0.095703
0 0.546875 0.076172 0.546875 0.080078 0.542969 0.083984 0.542969 0.126953 0.544922 0.128906 0.544922 0.132812 0.546875 0.134766 0.546875 0.146484 0.552734 0.152344 0.552734 0.156250 0.554688 0.158203 0.554688 0.160156 0.556641 0.162109 0.556641 0.164062 0.560547 0.167969 0.560547 0.169922 0.568359 0.177734 0.568359 0.179688 0.570312 0.179688 0.572266 0.181641 0.572266 0.183594 0.576172 0.183594 0.580078 0.187500 0.582031 0.187500 0.583984 0.189453 0.583984 0.191406 0.587891 0.191406 0.591797 0.195312 0.593750 0.195312 0.595703 0.197266 0.599609 0.197266 0.601562 0.199219 0.605469 0.199219 0.607422 0.201172 0.628906 0.201172 0.634766 0.195312 0.634766 0.193359 0.636719 0.191406 0.636719 0.189453 0.638672 0.187500 0.638672 0.169922 0.636719 0.167969 0.636719 0.166016 0.634766 0.164062 0.634766 0.162109 0.632812 0.160156 0.632812 0.158203 0.630859 0.156250 0.630859 0.154297 0.628906 0.152344 0.628906 0.150391 0.626953 0.148438 0.626953 0.144531 0.623047 0.140625 0.623047 0.138672 0.621094 0.136719 0.621094 0.134766 0.619141 0.132812 0.619141 0.128906 0.617188 0.128906 0.615234 0.126953 0.615234 0.123047 0.597656 0.105469 0.595703 0.105469 0.593750 0.103516 0.591797 0.103516 0.587891 0.099609 0.587891 0.097656 0.585938 0.095703 0.583984 0.095703 0.580078 0.091797 0.578125 0.091797 0.570312 0.083984 0.568359 0.083984 0.566406 0.082031 0.564453 0.082031 0.562500 0.080078 0.560547 0.080078 0.558594 0.078125 0.556641 0.078125 0.554688 0.076172
0 0.160156 0.128906 0.158203 0.130859 0.158203 0.134766 0.156250 0.136719 0.156250 0.138672 0.154297 0.140625 0.154297 0.144531 0.152344 0.146484 0.152344 0.152344 0.150391 0.154297 0.150391 0.189453 0.152344 0.191406 0.152344 0.195312 0.154297 0.197266 0.154297 0.203125 0.158203 0.207031 0.158203 0.212891 0.160156 0.214844 0.160156 0.216797 0.162109 0.218750 0.162109 0.220703 0.169922 0.228516 0.171875 0.228516 0.175781 0.232422 0.183594 0.232422 0.185547 0.234375 0.183594 0.232422 0.183594 0.228516 0.181641 0.226562 0.181641 0.224609 0.179688 0.222656 0.179688 0.216797 0.177734 0.214844 0.177734 0.212891 0.175781 0.210938 0.175781 0.185547 0.183594 0.177734 0.185547 0.177734 0.187500 0.175781 0.191406 0.175781 0.193359 0.173828 0.195312 0.173828 0.197266 0.171875 0.216797 0.171875 0.220703 0.175781 0.222656 0.175781 0.228516 0.181641 0.228516 0.164062 0.224609 0.160156 0.224609 0.158203 0.220703 0.154297 0.220703 0.152344 0.216797 0.148438 0.216797 0.146484 0.208984 0.138672 0.208984 0.136719 0.207031 0.136719 0.201172 0.130859 0.197266 0.130859 0.195312 0.128906
0 0.384766 0.125000 0.382812 0.126953 0.378906 0.126953 0.376953 0.128906 0.373047 0.128906 0.371094 0.130859 0.369141 0.130859 0.367188 0.132812 0.363281 0.132812 0.363281 0.140625 0.361328 0.142578 0.361328 0.177734 0.363281 0.179688 0.363281 0.191406 0.365234 0.193359 0.365234 0.236328 0.371094 0.242188 0.373047 0.242188 0.375000 0.240234 0.382812 0.240234 0.386719 0.236328 0.386719 0.234375 0.390625 0.230469 0.390625 0.226562 0.392578 0.224609 0.392578 0.222656 0.394531 0.220703 0.394531 0.218750 0.400391 0.212891 0.400391 0.208984 0.404297 0.205078 0.404297 0.201172 0.406250 0.199219 0.406250 0.197266 0.408203 0.195312 0.408203 0.189453 0.412109 0.185547 0.412109 0.181641 0.414062 0.179688 0.414062 0.177734 0.416016 0.175781 0.416016 0.167969 0.417969 0.166016 0.417969 0.154297 0.416016 0.152344 0.416016 0.148438 0.414062 0.146484 0.414062 0.144531 0.412109 0.142578 0.412109 0.140625 0.400391 0.128906 0.396484 0.128906 0.392578 0.125000
0 0.267578 0.128906 0.267578 0.130859 0.265625 0.132812 0.263672 0.132812 0.261719 0.134766 0.261719 0.142578 0.259766 0.144531 0.259766 0.167969 0.261719 0.169922 0.261719 0.171875 0.263672 0.173828 0.263672 0.179688 0.267578 0.183594 0.267578 0.195312 0.269531 0.197266 0.269531 0.203125 0.271484 0.205078 0.271484 0.230469 0.273438 0.232422 0.273438 0.240234 0.275391 0.242188 0.275391 0.250000 0.279297 0.253906 0.279297 0.257812 0.283203 0.261719 0.283203 0.263672 0.287109 0.267578 0.287109 0.269531 0.289062 0.269531 0.291016 0.271484 0.291016 0.273438 0.292969 0.273438 0.296875 0.277344 0.326172 0.277344 0.330078 0.273438 0.333984 0.273438 0.339844 0.267578 0.341797 0.267578 0.341797 0.263672 0.345703 0.259766 0.345703 0.214844 0.343750 0.212891 0.343750 0.210938 0.341797 0.208984 0.341797 0.191406 0.339844 0.189453 0.339844 0.177734 0.337891 0.175781 0.337891 0.169922 0.333984 0.166016 0.333984 0.164062 0.330078 0.160156 0.330078 0.158203 0.328125 0.156250 0.328125 0.154297 0.326172 0.152344 0.326172 0.150391 0.324219 0.148438 0.324219 0.146484 0.320312 0.142578 0.320312 0.140625 0.318359 0.140625 0.314453 0.136719 0.312500 0.136719 0.310547 0.134766 0.310547 0.132812 0.306641 0.132812 0.304688 0.130859 0.300781 0.130859 0.298828 0.128906
0 0.462891 0.166016 0.458984 0.169922 0.427734 0.169922 0.425781 0.171875 0.425781 0.183594 0.423828 0.185547 0.423828 0.203125 0.425781 0.205078 0.425781 0.214844 0.427734 0.216797 0.427734 0.218750 0.429688 0.220703 0.429688 0.226562 0.433594 0.230469 0.433594 0.234375 0.437500 0.238281 0.437500 0.240234 0.441406 0.244141 0.443359 0.244141 0.447266 0.248047 0.449219 0.248047 0.451172 0.250000 0.455078 0.250000 0.457031 0.251953 0.464844 0.251953 0.466797 0.250000 0.470703 0.250000 0.472656 0.248047 0.472656 0.246094 0.474609 0.244141 0.476562 0.244141 0.476562 0.242188 0.482422 0.236328 0.482422 0.234375 0.484375 0.232422 0.484375 0.224609 0.486328 0.222656 0.486328 0.218750 0.488281 0.216797 0.488281 0.179688 0.486328 0.177734 0.486328 0.175781 0.484375 0.173828 0.484375 0.171875 0.480469 0.167969 0.478516 0.167969 0.476562 0.166016
0 0.000000 0.154297 0.000000 0.277344 0.011719 0.277344 0.015625 0.273438 0.021484 0.273438 0.025391 0.269531 0.027344 0.269531 0.033203 0.263672 0.033203 0.261719 0.037109 0.257812 0.037109 0.255859 0.041016 0.251953 0.041016 0.248047 0.042969 0.246094 0.042969 0.244141 0.044922 0.242188 0.044922 0.193359 0.042969 0.191406 0.042969 0.185547 0.041016 0.183594 0.041016 0.173828 0.037109 0.169922 0.037109 0.166016 0.035156 0.166016 0.033203 0.164062 0.033203 0.162109 0.025391 0.154297
0 0.089844 0.175781 0.087891 0.177734 0.078125 0.177734 0.074219 0.181641 0.072266 0.181641 0.072266 0.183594 0.070312 0.185547 0.070312 0.187500 0.068359 0.189453 0.068359 0.208984 0.070312 0.210938 0.070312 0.212891 0.072266 0.214844 0.072266 0.224609 0.074219 0.226562 0.074219 0.228516 0.076172 0.230469 0.076172 0.238281 0.078125 0.240234 0.078125 0.242188 0.080078 0.244141 0.080078 0.248047 0.083984 0.251953 0.083984 0.253906 0.085938 0.255859 0.085938 0.257812 0.089844 0.261719 0.091797 0.261719 0.095703 0.265625 0.103516 0.265625 0.103516 0.250000 0.105469 0.248047 0.105469 0.246094 0.107422 0.244141 0.107422 0.242188 0.109375 0.240234 0.111328 0.240234 0.111328 0.238281 0.113281 0.236328 0.115234 0.236328 0.117188 0.234375 0.119141 0.234375 0.121094 0.232422 0.125000 0.232422 0.125000 0.212891 0.123047 0.210938 0.123047 0.201172 0.121094 0.199219 0.121094 0.197266 0.119141 0.195312 0.119141 0.193359 0.115234 0.189453 0.115234 0.187500 0.111328 0.183594 0.111328 0.181641 0.109375 0.181641 0.103516 0.175781
0 0.550781 0.203125 0.548828 0.205078 0.541016 0.205078 0.539062 0.207031 0.531250 0.207031 0.523438 0.214844 0.523438 0.230469 0.525391 0.232422 0.525391 0.234375 0.527344 0.236328 0.527344 0.238281 0.535156 0.246094 0.535156 0.250000 0.539062 0.250000 0.542969 0.253906 0.544922 0.253906 0.546875 0.255859 0.552734 0.255859 0.554688 0.257812 0.585938 0.257812 0.587891 0.255859 0.589844 0.255859 0.591797 0.253906 0.593750 0.253906 0.597656 0.250000 0.599609 0.250000 0.599609 0.246094 0.601562 0.244141 0.601562 0.238281 0.599609 0.236328 0.599609 0.232422 0.593750 0.226562 0.593750 0.224609 0.589844 0.220703 0.589844 0.218750 0.585938 0.214844 0.585938 0.212891 0.580078 0.207031 0.574219 0.207031 0.572266 0.205078 0.566406 0.205078 0.564453 0.203125
0 0.197266 0.173828 0.195312 0.175781 0.193359 0.175781 0.191406 0.177734 0.187500 0.177734 0.185547 0.179688 0.183594 0.179688 0.177734 0.185547 0.177734 0.210938 0.179688 0.212891 0.179688 0.214844 0.181641 0.216797 0.181641 0.222656 0.183594 0.224609 0.183594 0.226562 0.185547 0.228516 0.185547 0.232422 0.189453 0.236328 0.189453 0.240234 0.193359 0.244141 0.193359 0.246094 0.197266 0.250000 0.197266 0.251953 0.199219 0.253906 0.201172 0.253906 0.203125 0.255859 0.203125 0.259766 0.207031 0.263672 0.207031 0.265625 0.210938 0.269531 0.210938 0.271484 0.212891 0.273438 0.212891 0.275391 0.214844 0.277344 0.214844 0.281250 0.216797 0.281250 0.218750 0.283203 0.218750 0.285156 0.220703 0.287109 0.220703 0.289062 0.222656 0.291016 0.222656 0.292969 0.224609 0.292969 0.226562 0.294922 0.226562 0.296875 0.230469 0.300781 0.232422 0.300781 0.234375 0.302734 0.236328 0.302734 0.246094 0.312500 0.246094 0.314453 0.250000 0.314453 0.251953 0.316406 0.261719 0.316406 0.263672 0.314453 0.271484 0.314453 0.279297 0.306641 0.283203 0.306641 0.285156 0.304688 0.285156 0.302734 0.287109 0.300781 0.287109 0.296875 0.289062 0.294922 0.289062 0.279297 0.287109 0.277344 0.287109 0.275391 0.285156 0.273438 0.285156 0.269531 0.281250 0.265625 0.281250 0.261719 0.277344 0.257812 0.277344 0.255859 0.275391 0.253906 0.275391 0.251953 0.273438 0.250000 0.273438 0.248047 0.269531 0.244141 0.269531 0.242188 0.267578 0.240234 0.267578 0.238281 0.265625 0.236328 0.265625 0.234375 0.261719 0.230469 0.261719 0.228516 0.257812 0.224609 0.257812 0.222656 0.253906 0.218750 0.253906 0.216797 0.250000 0.212891 0.250000 0.210938 0.244141 0.205078 0.244141 0.203125 0.240234 0.199219 0.240234 0.197266 0.236328 0.193359 0.236328 0.191406 0.234375 0.191406 0.230469 0.187500 0.230469 0.185547 0.222656 0.177734 0.220703 0.177734 0.216797 0.173828
0 0.138672 0.226562 0.130859 0.234375 0.121094 0.234375 0.119141 0.236328 0.117188 0.236328 0.115234 0.238281 0.113281 0.238281 0.113281 0.240234 0.111328 0.242188 0.109375 0.242188 0.109375 0.244141 0.107422 0.246094 0.107422 0.248047 0.105469 0.250000 0.105469 0.269531 0.107422 0.271484 0.109375 0.271484 0.111328 0.269531 0.113281 0.269531 0.113281 0.267578 0.117188 0.263672 0.119141 0.263672 0.121094 0.261719 0.148438 0.261719 0.152344 0.265625 0.154297 0.265625 0.158203 0.269531 0.158203 0.271484 0.160156 0.271484 0.162109 0.273438 0.162109 0.275391 0.164062 0.277344 0.167969 0.273438 0.169922 0.273438 0.173828 0.269531 0.175781 0.269531 0.175781 0.265625 0.177734 0.263672 0.177734 0.251953 0.175781 0.250000 0.175781 0.248047 0.167969 0.240234 0.166016 0.240234 0.164062 0.238281 0.162109 0.238281 0.158203 0.234375 0.154297 0.234375 0.148438 0.228516 0.146484 0.228516 0.144531 0.226562
0 0.121094 0.263672 0.119141 0.265625 0.117188 0.265625 0.115234 0.267578 0.115234 0.269531 0.113281 0.271484 0.111328 0.271484 0.103516 0.279297 0.105469 0.281250 0.105469 0.287109 0.109375 0.291016 0.109375 0.294922 0.111328 0.296875 0.111328 0.298828 0.113281 0.300781 0.113281 0.302734 0.115234 0.304688 0.115234 0.306641 0.117188 0.308594 0.117188 0.310547 0.119141 0.310547 0.121094 0.312500 0.121094 0.316406 0.123047 0.316406 0.125000 0.318359 0.125000 0.320312 0.134766 0.330078 0.136719 0.330078 0.138672 0.332031 0.140625 0.332031 0.142578 0.333984 0.156250 0.333984 0.158203 0.332031 0.160156 0.332031 0.164062 0.328125 0.164062 0.326172 0.167969 0.322266 0.167969 0.312500 0.169922 0.310547 0.169922 0.308594 0.171875 0.306641 0.171875 0.289062 0.167969 0.285156 0.167969 0.283203 0.166016 0.283203 0.164062 0.281250 0.164062 0.279297 0.160156 0.275391 0.160156 0.273438 0.158203 0.273438 0.156250 0.271484 0.156250 0.269531 0.154297 0.267578 0.152344 0.267578 0.148438 0.263672
0 0.375000 0.242188 0.373047 0.244141 0.365234 0.244141 0.365234 0.253906 0.363281 0.255859 0.363281 0.263672 0.361328 0.265625 0.361328 0.292969 0.363281 0.294922 0.363281 0.306641 0.365234 0.308594 0.365234 0.322266 0.367188 0.324219 0.367188 0.328125 0.369141 0.330078 0.369141 0.333984 0.371094 0.335938 0.371094 0.337891 0.373047 0.339844 0.378906 0.339844 0.380859 0.337891 0.410156 0.337891 0.414062 0.341797 0.416016 0.341797 0.421875 0.347656 0.421875 0.349609 0.423828 0.349609 0.425781 0.351562 0.425781 0.353516 0.431641 0.359375 0.431641 0.333984 0.429688 0.332031 0.429688 0.326172 0.427734 0.324219 0.427734 0.306641 0.425781 0.304688 0.425781 0.294922 0.423828 0.292969 0.423828 0.283203 0.421875 0.281250 0.421875 0.279297 0.419922 0.277344 0.419922 0.269531 0.417969 0.267578 0.417969 0.265625 0.416016 0.263672 0.416016 0.261719 0.412109 0.257812 0.412109 0.255859 0.408203 0.251953 0.406250 0.251953 0.404297 0.250000 0.402344 0.250000 0.400391 0.248047 0.400391 0.246094 0.396484 0.246094 0.392578 0.242188
0 0.583984 0.275391 0.582031 0.277344 0.572266 0.277344 0.566406 0.283203 0.566406 0.285156 0.564453 0.287109 0.564453 0.291016 0.562500 0.292969 0.562500 0.296875 0.560547 0.298828 0.560547 0.306641 0.558594 0.308594 0.558594 0.310547 0.556641 0.312500 0.556641 0.332031 0.558594 0.333984 0.558594 0.335938 0.560547 0.337891 0.560547 0.339844 0.562500 0.341797 0.566406 0.341797 0.568359 0.343750 0.568359 0.345703 0.593750 0.345703 0.599609 0.339844 0.599609 0.337891 0.603516 0.333984 0.603516 0.332031 0.605469 0.330078 0.605469 0.328125 0.607422 0.326172 0.607422 0.324219 0.611328 0.320312 0.611328 0.316406 0.613281 0.314453 0.613281 0.312500 0.615234 0.310547 0.615234 0.304688 0.617188 0.302734 0.617188 0.294922 0.615234 0.292969 0.615234 0.289062 0.611328 0.285156 0.611328 0.283203 0.609375 0.283203 0.605469 0.279297 0.603516 0.279297 0.599609 0.275391
0 0.464844 0.253906 0.462891 0.255859 0.462891 0.257812 0.458984 0.261719 0.458984 0.289062 0.460938 0.291016 0.460938 0.294922 0.462891 0.296875 0.462891 0.302734 0.464844 0.304688 0.464844 0.306641 0.466797 0.308594 0.466797 0.314453 0.468750 0.316406 0.468750 0.318359 0.470703 0.320312 0.470703 0.326172 0.472656 0.328125 0.472656 0.330078 0.474609 0.332031 0.474609 0.337891 0.478516 0.341797 0.478516 0.345703 0.482422 0.349609 0.482422 0.351562 0.486328 0.355469 0.486328 0.357422 0.490234 0.361328 0.490234 0.363281 0.492188 0.363281 0.494141 0.365234 0.494141 0.367188 0.503906 0.376953 0.503906 0.378906 0.505859 0.378906 0.511719 0.384766 0.511719 0.386719 0.515625 0.386719 0.517578 0.388672 0.519531 0.388672 0.521484 0.390625 0.533203 0.390625 0.535156 0.392578 0.541016 0.392578 0.544922 0.388672 0.544922 0.386719 0.550781 0.380859 0.550781 0.373047 0.552734 0.371094 0.552734 0.353516 0.550781 0.351562 0.550781 0.343750 0.548828 0.341797 0.548828 0.339844 0.546875 0.337891 0.546875 0.335938 0.544922 0.333984 0.544922 0.326172 0.542969 0.324219 0.542969 0.322266 0.541016 0.320312 0.541016 0.316406 0.539062 0.314453 0.539062 0.312500 0.537109 0.310547 0.537109 0.304688 0.535156 0.302734 0.535156 0.298828 0.533203 0.296875 0.533203 0.289062 0.531250 0.287109 0.531250 0.285156 0.529297 0.283203 0.529297 0.279297 0.527344 0.279297 0.525391 0.277344 0.525391 0.275391 0.521484 0.271484 0.521484 0.269531 0.519531 0.267578 0.517578 0.267578 0.509766 0.259766 0.503906 0.259766 0.500000 0.255859 0.496094 0.255859 0.494141 0.253906
0 0.207031 0.300781 0.205078 0.302734 0.203125 0.302734 0.201172 0.304688 0.199219 0.304688 0.197266 0.306641 0.197266 0.326172 0.199219 0.326172 0.203125 0.330078 0.212891 0.330078 0.214844 0.332031 0.216797 0.332031 0.218750 0.333984 0.222656 0.333984 0.226562 0.337891 0.230469 0.337891 0.234375 0.341797 0.236328 0.341797 0.238281 0.343750 0.240234 0.343750 0.242188 0.345703 0.244141 0.345703 0.246094 0.347656 0.246094 0.349609 0.250000 0.349609 0.251953 0.347656 0.253906 0.347656 0.255859 0.345703 0.255859 0.343750 0.257812 0.341797 0.257812 0.335938 0.255859 0.333984 0.255859 0.332031 0.253906 0.330078 0.253906 0.328125 0.251953 0.326172 0.251953 0.324219 0.250000 0.322266 0.250000 0.318359 0.248047 0.316406 0.246094 0.316406 0.244141 0.314453 0.244141 0.312500 0.236328 0.304688 0.234375 0.304688 0.232422 0.302734 0.230469 0.302734 0.228516 0.300781
0 0.037109 0.267578 0.033203 0.271484 0.031250 0.271484 0.031250 0.275391 0.029297 0.277344 0.029297 0.279297 0.027344 0.281250 0.027344 0.287109 0.025391 0.289062 0.025391 0.294922 0.023438 0.296875 0.023438 0.330078 0.025391 0.332031 0.025391 0.333984 0.027344 0.335938 0.027344 0.339844 0.029297 0.341797 0.029297 0.345703 0.031250 0.347656 0.031250 0.349609 0.035156 0.353516 0.035156 0.357422 0.039062 0.361328 0.039062 0.363281 0.041016 0.363281 0.042969 0.365234 0.042969 0.367188 0.044922 0.367188 0.046875 0.369141 0.046875 0.371094 0.048828 0.371094 0.052734 0.375000 0.054688 0.375000 0.058594 0.378906 0.062500 0.378906 0.064453 0.380859 0.064453 0.382812 0.070312 0.382812 0.072266 0.384766 0.072266 0.386719 0.078125 0.386719 0.080078 0.388672 0.082031 0.388672 0.083984 0.390625 0.091797 0.390625 0.093750 0.392578 0.111328 0.392578 0.113281 0.390625 0.115234 0.390625 0.115234 0.388672 0.117188 0.386719 0.119141 0.386719 0.119141 0.380859 0.123047 0.376953 0.123047 0.355469 0.121094 0.353516 0.121094 0.349609 0.119141 0.347656 0.119141 0.343750 0.117188 0.341797 0.117188 0.339844 0.115234 0.337891 0.115234 0.335938 0.113281 0.335938 0.111328 0.333984 0.111328 0.330078 0.107422 0.326172 0.107422 0.322266 0.103516 0.318359 0.103516 0.316406 0.101562 0.314453 0.101562 0.312500 0.099609 0.310547 0.099609 0.308594 0.097656 0.306641 0.097656 0.304688 0.093750 0.300781 0.093750 0.298828 0.091797 0.296875 0.091797 0.294922 0.089844 0.292969 0.089844 0.291016 0.087891 0.291016 0.085938 0.289062 0.085938 0.287109 0.082031 0.283203 0.082031 0.281250 0.078125 0.277344 0.078125 0.275391 0.076172 0.275391 0.074219 0.273438 0.074219 0.271484 0.072266 0.271484 0.068359 0.267578
0 0.296875 0.302734 0.294922 0.304688 0.292969 0.304688 0.291016 0.306641 0.289062 0.306641 0.287109 0.308594 0.279297 0.308594 0.275391 0.312500 0.275391 0.314453 0.273438 0.316406 0.273438 0.318359 0.271484 0.320312 0.271484 0.330078 0.273438 0.332031 0.273438 0.335938 0.275391 0.337891 0.275391 0.343750 0.279297 0.347656 0.279297 0.351562 0.283203 0.355469 0.283203 0.357422 0.287109 0.361328 0.287109 0.363281 0.291016 0.367188 0.291016 0.369141 0.294922 0.373047 0.294922 0.375000 0.296875 0.376953 0.296875 0.378906 0.300781 0.382812 0.300781 0.384766 0.304688 0.388672 0.304688 0.390625 0.308594 0.394531 0.310547 0.394531 0.312500 0.396484 0.318359 0.396484 0.320312 0.398438 0.322266 0.398438 0.324219 0.400391 0.326172 0.400391 0.328125 0.398438 0.330078 0.398438 0.337891 0.390625 0.337891 0.388672 0.339844 0.386719 0.339844 0.384766 0.341797 0.382812 0.341797 0.361328 0.337891 0.357422 0.337891 0.355469 0.333984 0.351562 0.333984 0.349609 0.330078 0.345703 0.330078 0.343750 0.328125 0.341797 0.328125 0.337891 0.326172 0.335938 0.326172 0.326172 0.324219 0.324219 0.324219 0.322266 0.322266 0.320312 0.322266 0.316406 0.318359 0.312500 0.318359 0.310547 0.314453 0.306641 0.312500 0.306641 0.310547 0.304688 0.308594 0.304688 0.306641 0.302734
0 0.380859 0.339844 0.378906 0.341797 0.365234 0.341797 0.365234 0.367188 0.367188 0.369141 0.367188 0.375000 0.369141 0.376953 0.369141 0.386719 0.373047 0.390625 0.373047 0.398438 0.375000 0.400391 0.375000 0.402344 0.376953 0.404297 0.376953 0.408203 0.378906 0.410156 0.378906 0.414062 0.380859 0.416016 0.380859 0.421875 0.384766 0.425781 0.384766 0.429688 0.388672 0.433594 0.388672 0.437500 0.392578 0.441406 0.392578 0.443359 0.398438 0.449219 0.400391 0.449219 0.402344 0.451172 0.402344 0.453125 0.404297 0.453125 0.408203 0.457031 0.412109 0.457031 0.414062 0.458984 0.423828 0.458984 0.425781 0.457031 0.429688 0.457031 0.433594 0.453125 0.435547 0.453125 0.441406 0.447266 0.441406 0.445312 0.443359 0.443359 0.443359 0.441406 0.447266 0.437500 0.447266 0.435547 0.449219 0.433594 0.449219 0.421875 0.451172 0.419922 0.451172 0.404297 0.449219 0.402344 0.449219 0.390625 0.447266 0.388672 0.447266 0.384766 0.445312 0.382812 0.445312 0.380859 0.443359 0.378906 0.443359 0.376953 0.439453 0.373047 0.439453 0.371094 0.435547 0.367188 0.435547 0.365234 0.423828 0.353516 0.423828 0.351562 0.421875 0.351562 0.419922 0.349609 0.419922 0.347656 0.416016 0.343750 0.414062 0.343750 0.410156 0.339844
0 0.201172 0.332031 0.199219 0.333984 0.191406 0.333984 0.189453 0.335938 0.177734 0.335938 0.173828 0.339844 0.173828 0.345703 0.171875 0.347656 0.171875 0.369141 0.173828 0.371094 0.173828 0.375000 0.177734 0.378906 0.177734 0.382812 0.179688 0.384766 0.179688 0.386719 0.185547 0.392578 0.185547 0.394531 0.187500 0.394531 0.189453 0.396484 0.189453 0.400391 0.193359 0.404297 0.193359 0.406250 0.197266 0.410156 0.197266 0.412109 0.199219 0.414062 0.199219 0.416016 0.201172 0.416016 0.203125 0.417969 0.203125 0.419922 0.207031 0.423828 0.207031 0.425781 0.210938 0.429688 0.210938 0.431641 0.214844 0.435547 0.214844 0.437500 0.216797 0.439453 0.216797 0.441406 0.218750 0.443359 0.218750 0.447266 0.220703 0.449219 0.220703 0.451172 0.222656 0.453125 0.222656 0.457031 0.224609 0.457031 0.226562 0.458984 0.226562 0.460938 0.230469 0.464844 0.232422 0.464844 0.234375 0.466797 0.234375 0.468750 0.236328 0.468750 0.238281 0.470703 0.240234 0.470703 0.242188 0.472656 0.250000 0.472656 0.261719 0.460938 0.261719 0.458984 0.265625 0.455078 0.265625 0.451172 0.267578 0.449219 0.267578 0.447266 0.269531 0.445312 0.269531 0.441406 0.271484 0.439453 0.271484 0.429688 0.273438 0.427734 0.273438 0.398438 0.271484 0.396484 0.271484 0.392578 0.269531 0.390625 0.269531 0.384766 0.267578 0.382812 0.267578 0.380859 0.265625 0.378906 0.265625 0.373047 0.261719 0.369141 0.261719 0.365234 0.259766 0.365234 0.257812 0.363281 0.257812 0.361328 0.250000 0.353516 0.248047 0.353516 0.244141 0.349609 0.244141 0.347656 0.242188 0.347656 0.240234 0.345703 0.238281 0.345703 0.236328 0.343750 0.234375 0.343750 0.230469 0.339844 0.226562 0.339844 0.222656 0.335938 0.218750 0.335938 0.216797 0.333984 0.214844 0.333984 0.212891 0.332031
0 0.658203 0.880859 0.658203 0.882812 0.654297 0.886719 0.654297 0.908203 0.656250 0.910156 0.656250 0.912109 0.658203 0.914062 0.658203 0.916016 0.666016 0.923828 0.669922 0.923828 0.671875 0.925781 0.675781 0.925781 0.677734 0.927734 0.693359 0.927734 0.695312 0.925781 0.699219 0.925781 0.701172 0.923828 0.703125 0.923828 0.705078 0.921875 0.705078 0.914062 0.707031 0.912109 0.707031 0.902344 0.705078 0.900391 0.705078 0.892578 0.701172 0.888672 0.701172 0.886719 0.699219 0.886719 0.695312 0.882812 0.693359 0.882812 0.691406 0.880859
