0 0.027344 0.000000 0.031250 0.003906 0.037109 0.003906 0.039062 0.005859 0.064453 0.005859 0.066406 0.003906 0.078125 0.003906 0.080078 0.001953 0.083984 0.001953 0.085938 0.000000 0.087891 0.000000
0 0.445312 0.000000 0.445312 0.001953 0.451172 0.007812 0.478516 0.007812 0.480469 0.005859 0.482422 0.005859 0.488281 0.000000
0 0.205078 0.000000 0.205078 0.001953 0.203125 0.003906 0.203125 0.007812 0.201172 0.009766 0.201172 0.025391 0.210938 0.035156 0.212891 0.035156 0.216797 0.039062 0.218750 0.039062 0.220703 0.041016 0.224609 0.041016 0.226562 0.042969 0.230469 0.042969 0.232422 0.044922 0.253906 0.044922 0.255859 0.042969 0.259766 0.042969 0.267578 0.035156 0.267578 0.033203 0.269531 0.031250 0.269531 0.021484 0.267578 0.019531 0.267578 0.015625 0.265625 0.013672 0.265625 0.011719 0.259766 0.005859 0.259766 0.003906 0.257812 0.003906 0.253906 0.000000
0 0.755859 0.000000 0.753906 0.001953 0.753906 0.003906 0.751953 0.005859 0.751953 0.007812 0.750000 0.009766 0.750000 0.025391 0.751953 0.027344 0.751953 0.033203 0.753906 0.035156 0.753906 0.037109 0.755859 0.039062 0.755859 0.041016 0.763672 0.048828 0.765625 0.048828 0.771484 0.054688 0.773438 0.054688 0.775391 0.056641 0.792969 0.056641 0.794922 0.054688 0.796875 0.054688 0.800781 0.050781 0.802734 0.050781 0.816406 0.037109 0.816406 0.025391 0.814453 0.023438 0.814453 0.017578 0.812500 0.015625 0.812500 0.013672 0.802734 0.003906 0.802734 0.001953 0.800781 0.001953 0.798828 0.000000
0 0.539062 0.037109 0.537109 0.039062 0.533203 0.039062 0.531250 0.041016 0.529297 0.041016 0.529297 0.042969 0.523438 0.048828 0.523438 0.050781 0.521484 0.052734 0.521484 0.054688 0.519531 0.056641 0.519531 0.076172 0.521484 0.078125 0.521484 0.082031 0.523438 0.083984 0.523438 0.085938 0.525391 0.085938 0.533203 0.093750 0.535156 0.093750 0.541016 0.099609 0.542969 0.099609 0.546875 0.103516 0.548828 0.103516 0.550781 0.105469 0.550781 0.103516 0.552734 0.101562 0.552734 0.099609 0.556641 0.095703 0.564453 0.095703 0.566406 0.093750 0.578125 0.093750 0.582031 0.097656 0.583984 0.097656 0.583984 0.085938 0.582031 0.083984 0.582031 0.082031 0.580078 0.080078 0.580078 0.078125 0.578125 0.076172 0.578125 0.074219 0.576172 0.072266 0.576172 0.070312 0.572266 0.066406 0.572266 0.064453 0.570312 0.062500 0.570312 0.060547 0.566406 0.056641 0.566406 0.054688 0.564453 0.052734 0.564453 0.050781 0.558594 0.044922 0.556641 0.044922 0.550781 0.039062 0.548828 0.039062 0.546875 0.037109
0 0.398438 0.052734 0.396484 0.054688 0.392578 0.054688 0.390625 0.056641 0.388672 0.056641 0.384766 0.060547 0.382812 0.060547 0.376953 0.066406 0.376953 0.085938 0.378906 0.087891 0.378906 0.093750 0.380859 0.095703 0.380859 0.099609 0.388672 0.107422 0.394531 0.107422 0.394531 0.103516 0.404297 0.093750 0.406250 0.093750 0.410156 0.089844 0.414062 0.089844 0.416016 0.087891 0.419922 0.087891 0.421875 0.085938 0.423828 0.085938 0.425781 0.083984 0.429688 0.083984 0.431641 0.082031 0.443359 0.082031 0.443359 0.078125 0.441406 0.076172 0.441406 0.072266 0.439453 0.070312 0.439453 0.068359 0.437500 0.066406 0.437500 0.064453 0.433594 0.060547 0.431641 0.060547 0.429688 0.058594 0.425781 0.058594 0.423828 0.056641 0.419922 0.056641 0.417969 0.054688 0.412109 0.054688 0.410156 0.052734
0 0.431641 0.083984 0.429688 0.085938 0.425781 0.085938 0.423828 0.087891 0.421875 0.087891 0.419922 0.089844 0.416016 0.089844 0.414062 0.091797 0.410156 0.091797 0.406250 0.095703 0.404297 0.095703 0.396484 0.103516 0.396484 0.111328 0.398438 0.113281 0.398438 0.119141 0.400391 0.121094 0.400391 0.128906 0.406250 0.134766 0.406250 0.136719 0.408203 0.138672 0.408203 0.140625 0.410156 0.140625 0.412109 0.142578 0.412109 0.144531 0.414062 0.146484 0.414062 0.148438 0.416016 0.148438 0.421875 0.154297 0.425781 0.154297 0.427734 0.156250 0.443359 0.156250 0.445312 0.154297 0.447266 0.154297 0.449219 0.152344 0.451172 0.152344 0.451172 0.150391 0.453125 0.148438 0.453125 0.146484 0.455078 0.144531 0.455078 0.140625 0.457031 0.138672 0.457031 0.130859 0.458984 0.128906 0.458984 0.125000 0.460938 0.123047 0.460938 0.099609 0.458984 0.097656 0.458984 0.095703 0.457031 0.093750 0.457031 0.091797 0.453125 0.087891 0.451172 0.087891 0.447266 0.083984
0 0.140625 0.074219 0.138672 0.076172 0.134766 0.076172 0.132812 0.078125 0.130859 0.078125 0.126953 0.082031 0.125000 0.082031 0.121094 0.085938 0.121094 0.087891 0.117188 0.091797 0.117188 0.093750 0.115234 0.095703 0.115234 0.099609 0.113281 0.101562 0.113281 0.105469 0.111328 0.107422 0.111328 0.111328 0.109375 0.113281 0.109375 0.134766 0.111328 0.136719 0.111328 0.142578 0.128906 0.160156 0.130859 0.160156 0.136719 0.166016 0.138672 0.166016 0.140625 0.167969 0.166016 0.167969 0.167969 0.166016 0.171875 0.166016 0.173828 0.164062 0.175781 0.164062 0.177734 0.162109 0.179688 0.162109 0.193359 0.148438 0.193359 0.146484 0.195312 0.144531 0.195312 0.121094 0.193359 0.119141 0.193359 0.115234 0.191406 0.113281 0.191406 0.111328 0.189453 0.109375 0.189453 0.107422 0.187500 0.105469 0.187500 0.103516 0.179688 0.095703 0.179688 0.093750 0.175781 0.089844 0.175781 0.087891 0.171875 0.083984 0.171875 0.082031 0.169922 0.080078 0.167969 0.080078 0.164062 0.076172 0.162109 0.076172 0.160156 0.074219
0 0.833984 0.105469 0.828125 0.111328 0.828125 0.121094 0.830078 0.123047 0.830078 0.125000 0.832031 0.126953 0.832031 0.128906 0.845703 0.128906 0.847656 0.130859 0.853516 0.130859 0.855469 0.132812 0.861328 0.132812 0.863281 0.134766 0.867188 0.134766 0.867188 0.128906 0.865234 0.126953 0.865234 0.125000 0.861328 0.121094 0.859375 0.121094 0.855469 0.117188 0.853516 0.117188 0.851562 0.115234 0.849609 0.115234 0.847656 0.113281 0.843750 0.113281 0.839844 0.109375 0.837891 0.109375
0 0.476562 0.113281 0.470703 0.119141 0.470703 0.130859 0.476562 0.136719 0.478516 0.136719 0.478516 0.130859 0.480469 0.128906 0.480469 0.123047 0.482422 0.121094 0.482422 0.119141 0.486328 0.115234 0.486328 0.113281
0 0.566406 0.095703 0.564453 0.097656 0.556641 0.097656 0.554688 0.099609 0.554688 0.101562 0.552734 0.103516 0.552734 0.105469 0.550781 0.107422 0.550781 0.128906 0.552734 0.130859 0.552734 0.136719 0.554688 0.138672 0.554688 0.144531 0.556641 0.146484 0.556641 0.148438 0.558594 0.150391 0.560547 0.150391 0.564453 0.154297 0.566406 0.154297 0.570312 0.158203 0.574219 0.158203 0.576172 0.160156 0.583984 0.160156 0.585938 0.158203 0.589844 0.158203 0.593750 0.154297 0.595703 0.154297 0.599609 0.150391 0.599609 0.148438 0.601562 0.146484 0.601562 0.144531 0.603516 0.142578 0.603516 0.119141 0.601562 0.117188 0.601562 0.115234 0.599609 0.113281 0.599609 0.111328 0.595703 0.107422 0.593750 0.107422 0.589844 0.103516 0.587891 0.103516 0.583984 0.099609 0.582031 0.099609 0.578125 0.095703
0 0.281250 0.099609 0.279297 0.101562 0.277344 0.101562 0.275391 0.103516 0.273438 0.103516 0.269531 0.107422 0.269531 0.109375 0.263672 0.115234 0.263672 0.121094 0.261719 0.123047 0.261719 0.142578 0.263672 0.144531 0.263672 0.148438 0.265625 0.150391 0.265625 0.152344 0.267578 0.154297 0.267578 0.156250 0.273438 0.162109 0.285156 0.162109 0.287109 0.160156 0.289062 0.160156 0.291016 0.158203 0.292969 0.158203 0.304688 0.146484 0.304688 0.144531 0.306641 0.142578 0.306641 0.138672 0.308594 0.136719 0.308594 0.121094 0.306641 0.119141 0.306641 0.113281 0.304688 0.111328 0.304688 0.109375 0.300781 0.105469 0.300781 0.103516 0.296875 0.099609
0 0.492188 0.107422 0.492188 0.109375 0.490234 0.111328 0.490234 0.113281 0.484375 0.119141 0.484375 0.121094 0.482422 0.123047 0.482422 0.128906 0.480469 0.130859 0.480469 0.154297 0.488281 0.162109 0.490234 0.162109 0.492188 0.164062 0.494141 0.164062 0.496094 0.166016 0.498047 0.166016 0.500000 0.167969 0.517578 0.167969 0.523438 0.162109 0.525391 0.162109 0.525391 0.160156 0.527344 0.158203 0.529297 0.158203 0.531250 0.156250 0.531250 0.154297 0.533203 0.152344 0.533203 0.150391 0.535156 0.148438 0.535156 0.142578 0.537109 0.140625 0.537109 0.132812 0.535156 0.130859 0.535156 0.126953 0.533203 0.125000 0.533203 0.121094 0.527344 0.115234 0.525391 0.115234 0.521484 0.111328 0.517578 0.111328 0.515625 0.109375 0.511719 0.109375 0.509766 0.107422
0 0.830078 0.130859 0.828125 0.132812 0.826172 0.132812 0.824219 0.134766 0.822266 0.134766 0.810547 0.146484 0.810547 0.148438 0.808594 0.150391 0.808594 0.152344 0.806641 0.154297 0.806641 0.162109 0.808594 0.164062 0.808594 0.169922 0.810547 0.171875 0.812500 0.171875 0.814453 0.173828 0.816406 0.173828 0.818359 0.175781 0.822266 0.175781 0.824219 0.177734 0.859375 0.177734 0.863281 0.173828 0.865234 0.173828 0.869141 0.169922 0.869141 0.167969 0.873047 0.164062 0.873047 0.144531 0.869141 0.140625 0.869141 0.138672 0.867188 0.136719 0.863281 0.136719 0.861328 0.134766 0.855469 0.134766 0.853516 0.132812 0.847656 0.132812 0.845703 0.130859
0 0.462891 0.158203 0.460938 0.160156 0.458984 0.160156 0.457031 0.162109 0.455078 0.162109 0.455078 0.164062 0.451172 0.167969 0.449219 0.167969 0.449219 0.173828 0.447266 0.175781 0.447266 0.181641 0.451172 0.185547 0.451172 0.195312 0.458984 0.203125 0.462891 0.203125 0.464844 0.205078 0.482422 0.205078 0.484375 0.203125 0.496094 0.203125 0.500000 0.199219 0.501953 0.199219 0.503906 0.197266 0.503906 0.181641 0.501953 0.179688 0.501953 0.177734 0.500000 0.175781 0.500000 0.173828 0.498047 0.173828 0.492188 0.167969 0.490234 0.167969 0.488281 0.166016 0.486328 0.166016 0.480469 0.160156 0.478516 0.160156 0.476562 0.158203
0 0.203125 0.181641 0.199219 0.185547 0.197266 0.185547 0.197266 0.187500 0.195312 0.189453 0.195312 0.195312 0.193359 0.197266 0.193359 0.216797 0.197266 0.220703 0.197266 0.222656 0.199219 0.224609 0.199219 0.226562 0.201172 0.228516 0.201172 0.230469 0.203125 0.232422 0.203125 0.234375 0.205078 0.236328 0.205078 0.238281 0.207031 0.238281 0.210938 0.242188 0.212891 0.242188 0.216797 0.246094 0.218750 0.246094 0.220703 0.248047 0.226562 0.248047 0.228516 0.250000 0.238281 0.250000 0.240234 0.248047 0.246094 0.248047 0.248047 0.246094 0.250000 0.246094 0.251953 0.244141 0.253906 0.244141 0.255859 0.242188 0.257812 0.242188 0.257812 0.240234 0.259766 0.238281 0.259766 0.228516 0.257812 0.226562 0.257812 0.220703 0.255859 0.218750 0.255859 0.216797 0.250000 0.210938 0.250000 0.208984 0.240234 0.199219 0.240234 0.197266 0.238281 0.195312 0.236328 0.195312 0.228516 0.187500 0.226562 0.187500 0.222656 0.183594 0.208984 0.183594 0.207031 0.181641
0 0.367188 0.232422 0.365234 0.234375 0.361328 0.234375 0.361328 0.236328 0.353516 0.244141 0.353516 0.257812 0.355469 0.259766 0.355469 0.261719 0.357422 0.263672 0.357422 0.265625 0.359375 0.267578 0.359375 0.269531 0.363281 0.273438 0.363281 0.275391 0.365234 0.277344 0.365234 0.279297 0.367188 0.281250 0.367188 0.283203 0.373047 0.289062 0.373047 0.291016 0.384766 0.302734 0.396484 0.302734 0.414062 0.285156 0.414062 0.265625 0.412109 0.263672 0.412109 0.259766 0.410156 0.257812 0.410156 0.253906 0.408203 0.251953 0.408203 0.250000 0.400391 0.242188 0.400391 0.240234 0.396484 0.236328 0.394531 0.236328 0.392578 0.234375 0.390625 0.234375 0.388672 0.232422
0 0.193359 0.238281 0.183594 0.248047 0.183594 0.250000 0.181641 0.251953 0.181641 0.253906 0.179688 0.255859 0.179688 0.257812 0.177734 0.259766 0.177734 0.265625 0.175781 0.267578 0.175781 0.271484 0.173828 0.273438 0.173828 0.279297 0.171875 0.281250 0.171875 0.287109 0.169922 0.289062 0.169922 0.291016 0.167969 0.292969 0.167969 0.300781 0.166016 0.302734 0.166016 0.316406 0.167969 0.318359 0.167969 0.320312 0.169922 0.322266 0.169922 0.324219 0.183594 0.324219 0.185547 0.322266 0.189453 0.322266 0.191406 0.320312 0.195312 0.320312 0.197266 0.318359 0.199219 0.318359 0.203125 0.314453 0.205078 0.314453 0.207031 0.312500 0.208984 0.312500 0.210938 0.310547 0.212891 0.310547 0.214844 0.308594 0.216797 0.308594 0.220703 0.304688 0.222656 0.304688 0.234375 0.292969 0.234375 0.289062 0.236328 0.287109 0.236328 0.277344 0.234375 0.275391 0.234375 0.271484 0.232422 0.269531 0.232422 0.265625 0.226562 0.259766 0.226562 0.257812 0.220703 0.251953 0.218750 0.251953 0.210938 0.244141 0.208984 0.244141 0.207031 0.242188 0.205078 0.242188 0.203125 0.240234 0.199219 0.240234 0.197266 0.238281
0 0.640625 0.253906 0.638672 0.255859 0.634766 0.255859 0.632812 0.257812 0.630859 0.257812 0.628906 0.259766 0.626953 0.259766 0.625000 0.261719 0.625000 0.263672 0.621094 0.267578 0.621094 0.269531 0.619141 0.271484 0.619141 0.298828 0.621094 0.300781 0.621094 0.302734 0.623047 0.304688 0.623047 0.306641 0.625000 0.306641 0.630859 0.312500 0.634766 0.312500 0.636719 0.314453 0.652344 0.314453 0.654297 0.312500 0.658203 0.312500 0.666016 0.304688 0.666016 0.302734 0.669922 0.298828 0.669922 0.294922 0.671875 0.292969 0.671875 0.275391 0.669922 0.273438 0.669922 0.271484 0.667969 0.269531 0.667969 0.267578 0.658203 0.257812 0.656250 0.257812 0.654297 0.255859 0.650391 0.255859 0.648438 0.253906
0 0.486328 0.277344 0.484375 0.279297 0.478516 0.279297 0.472656 0.285156 0.470703 0.285156 0.468750 0.287109 0.468750 0.289062 0.466797 0.291016 0.466797 0.294922 0.464844 0.296875 0.464844 0.310547 0.466797 0.312500 0.466797 0.314453 0.468750 0.316406 0.468750 0.318359 0.470703 0.320312 0.470703 0.322266 0.474609 0.326172 0.474609 0.328125 0.486328 0.339844 0.486328 0.341797 0.490234 0.345703 0.492188 0.345703 0.496094 0.349609 0.498047 0.349609 0.500000 0.351562 0.519531 0.351562 0.521484 0.349609 0.527344 0.349609 0.529297 0.347656 0.533203 0.347656 0.535156 0.345703 0.541016 0.345703 0.542969 0.343750 0.544922 0.343750 0.546875 0.341797 0.548828 0.341797 0.558594 0.332031 0.558594 0.330078 0.560547 0.328125 0.560547 0.322266 0.562500 0.320312 0.562500 0.312500 0.560547 0.310547 0.560547 0.302734 0.558594 0.300781 0.558594 0.298828 0.556641 0.296875 0.556641 0.294922 0.554688 0.294922 0.552734 0.292969 0.550781 0.292969 0.544922 0.287109 0.542969 0.287109 0.541016 0.285156 0.525391 0.285156 0.523438 0.283203 0.517578 0.283203 0.515625 0.281250 0.507812 0.281250 0.505859 0.279297 0.500000 0.279297 0.498047 0.277344
0 0.753906 0.289062 0.751953 0.291016 0.748047 0.291016 0.746094 0.292969 0.734375 0.292969 0.732422 0.291016 0.712891 0.291016 0.710938 0.292969 0.708984 0.292969 0.699219 0.302734 0.699219 0.316406 0.701172 0.318359 0.701172 0.320312 0.703125 0.322266 0.703125 0.324219 0.707031 0.328125 0.707031 0.330078 0.708984 0.330078 0.712891 0.333984 0.714844 0.333984 0.716797 0.335938 0.722656 0.335938 0.724609 0.337891 0.728516 0.337891 0.730469 0.339844 0.736328 0.339844 0.738281 0.341797 0.759766 0.341797 0.761719 0.339844 0.769531 0.339844 0.771484 0.337891 0.773438 0.337891 0.783203 0.328125 0.783203 0.326172 0.785156 0.324219 0.785156 0.322266 0.787109 0.320312 0.787109 0.316406 0.789062 0.314453 0.789062 0.312500 0.787109 0.310547 0.787109 0.300781 0.785156 0.298828 0.785156 0.296875 0.781250 0.292969 0.779297 0.292969 0.777344 0.291016 0.771484 0.291016 0.769531 0.289062
0 0.279297 0.289062 0.277344 0.291016 0.275391 0.291016 0.271484 0.294922 0.271484 0.304688 0.275391 0.308594 0.275391 0.310547 0.277344 0.312500 0.277344 0.314453 0.279297 0.316406 0.279297 0.318359 0.281250 0.320312 0.281250 0.322266 0.283203 0.324219 0.283203 0.326172 0.287109 0.330078 0.287109 0.333984 0.289062 0.335938 0.289062 0.339844 0.291016 0.341797 0.291016 0.343750 0.294922 0.347656 0.296875 0.347656 0.298828 0.349609 0.300781 0.349609 0.304688 0.353516 0.306641 0.353516 0.308594 0.355469 0.310547 0.355469 0.314453 0.359375 0.316406 0.359375 0.318359 0.361328 0.322266 0.361328 0.324219 0.363281 0.326172 0.363281 0.328125 0.365234 0.330078 0.365234 0.332031 0.367188 0.333984 0.367188 0.337891 0.371094 0.339844 0.371094 0.341797 0.373047 0.343750 0.373047 0.345703 0.375000 0.357422 0.375000 0.359375 0.373047 0.361328 0.373047 0.369141 0.365234 0.369141 0.359375 0.371094 0.357422 0.371094 0.349609 0.369141 0.347656 0.369141 0.341797 0.367188 0.339844 0.367188 0.337891 0.365234 0.335938 0.365234 0.333984 0.363281 0.332031 0.363281 0.330078 0.359375 0.326172 0.359375 0.324219 0.357422 0.322266 0.357422 0.320312 0.345703 0.308594 0.343750 0.308594 0.339844 0.304688 0.337891 0.304688 0.335938 0.302734 0.333984 0.302734 0.332031 0.300781 0.328125 0.300781 0.326172 0.298828 0.324219 0.298828 0.322266 0.296875 0.320312 0.296875 0.318359 0.294922 0.316406 0.294922 0.314453 0.292969 0.308594 0.292969 0.306641 0.291016 0.298828 0.291016 0.296875 0.289062
0 0.841797 0.355469 0.839844 0.357422 0.835938 0.357422 0.833984 0.359375 0.814453 0.359375 0.812500 0.361328 0.810547 0.361328 0.810547 0.363281 0.806641 0.367188 0.806641 0.371094 0.804688 0.373047 0.804688 0.392578 0.806641 0.394531 0.806641 0.396484 0.812500 0.402344 0.814453 0.402344 0.818359 0.406250 0.822266 0.406250 0.824219 0.408203 0.828125 0.408203 0.830078 0.410156 0.843750 0.410156 0.845703 0.408203 0.851562 0.408203 0.853516 0.406250 0.857422 0.406250 0.863281 0.400391 0.865234 0.400391 0.865234 0.398438 0.867188 0.396484 0.867188 0.394531 0.871094 0.390625 0.871094 0.386719 0.873047 0.384766 0.873047 0.375000 0.871094 0.373047 0.871094 0.367188 0.869141 0.365234 0.869141 0.363281 0.865234 0.359375 0.863281 0.359375 0.861328 0.357422 0.857422 0.357422 0.855469 0.355469
0 0.740234 0.369141 0.738281 0.371094 0.732422 0.371094 0.730469 0.373047 0.728516 0.373047 0.726562 0.375000 0.724609 0.375000 0.722656 0.376953 0.720703 0.376953 0.718750 0.378906 0.716797 0.378906 0.714844 0.380859 0.714844 0.384766 0.712891 0.386719 0.712891 0.398438 0.716797 0.402344 0.716797 0.404297 0.722656 0.410156 0.724609 0.410156 0.726562 0.412109 0.732422 0.412109 0.734375 0.414062 0.763672 0.414062 0.765625 0.412109 0.769531 0.412109 0.771484 0.410156 0.773438 0.410156 0.775391 0.408203 0.777344 0.408203 0.785156 0.400391 0.785156 0.398438 0.787109 0.396484 0.787109 0.382812 0.785156 0.380859 0.785156 0.378906 0.783203 0.376953 0.781250 0.376953 0.777344 0.373047 0.771484 0.373047 0.769531 0.371094 0.759766 0.371094 0.757812 0.369141
0 0.089844 0.357422 0.087891 0.359375 0.082031 0.359375 0.080078 0.361328 0.076172 0.361328 0.074219 0.363281 0.070312 0.363281 0.066406 0.367188 0.064453 0.367188 0.042969 0.388672 0.042969 0.390625 0.037109 0.396484 0.037109 0.398438 0.033203 0.402344 0.033203 0.404297 0.031250 0.406250 0.031250 0.408203 0.029297 0.410156 0.029297 0.414062 0.027344 0.416016 0.027344 0.417969 0.025391 0.419922 0.025391 0.421875 0.019531 0.427734 0.019531 0.433594 0.021484 0.435547 0.023438 0.435547 0.025391 0.437500 0.029297 0.437500 0.031250 0.439453 0.039062 0.439453 0.041016 0.437500 0.046875 0.437500 0.048828 0.435547 0.052734 0.435547 0.054688 0.433594 0.058594 0.433594 0.060547 0.431641 0.064453 0.431641 0.066406 0.429688 0.068359 0.429688 0.070312 0.427734 0.072266 0.427734 0.074219 0.425781 0.076172 0.425781 0.078125 0.423828 0.080078 0.423828 0.083984 0.419922 0.085938 0.419922 0.089844 0.416016 0.091797 0.416016 0.095703 0.412109 0.097656 0.412109 0.111328 0.398438 0.113281 0.398438 0.113281 0.396484 0.123047 0.386719 0.123047 0.384766 0.125000 0.382812 0.125000 0.376953 0.123047 0.375000 0.123047 0.369141 0.121094 0.367188 0.121094 0.363281 0.119141 0.363281 0.115234 0.359375 0.111328 0.359375 0.109375 0.357422
0 0.394531 0.373047 0.390625 0.376953 0.388672 0.376953 0.388672 0.378906 0.386719 0.380859 0.386719 0.398438 0.388672 0.400391 0.388672 0.406250 0.390625 0.408203 0.390625 0.414062 0.392578 0.416016 0.392578 0.419922 0.394531 0.421875 0.394531 0.423828 0.396484 0.425781 0.396484 0.429688 0.404297 0.437500 0.406250 0.437500 0.408203 0.439453 0.410156 0.439453 0.414062 0.443359 0.417969 0.443359 0.419922 0.445312 0.433594 0.445312 0.435547 0.443359 0.441406 0.443359 0.445312 0.439453 0.447266 0.439453 0.455078 0.431641 0.455078 0.427734 0.457031 0.425781 0.457031 0.414062 0.455078 0.412109 0.455078 0.404297 0.453125 0.402344 0.453125 0.400391 0.441406 0.388672 0.441406 0.386719 0.439453 0.386719 0.435547 0.382812 0.429688 0.382812 0.427734 0.380859 0.423828 0.380859 0.421875 0.378906 0.417969 0.378906 0.416016 0.376953 0.408203 0.376953 0.406250 0.375000 0.402344 0.375000 0.400391 0.373047
0 0.470703 0.478516 0.470703 0.480469 0.472656 0.482422 0.472656 0.484375 0.478516 0.490234 0.480469 0.490234 0.478516 0.488281 0.476562 0.488281 0.472656 0.484375 0.472656 0.482422 0.470703 0.480469
0 0.519531 0.417969 0.517578 0.419922 0.511719 0.419922 0.507812 0.423828 0.507812 0.425781 0.505859 0.427734 0.500000 0.427734 0.498047 0.429688 0.496094 0.429688 0.511719 0.429688 0.519531 0.437500 0.519531 0.447266 0.521484 0.449219 0.521484 0.458984 0.523438 0.460938 0.523438 0.468750 0.521484 0.470703 0.521484 0.474609 0.519531 0.476562 0.519531 0.480469 0.517578 0.482422 0.521484 0.478516 0.523438 0.478516 0.527344 0.474609 0.529297 0.474609 0.531250 0.472656 0.535156 0.472656 0.537109 0.470703 0.542969 0.470703 0.544922 0.468750 0.552734 0.468750 0.554688 0.466797 0.556641 0.466797 0.558594 0.464844 0.560547 0.464844 0.568359 0.457031 0.568359 0.455078 0.570312 0.453125 0.570312 0.451172 0.572266 0.449219 0.572266 0.433594 0.570312 0.431641 0.570312 0.427734 0.568359 0.425781 0.566406 0.425781 0.564453 0.423828 0.562500 0.423828 0.560547 0.421875 0.556641 0.421875 0.554688 0.419922 0.548828 0.419922 0.546875 0.417969
0 0.494141 0.431641 0.490234 0.435547 0.488281 0.435547 0.480469 0.443359 0.478516 0.443359 0.476562 0.445312 0.476562 0.447266 0.474609 0.449219 0.474609 0.453125 0.472656 0.455078 0.472656 0.460938 0.470703 0.462891 0.470703 0.476562 0.472656 0.478516 0.472656 0.480469 0.474609 0.482422 0.474609 0.484375 0.476562 0.486328 0.478516 0.486328 0.484375 0.492188 0.498047 0.492188 0.500000 0.490234 0.503906 0.490234 0.505859 0.488281 0.509766 0.488281 0.517578 0.480469 0.517578 0.476562 0.519531 0.474609 0.519531 0.470703 0.521484 0.468750 0.521484 0.460938 0.519531 0.458984 0.519531 0.449219 0.517578 0.447266 0.517578 0.437500 0.511719 0.431641
0 0.615234 0.460938 0.613281 0.462891 0.611328 0.462891 0.603516 0.470703 0.603516 0.478516 0.605469 0.480469 0.605469 0.488281 0.607422 0.490234 0.607422 0.494141 0.609375 0.496094 0.609375 0.498047 0.613281 0.501953 0.615234 0.501953 0.617188 0.503906 0.644531 0.503906 0.646484 0.501953 0.648438 0.501953 0.656250 0.494141 0.656250 0.486328 0.654297 0.484375 0.654297 0.482422 0.652344 0.480469 0.652344 0.478516 0.650391 0.476562 0.650391 0.474609 0.648438 0.474609 0.644531 0.470703 0.642578 0.470703 0.640625 0.468750 0.638672 0.468750 0.634766 0.464844 0.632812 0.464844 0.628906 0.460938
0 0.271484 0.505859 0.269531 0.507812 0.263672 0.507812 0.261719 0.509766 0.259766 0.509766 0.250000 0.519531 0.250000 0.521484 0.248047 0.523438 0.246094 0.523438 0.246094 0.531250 0.244141 0.533203 0.244141 0.541016 0.246094 0.541016 0.248047 0.542969 0.251953 0.542969 0.253906 0.544922 0.259766 0.544922 0.261719 0.546875 0.267578 0.546875 0.269531 0.548828 0.291016 0.548828 0.292969 0.546875 0.296875 0.546875 0.300781 0.542969 0.302734 0.542969 0.304688 0.541016 0.304688 0.539062 0.306641 0.537109 0.306641 0.525391 0.304688 0.523438 0.304688 0.517578 0.300781 0.513672 0.300781 0.511719 0.298828 0.511719 0.294922 0.507812 0.292969 0.507812 0.291016 0.505859
0 0.201172 0.501953 0.199219 0.503906 0.195312 0.503906 0.193359 0.505859 0.189453 0.505859 0.187500 0.507812 0.183594 0.507812 0.181641 0.509766 0.179688 0.509766 0.175781 0.513672 0.175781 0.515625 0.169922 0.521484 0.169922 0.523438 0.166016 0.527344 0.166016 0.533203 0.164062 0.535156 0.164062 0.539062 0.162109 0.541016 0.162109 0.550781 0.164062 0.552734 0.164062 0.562500 0.166016 0.564453 0.166016 0.566406 0.171875 0.572266 0.175781 0.572266 0.177734 0.574219 0.183594 0.574219 0.185547 0.572266 0.191406 0.572266 0.193359 0.570312 0.197266 0.570312 0.201172 0.566406 0.203125 0.566406 0.205078 0.564453 0.207031 0.564453 0.210938 0.560547 0.212891 0.560547 0.216797 0.556641 0.218750 0.556641 0.224609 0.550781 0.226562 0.550781 0.232422 0.544922 0.234375 0.544922 0.242188 0.537109 0.242188 0.533203 0.244141 0.531250 0.244141 0.525391 0.242188 0.523438 0.242188 0.519531 0.238281 0.515625 0.238281 0.513672 0.228516 0.503906 0.212891 0.503906 0.210938 0.501953
0 0.000000 0.505859 0.000000 0.574219 0.003906 0.574219 0.005859 0.576172 0.019531 0.576172 0.021484 0.574219 0.025391 0.574219 0.027344 0.572266 0.029297 0.572266 0.033203 0.568359 0.035156 0.568359 0.044922 0.558594 0.044922 0.556641 0.046875 0.554688 0.046875 0.552734 0.048828 0.550781 0.048828 0.546875 0.046875 0.544922 0.046875 0.539062 0.044922 0.537109 0.044922 0.535156 0.041016 0.531250 0.041016 0.529297 0.039062 0.527344 0.039062 0.525391 0.031250 0.517578 0.029297 0.517578 0.025391 0.513672 0.023438 0.513672 0.017578 0.507812 0.015625 0.507812 0.013672 0.505859
0 0.546875 0.566406 0.544922 0.568359 0.541016 0.568359 0.539062 0.570312 0.533203 0.570312 0.531250 0.572266 0.529297 0.572266 0.527344 0.574219 0.525391 0.574219 0.519531 0.580078 0.517578 0.580078 0.517578 0.582031 0.515625 0.583984 0.515625 0.591797 0.517578 0.593750 0.517578 0.597656 0.519531 0.599609 0.519531 0.601562 0.525391 0.607422 0.527344 0.607422 0.531250 0.611328 0.535156 0.611328 0.539062 0.615234 0.542969 0.615234 0.544922 0.617188 0.550781 0.617188 0.552734 0.619141 0.562500 0.619141 0.564453 0.621094 0.572266 0.621094 0.574219 0.619141 0.580078 0.619141 0.582031 0.617188 0.585938 0.617188 0.587891 0.615234 0.591797 0.615234 0.593750 0.613281 0.595703 0.613281 0.597656 0.611328 0.597656 0.609375 0.599609 0.607422 0.599609 0.605469 0.601562 0.603516 0.601562 0.599609 0.603516 0.597656 0.603516 0.591797 0.601562 0.589844 0.601562 0.582031 0.597656 0.578125 0.597656 0.576172 0.595703 0.576172 0.589844 0.570312 0.582031 0.570312 0.580078 0.568359 0.572266 0.568359 0.570312 0.566406
0 0.466797 0.642578 0.464844 0.644531 0.462891 0.644531 0.460938 0.646484 0.457031 0.646484 0.455078 0.648438 0.453125 0.648438 0.451172 0.650391 0.447266 0.650391 0.445312 0.652344 0.443359 0.652344 0.441406 0.654297 0.439453 0.654297 0.439453 0.656250 0.431641 0.664062 0.431641 0.666016 0.427734 0.669922 0.427734 0.671875 0.423828 0.675781 0.423828 0.687500 0.425781 0.689453 0.425781 0.691406 0.429688 0.695312 0.431641 0.695312 0.433594 0.697266 0.435547 0.697266 0.437500 0.699219 0.441406 0.699219 0.443359 0.701172 0.449219 0.701172 0.451172 0.703125 0.457031 0.703125 0.458984 0.705078 0.462891 0.705078 0.464844 0.707031 0.480469 0.707031 0.482422 0.705078 0.486328 0.705078 0.490234 0.701172 0.490234 0.699219 0.492188 0.697266 0.492188 0.695312 0.498047 0.689453 0.498047 0.687500 0.500000 0.685547 0.500000 0.683594 0.501953 0.681641 0.501953 0.677734 0.503906 0.675781 0.503906 0.656250 0.500000 0.652344 0.498047 0.652344 0.494141 0.648438 0.492188 0.648438 0.490234 0.646484 0.488281 0.646484 0.484375 0.642578
0 0.552734 0.781250 0.550781 0.783203 0.548828 0.783203 0.546875 0.785156 0.544922 0.785156 0.541016 0.789062 0.539062 0.789062 0.537109 0.791016 0.535156 0.791016 0.531250 0.794922 0.529297 0.794922 0.527344 0.796875 0.527344 0.800781 0.529297 0.802734 0.531250 0.802734 0.533203 0.804688 0.539062 0.804688 0.541016 0.806641 0.589844 0.806641 0.593750 0.802734 0.593750 0.798828 0.591797 0.796875 0.591797 0.794922 0.589844 0.792969 0.587891 0.792969 0.583984 0.789062 0.582031 0.789062 0.580078 0.787109 0.576172 0.787109 0.572266 0.783203 0.570312 0.783203 0.568359 0.781250
0 0.830078 0.812500 0.828125 0.814453 0.820312 0.814453 0.818359 0.816406 0.814453 0.816406 0.812500 0.818359 0.808594 0.818359 0.806641 0.820312 0.800781 0.820312 0.785156 0.835938 0.785156 0.837891 0.783203 0.839844 0.783203 0.845703 0.785156 0.847656 0.785156 0.849609 0.787109 0.851562 0.787109 0.853516 0.791016 0.857422 0.792969 0.857422 0.794922 0.859375 0.796875 0.859375 0.798828 0.861328 0.806641 0.861328 0.808594 0.863281 0.812500 0.863281 0.814453 0.865234 0.816406 0.865234 0.818359 0.867188 0.824219 0.867188 0.826172 0.869141 0.832031 0.869141 0.833984 0.871094 0.841797 0.871094 0.845703 0.875000 0.847656 0.875000 0.849609 0.876953 0.855469 0.876953 0.857422 0.878906 0.869141 0.878906 0.869141 0.876953 0.867188 0.875000 0.867188 0.867188 0.876953 0.857422 0.888672 0.857422 0.890625 0.859375 0.894531 0.859375 0.894531 0.855469 0.896484 0.853516 0.896484 0.839844 0.894531 0.837891 0.894531 0.833984 0.890625 0.830078 0.890625 0.828125 0.888672 0.826172 0.886719 0.826172 0.882812 0.822266 0.880859 0.822266 0.878906 0.820312 0.875000 0.820312 0.873047 0.818359 0.869141 0.818359 0.867188 0.816406 0.863281 0.816406 0.861328 0.814453 0.855469 0.814453 0.853516 0.812500
0 0.220703 0.816406 0.218750 0.818359 0.212891 0.818359 0.208984 0.822266 0.208984 0.824219 0.207031 0.826172 0.207031 0.832031 0.205078 0.833984 0.205078 0.839844 0.203125 0.841797 0.203125 0.851562 0.205078 0.853516 0.205078 0.855469 0.208984 0.859375 0.208984 0.861328 0.210938 0.861328 0.216797 0.867188 0.220703 0.867188 0.222656 0.869141 0.226562 0.869141 0.228516 0.871094 0.232422 0.871094 0.234375 0.873047 0.236328 0.873047 0.238281 0.875000 0.242188 0.875000 0.246094 0.878906 0.250000 0.878906 0.251953 0.876953 0.253906 0.876953 0.255859 0.875000 0.257812 0.875000 0.259766 0.873047 0.259766 0.847656 0.255859 0.843750 0.255859 0.841797 0.253906 0.839844 0.253906 0.837891 0.251953 0.835938 0.250000 0.835938 0.246094 0.832031 0.244141 0.832031 0.240234 0.828125 0.238281 0.828125 0.236328 0.826172 0.234375 0.826172 0.228516 0.820312 0.224609 0.820312 0.222656 0.818359 0.222656 0.816406
0 0.687500 0.841797 0.685547 0.843750 0.683594 0.843750 0.681641 0.845703 0.679688 0.845703 0.677734 0.847656 0.675781 0.847656 0.673828 0.849609 0.673828 0.857422 0.675781 0.859375 0.675781 0.865234 0.677734 0.867188 0.677734 0.869141 0.681641 0.873047 0.683594 0.873047 0.685547 0.875000 0.687500 0.875000 0.691406 0.878906 0.693359 0.878906 0.695312 0.880859 0.697266 0.880859 0.699219 0.882812 0.701172 0.882812 0.703125 0.884766 0.707031 0.884766 0.708984 0.886719 0.712891 0.886719 0.714844 0.888672 0.720703 0.888672 0.722656 0.890625 0.734375 0.890625 0.736328 0.888672 0.736328 0.886719 0.738281 0.884766 0.738281 0.861328 0.736328 0.859375 0.736328 0.855469 0.732422 0.851562 0.732422 0.849609 0.730469 0.849609 0.728516 0.847656 0.726562 0.847656 0.724609 0.845703 0.720703 0.845703 0.718750 0.843750 0.710938 0.843750 0.708984 0.841797
0 0.515625 0.837891 0.515625 0.839844 0.513672 0.841797 0.513672 0.843750 0.511719 0.845703 0.511719 0.853516 0.513672 0.855469 0.513672 0.857422 0.515625 0.859375 0.515625 0.861328 0.517578 0.863281 0.517578 0.865234 0.519531 0.867188 0.519531 0.869141 0.525391 0.875000 0.525391 0.876953 0.531250 0.882812 0.533203 0.882812 0.535156 0.884766 0.537109 0.884766 0.539062 0.886719 0.548828 0.886719 0.550781 0.888672 0.558594 0.888672 0.560547 0.890625 0.564453 0.890625 0.566406 0.892578 0.572266 0.892578 0.574219 0.894531 0.580078 0.894531 0.582031 0.896484 0.599609 0.896484 0.601562 0.898438 0.607422 0.898438 0.609375 0.900391 0.621094 0.900391 0.623047 0.902344 0.628906 0.902344 0.630859 0.904297 0.652344 0.904297 0.654297 0.902344 0.656250 0.902344 0.656250 0.900391 0.658203 0.898438 0.658203 0.896484 0.656250 0.894531 0.656250 0.892578 0.650391 0.886719 0.650391 0.884766 0.642578 0.876953 0.640625 0.876953 0.636719 0.873047 0.634766 0.873047 0.632812 0.871094 0.630859 0.871094 0.628906 0.869141 0.626953 0.869141 0.623047 0.865234 0.621094 0.865234 0.619141 0.863281 0.617188 0.863281 0.615234 0.861328 0.613281 0.861328 0.611328 0.859375 0.609375 0.859375 0.607422 0.857422 0.605469 0.857422 0.603516 0.855469 0.601562 0.855469 0.599609 0.853516 0.597656 0.853516 0.595703 0.851562 0.591797 0.851562 0.589844 0.849609 0.587891 0.849609 0.585938 0.847656 0.580078 0.847656 0.578125 0.845703 0.572266 0.845703 0.570312 0.843750 0.566406 0.843750 0.564453 0.841797 0.558594 0.841797 0.556641 0.839844 0.550781 0.839844 0.548828 0.837891
0 0.876953 0.859375 0.869141 0.867188 0.869141 0.875000 0.875000 0.880859 0.876953 0.880859 0.880859 0.884766 0.882812 0.884766 0.886719 0.888672 0.888672 0.888672 0.892578 0.892578 0.894531 0.892578 0.896484 0.894531 0.902344 0.894531 0.906250 0.890625 0.906250 0.888672 0.908203 0.886719 0.908203 0.882812 0.906250 0.880859 0.906250 0.873047 0.902344 0.869141 0.902344 0.867188 0.900391 0.865234 0.898438 0.865234 0.896484 0.863281 0.894531 0.863281 0.892578 0.861328 0.890625 0.861328 0.888672 0.859375
0 0.958984 0.814453 0.957031 0.816406 0.955078 0.816406 0.953125 0.818359 0.949219 0.818359 0.945312 0.822266 0.943359 0.822266 0.943359 0.824219 0.939453 0.828125 0.939453 0.830078 0.935547 0.833984 0.935547 0.839844 0.933594 0.841797 0.933594 0.853516 0.935547 0.855469 0.935547 0.863281 0.937500 0.865234 0.937500 0.869141 0.939453 0.871094 0.939453 0.878906 0.941406 0.880859 0.941406 0.882812 0.943359 0.884766 0.943359 0.892578 0.947266 0.896484 0.947266 0.906250 0.951172 0.910156 0.951172 0.916016 0.955078 0.919922 0.955078 0.921875 0.957031 0.921875 0.958984 0.923828 0.958984 0.925781 0.970703 0.937500 0.970703 0.939453 0.972656 0.939453 0.978516 0.945312 0.980469 0.945312 0.984375 0.949219 0.998047 0.949219 0.998047 0.818359 0.990234 0.818359 0.988281 0.816406 0.982422 0.816406 0.980469 0.814453
0 0.380859 0.865234 0.378906 0.867188 0.373047 0.867188 0.371094 0.869141 0.369141 0.869141 0.365234 0.873047 0.359375 0.873047 0.355469 0.876953 0.353516 0.876953 0.349609 0.880859 0.347656 0.880859 0.343750 0.884766 0.343750 0.886719 0.341797 0.888672 0.341797 0.908203 0.343750 0.910156 0.347656 0.910156 0.349609 0.912109 0.351562 0.912109 0.353516 0.914062 0.355469 0.914062 0.359375 0.917969 0.371094 0.917969 0.373047 0.919922 0.375000 0.919922 0.376953 0.921875 0.378906 0.921875 0.380859 0.923828 0.380859 0.916016 0.392578 0.904297 0.449219 0.904297 0.451172 0.906250 0.451172 0.912109 0.449219 0.914062 0.449219 0.916016 0.445312 0.919922 0.443359 0.919922 0.443359 0.921875 0.441406 0.923828 0.439453 0.923828 0.437500 0.925781 0.435547 0.925781 0.439453 0.925781 0.443359 0.921875 0.447266 0.921875 0.451172 0.917969 0.453125 0.917969 0.457031 0.914062 0.458984 0.914062 0.458984 0.912109 0.460938 0.910156 0.460938 0.908203 0.462891 0.906250 0.462891 0.896484 0.460938 0.894531 0.460938 0.888672 0.457031 0.884766 0.457031 0.882812 0.453125 0.878906 0.451172 0.878906 0.447266 0.875000 0.447266 0.873047 0.445312 0.873047 0.441406 0.869141 0.437500 0.869141 0.435547 0.867188 0.431641 0.867188 0.429688 0.865234
0 0.214844 0.884766 0.212891 0.886719 0.181641 0.886719 0.179688 0.888672 0.175781 0.888672 0.171875 0.892578 0.171875 0.894531 0.169922 0.896484 0.169922 0.904297 0.171875 0.906250 0.171875 0.912109 0.173828 0.914062 0.173828 0.916016 0.175781 0.917969 0.175781 0.919922 0.179688 0.923828 0.179688 0.925781 0.183594 0.929688 0.195312 0.929688 0.195312 0.927734 0.197266 0.925781 0.199219 0.925781 0.207031 0.917969 0.210938 0.917969 0.212891 0.916016 0.214844 0.916016 0.216797 0.914062 0.222656 0.914062 0.224609 0.912109 0.230469 0.912109 0.232422 0.910156 0.234375 0.910156 0.236328 0.908203 0.236328 0.896484 0.234375 0.894531 0.234375 0.892578 0.232422 0.892578 0.230469 0.890625 0.228516 0.890625 0.226562 0.888672 0.224609 0.888672 0.222656 0.886719 0.220703 0.886719 0.218750 0.884766
0 0.849609 0.902344 0.851562 0.904297 0.851562 0.908203 0.849609 0.910156 0.849609 0.917969 0.847656 0.919922 0.847656 0.929688 0.845703 0.931641 0.845703 0.933594 0.853516 0.925781 0.853516 0.912109 0.851562 0.910156 0.851562 0.904297
0 0.802734 0.890625 0.800781 0.892578 0.796875 0.892578 0.794922 0.894531 0.791016 0.894531 0.785156 0.900391 0.785156 0.902344 0.783203 0.904297 0.783203 0.906250 0.781250 0.908203 0.781250 0.914062 0.783203 0.916016 0.783203 0.917969 0.785156 0.919922 0.787109 0.919922 0.789062 0.921875 0.791016 0.921875 0.794922 0.925781 0.796875 0.925781 0.798828 0.927734 0.800781 0.927734 0.802734 0.929688 0.808594 0.929688 0.810547 0.931641 0.812500 0.931641 0.812500 0.925781 0.814453 0.923828 0.814453 0.917969 0.816406 0.916016 0.816406 0.910156 0.818359 0.908203 0.818359 0.906250 0.824219 0.900391 0.826172 0.900391 0.828125 0.898438 0.830078 0.898438 0.832031 0.896484 0.835938 0.896484 0.837891 0.894531 0.835938 0.894531 0.833984 0.892578 0.828125 0.892578 0.826172 0.890625
0 0.392578 0.906250 0.382812 0.916016 0.382812 0.927734 0.384766 0.929688 0.384766 0.935547 0.386719 0.937500 0.386719 0.939453 0.390625 0.943359 0.392578 0.943359 0.394531 0.945312 0.400391 0.945312 0.402344 0.943359 0.404297 0.943359 0.412109 0.935547 0.412109 0.933594 0.414062 0.931641 0.416016 0.931641 0.419922 0.927734 0.425781 0.927734 0.427734 0.925781 0.433594 0.925781 0.435547 0.923828 0.437500 0.923828 0.439453 0.921875 0.441406 0.921875 0.441406 0.919922 0.443359 0.917969 0.445312 0.917969 0.447266 0.916016 0.447266 0.914062 0.449219 0.912109 0.449219 0.906250
0 0.837891 0.896484 0.835938 0.898438 0.832031 0.898438 0.830078 0.900391 0.828125 0.900391 0.826172 0.902344 0.824219 0.902344 0.820312 0.906250 0.820312 0.908203 0.818359 0.910156 0.818359 0.916016 0.816406 0.917969 0.816406 0.923828 0.814453 0.925781 0.814453 0.958984 0.816406 0.960938 0.816406 0.962891 0.818359 0.964844 0.818359 0.966797 0.824219 0.972656 0.826172 0.972656 0.828125 0.974609 0.841797 0.974609 0.843750 0.972656 0.843750 0.970703 0.845703 0.968750 0.845703 0.957031 0.843750 0.955078 0.843750 0.931641 0.845703 0.929688 0.845703 0.919922 0.847656 0.917969 0.847656 0.910156 0.849609 0.908203 0.849609 0.904297 0.847656 0.902344 0.847656 0.898438 0.845703 0.896484
0 0.718750 0.923828 0.714844 0.927734 0.712891 0.927734 0.712891 0.931641 0.710938 0.933594 0.710938 0.939453 0.712891 0.941406 0.712891 0.945312 0.714844 0.947266 0.714844 0.949219 0.716797 0.949219 0.724609 0.957031 0.726562 0.957031 0.730469 0.960938 0.732422 0.960938 0.740234 0.968750 0.742188 0.968750 0.746094 0.972656 0.750000 0.972656 0.751953 0.974609 0.753906 0.974609 0.755859 0.976562 0.767578 0.976562 0.767578 0.974609 0.771484 0.970703 0.771484 0.968750 0.773438 0.966797 0.773438 0.964844 0.775391 0.962891 0.775391 0.958984 0.777344 0.957031 0.777344 0.947266 0.767578 0.937500 0.765625 0.937500 0.763672 0.935547 0.761719 0.935547 0.759766 0.933594 0.757812 0.933594 0.755859 0.931641 0.753906 0.931641 0.751953 0.929688 0.748047 0.929688 0.746094 0.927734 0.742188 0.927734 0.740234 0.925781 0.736328 0.925781 0.734375 0.923828
0 0.232422 0.912109 0.230469 0.914062 0.224609 0.914062 0.222656 0.916016 0.216797 0.916016 0.214844 0.917969 0.212891 0.917969 0.210938 0.919922 0.207031 0.919922 0.199219 0.927734 0.197266 0.927734 0.197266 0.929688 0.193359 0.933594 0.193359 0.941406 0.195312 0.943359 0.195312 0.949219 0.197266 0.951172 0.197266 0.953125 0.199219 0.955078 0.199219 0.957031 0.203125 0.960938 0.205078 0.960938 0.207031 0.962891 0.208984 0.962891 0.210938 0.964844 0.214844 0.964844 0.216797 0.966797 0.218750 0.966797 0.220703 0.968750 0.222656 0.968750 0.224609 0.970703 0.230469 0.970703 0.232422 0.972656 0.236328 0.972656 0.238281 0.974609 0.242188 0.974609 0.244141 0.976562 0.248047 0.976562 0.251953 0.980469 0.253906 0.980469 0.255859 0.982422 0.257812 0.982422 0.259766 0.984375 0.261719 0.984375 0.263672 0.986328 0.265625 0.986328 0.269531 0.990234 0.271484 0.990234 0.273438 0.992188 0.275391 0.992188 0.277344 0.994141 0.283203 0.994141 0.285156 0.996094 0.304688 0.996094 0.306641 0.994141 0.310547 0.994141 0.312500 0.992188 0.314453 0.992188 0.322266 0.984375 0.322266 0.982422 0.324219 0.980469 0.324219 0.962891 0.322266 0.960938 0.322266 0.957031 0.320312 0.955078 0.320312 0.951172 0.318359 0.949219 0.318359 0.947266 0.316406 0.945312 0.316406 0.943359 0.312500 0.939453 0.312500 0.937500 0.308594 0.933594 0.306641 0.933594 0.304688 0.931641 0.302734 0.931641 0.298828 0.927734 0.296875 0.927734 0.294922 0.925781 0.292969 0.925781 0.291016 0.923828 0.289062 0.923828 0.287109 0.921875 0.283203 0.921875 0.281250 0.919922 0.277344 0.919922 0.275391 0.917969 0.271484 0.917969 0.269531 0.916016 0.263672 0.916016 0.261719 0.914062 0.255859 0.914062 0.253906 0.912109
0 0.087891 0.921875 0.085938 0.923828 0.083984 0.923828 0.083984 0.925781 0.082031 0.927734 0.082031 0.937500 0.083984 0.939453 0.083984 0.943359 0.085938 0.945312 0.085938 0.947266 0.091797 0.953125 0.091797 0.955078 0.093750 0.957031 0.093750 0.958984 0.095703 0.960938 0.095703 0.962891 0.097656 0.964844 0.097656 0.968750 0.099609 0.970703 0.099609 0.978516 0.101562 0.980469 0.101562 0.986328 0.103516 0.988281 0.103516 0.990234 0.105469 0.992188 0.105469 0.994141 0.107422 0.996094 0.107422 0.998047 0.134766 0.998047 0.136719 0.996094 0.140625 0.996094 0.142578 0.994141 0.144531 0.994141 0.146484 0.992188 0.150391 0.992188 0.154297 0.988281 0.154297 0.986328 0.158203 0.982422 0.160156 0.982422 0.167969 0.974609 0.169922 0.974609 0.175781 0.968750 0.175781 0.966797 0.179688 0.962891 0.179688 0.958984 0.177734 0.957031 0.177734 0.953125 0.171875 0.947266 0.169922 0.947266 0.166016 0.943359 0.164062 0.943359 0.160156 0.939453 0.158203 0.939453 0.156250 0.937500 0.152344 0.937500 0.150391 0.935547 0.148438 0.935547 0.146484 0.933594 0.142578 0.933594 0.140625 0.931641 0.136719 0.931641 0.134766 0.929688 0.128906 0.929688 0.126953 0.927734 0.119141 0.927734 0.117188 0.925781 0.109375 0.925781 0.107422 0.923828 0.097656 0.923828 0.095703 0.921875
