0 0.646484 0.000000 0.654297 0.000000 0.664062 0.009766 0.666016 0.009766 0.669922 0.013672 0.671875 0.013672 0.673828 0.015625 0.677734 0.015625 0.679688 0.017578 0.695312 0.017578 0.697266 0.015625 0.699219 0.015625 0.703125 0.011719 0.705078 0.011719 0.707031 0.009766 0.708984 0.009766 0.710938 0.007812 0.716797 0.007812 0.718750 0.005859 0.722656 0.005859 0.724609 0.003906 0.728516 0.003906 0.730469 0.001953 0.732422 0.001953 0.734375 0.000000
0 0.484375 0.203125 0.482422 0.205078 0.480469 0.205078 0.478516 0.207031 0.476562 0.207031 0.472656 0.210938 0.470703 0.210938 0.464844 0.216797 0.462891 0.216797 0.460938 0.218750 0.460938 0.220703 0.458984 0.222656 0.458984 0.226562 0.462891 0.226562 0.464844 0.224609 0.482422 0.224609 0.484375 0.226562 0.488281 0.226562 0.490234 0.228516 0.498047 0.228516 0.503906 0.222656 0.503906 0.214844 0.501953 0.212891 0.501953 0.210938 0.500000 0.208984 0.500000 0.207031 0.498047 0.205078 0.496094 0.205078 0.494141 0.203125
0 0.464844 0.226562 0.462891 0.228516 0.458984 0.228516 0.457031 0.230469 0.451172 0.230469 0.451172 0.240234 0.455078 0.244141 0.455078 0.246094 0.457031 0.248047 0.457031 0.250000 0.458984 0.250000 0.462891 0.253906 0.466797 0.253906 0.468750 0.255859 0.472656 0.255859 0.474609 0.257812 0.478516 0.257812 0.480469 0.259766 0.494141 0.259766 0.496094 0.257812 0.500000 0.257812 0.505859 0.251953 0.505859 0.250000 0.507812 0.248047 0.507812 0.242188 0.505859 0.240234 0.505859 0.236328 0.501953 0.232422 0.498047 0.232422 0.496094 0.230469 0.490234 0.230469 0.488281 0.228516 0.484375 0.228516 0.482422 0.226562
0 0.628906 0.216797 0.625000 0.220703 0.621094 0.220703 0.619141 0.222656 0.611328 0.222656 0.609375 0.224609 0.605469 0.224609 0.603516 0.222656 0.593750 0.222656 0.591797 0.224609 0.589844 0.224609 0.582031 0.232422 0.582031 0.234375 0.580078 0.236328 0.580078 0.253906 0.582031 0.255859 0.582031 0.261719 0.583984 0.263672 0.583984 0.267578 0.585938 0.269531 0.585938 0.271484 0.589844 0.275391 0.589844 0.277344 0.591797 0.279297 0.591797 0.281250 0.595703 0.285156 0.597656 0.285156 0.599609 0.287109 0.613281 0.287109 0.615234 0.285156 0.617188 0.285156 0.621094 0.281250 0.623047 0.281250 0.623047 0.279297 0.626953 0.275391 0.626953 0.273438 0.632812 0.267578 0.632812 0.265625 0.634766 0.263672 0.634766 0.261719 0.638672 0.257812 0.638672 0.255859 0.640625 0.253906 0.640625 0.251953 0.642578 0.250000 0.642578 0.248047 0.644531 0.246094 0.644531 0.230469 0.642578 0.228516 0.642578 0.226562 0.638672 0.222656 0.638672 0.220703 0.634766 0.216797
0 0.244141 0.269531 0.240234 0.273438 0.240234 0.281250 0.242188 0.283203 0.242188 0.287109 0.244141 0.289062 0.244141 0.294922 0.246094 0.296875 0.246094 0.300781 0.248047 0.300781 0.255859 0.308594 0.263672 0.308594 0.267578 0.304688 0.267578 0.289062 0.265625 0.287109 0.265625 0.283203 0.261719 0.279297 0.261719 0.277344 0.257812 0.273438 0.257812 0.271484 0.255859 0.271484 0.253906 0.269531
0 0.666016 0.283203 0.664062 0.285156 0.662109 0.285156 0.660156 0.287109 0.658203 0.287109 0.656250 0.289062 0.658203 0.291016 0.658203 0.292969 0.660156 0.294922 0.662109 0.294922 0.664062 0.296875 0.707031 0.296875 0.708984 0.294922 0.726562 0.294922 0.728516 0.292969 0.730469 0.292969 0.728516 0.291016 0.726562 0.291016 0.724609 0.289062 0.718750 0.289062 0.716797 0.287109 0.710938 0.287109 0.708984 0.285156 0.693359 0.285156 0.691406 0.283203
0 0.628906 0.287109 0.625000 0.291016 0.625000 0.296875 0.623047 0.298828 0.623047 0.304688 0.619141 0.308594 0.619141 0.310547 0.617188 0.312500 0.617188 0.314453 0.615234 0.316406 0.615234 0.318359 0.611328 0.322266 0.611328 0.332031 0.613281 0.333984 0.619141 0.333984 0.630859 0.322266 0.630859 0.320312 0.634766 0.316406 0.634766 0.314453 0.636719 0.312500 0.636719 0.310547 0.638672 0.308594 0.638672 0.289062 0.634766 0.289062 0.632812 0.287109
0 0.250000 0.322266 0.248047 0.324219 0.244141 0.324219 0.240234 0.328125 0.238281 0.328125 0.236328 0.330078 0.234375 0.330078 0.230469 0.333984 0.228516 0.333984 0.228516 0.337891 0.232422 0.341797 0.253906 0.341797 0.255859 0.339844 0.259766 0.339844 0.261719 0.337891 0.263672 0.337891 0.265625 0.335938 0.265625 0.333984 0.267578 0.332031 0.267578 0.326172 0.265625 0.324219 0.263672 0.324219 0.261719 0.322266
0 0.083984 0.474609 0.082031 0.476562 0.080078 0.476562 0.076172 0.480469 0.074219 0.480469 0.074219 0.482422 0.072266 0.484375 0.070312 0.484375 0.068359 0.486328 0.062500 0.486328 0.060547 0.488281 0.054688 0.488281 0.050781 0.492188 0.048828 0.492188 0.046875 0.494141 0.046875 0.501953 0.054688 0.509766 0.062500 0.509766 0.064453 0.511719 0.068359 0.511719 0.070312 0.513672 0.082031 0.513672 0.083984 0.511719 0.087891 0.511719 0.089844 0.509766 0.089844 0.507812 0.093750 0.503906 0.093750 0.500000 0.095703 0.498047 0.095703 0.482422 0.093750 0.480469 0.093750 0.478516 0.091797 0.476562 0.091797 0.474609
0 0.335938 0.474609 0.333984 0.476562 0.332031 0.476562 0.330078 0.478516 0.328125 0.478516 0.324219 0.482422 0.324219 0.484375 0.310547 0.498047 0.310547 0.500000 0.308594 0.501953 0.308594 0.509766 0.310547 0.511719 0.310547 0.515625 0.316406 0.521484 0.330078 0.521484 0.333984 0.517578 0.335938 0.517578 0.337891 0.515625 0.337891 0.513672 0.341797 0.509766 0.341797 0.507812 0.343750 0.505859 0.343750 0.503906 0.347656 0.500000 0.347656 0.498047 0.349609 0.496094 0.349609 0.494141 0.351562 0.492188 0.351562 0.484375 0.349609 0.482422 0.349609 0.478516 0.347656 0.478516 0.343750 0.474609
0 0.880859 0.501953 0.878906 0.503906 0.875000 0.503906 0.873047 0.505859 0.871094 0.505859 0.869141 0.507812 0.867188 0.507812 0.865234 0.509766 0.865234 0.511719 0.863281 0.513672 0.863281 0.515625 0.861328 0.517578 0.861328 0.519531 0.859375 0.521484 0.859375 0.527344 0.861328 0.529297 0.861328 0.537109 0.865234 0.541016 0.865234 0.542969 0.867188 0.544922 0.867188 0.546875 0.869141 0.548828 0.869141 0.550781 0.873047 0.554688 0.873047 0.556641 0.880859 0.564453 0.880859 0.566406 0.900391 0.585938 0.902344 0.585938 0.904297 0.587891 0.908203 0.587891 0.910156 0.585938 0.914062 0.585938 0.916016 0.583984 0.917969 0.583984 0.925781 0.576172 0.925781 0.554688 0.923828 0.552734 0.923828 0.546875 0.921875 0.544922 0.921875 0.539062 0.919922 0.537109 0.919922 0.533203 0.917969 0.531250 0.917969 0.525391 0.914062 0.521484 0.914062 0.519531 0.912109 0.517578 0.912109 0.515625 0.902344 0.505859 0.900391 0.505859 0.898438 0.503906 0.896484 0.503906 0.894531 0.501953
0 0.396484 0.541016 0.396484 0.542969 0.392578 0.546875 0.392578 0.548828 0.390625 0.550781 0.390625 0.554688 0.388672 0.556641 0.388672 0.558594 0.386719 0.560547 0.386719 0.568359 0.388672 0.570312 0.388672 0.572266 0.394531 0.578125 0.394531 0.580078 0.396484 0.580078 0.400391 0.583984 0.404297 0.583984 0.406250 0.582031 0.406250 0.580078 0.408203 0.578125 0.408203 0.574219 0.410156 0.572266 0.410156 0.566406 0.419922 0.556641 0.419922 0.546875 0.417969 0.544922 0.414062 0.544922 0.412109 0.542969 0.410156 0.542969 0.408203 0.541016
0 0.683594 0.576172 0.681641 0.578125 0.679688 0.578125 0.677734 0.580078 0.677734 0.583984 0.675781 0.585938 0.675781 0.611328 0.677734 0.613281 0.687500 0.613281 0.689453 0.615234 0.693359 0.615234 0.695312 0.617188 0.697266 0.615234 0.701172 0.615234 0.705078 0.611328 0.707031 0.611328 0.710938 0.607422 0.712891 0.607422 0.712891 0.605469 0.714844 0.603516 0.714844 0.593750 0.712891 0.591797 0.712891 0.589844 0.703125 0.580078 0.701172 0.580078 0.699219 0.578125 0.697266 0.578125 0.695312 0.576172
0 0.947266 0.576172 0.945312 0.578125 0.943359 0.578125 0.941406 0.580078 0.941406 0.582031 0.939453 0.583984 0.939453 0.585938 0.935547 0.589844 0.935547 0.591797 0.933594 0.593750 0.933594 0.599609 0.931641 0.601562 0.931641 0.617188 0.933594 0.619141 0.933594 0.623047 0.943359 0.632812 0.945312 0.632812 0.947266 0.634766 0.953125 0.634766 0.962891 0.625000 0.962891 0.623047 0.964844 0.621094 0.964844 0.605469 0.962891 0.603516 0.962891 0.591797 0.960938 0.589844 0.960938 0.587891 0.958984 0.585938 0.958984 0.583984 0.957031 0.582031 0.957031 0.580078 0.953125 0.576172
0 0.673828 0.615234 0.671875 0.617188 0.667969 0.617188 0.666016 0.619141 0.664062 0.619141 0.662109 0.621094 0.660156 0.621094 0.660156 0.623047 0.656250 0.626953 0.656250 0.636719 0.658203 0.638672 0.658203 0.640625 0.662109 0.640625 0.664062 0.642578 0.671875 0.642578 0.673828 0.644531 0.681641 0.644531 0.683594 0.646484 0.697266 0.646484 0.699219 0.644531 0.703125 0.644531 0.705078 0.642578 0.707031 0.642578 0.708984 0.640625 0.708984 0.626953 0.707031 0.625000 0.707031 0.623047 0.705078 0.623047 0.703125 0.621094 0.701172 0.621094 0.699219 0.619141 0.695312 0.619141 0.693359 0.617188 0.689453 0.617188 0.687500 0.615234
0 0.964844 0.625000 0.955078 0.634766 0.955078 0.648438 0.957031 0.650391 0.957031 0.654297 0.962891 0.660156 0.966797 0.660156 0.966797 0.658203 0.968750 0.656250 0.970703 0.656250 0.972656 0.654297 0.974609 0.654297 0.974609 0.652344 0.976562 0.650391 0.976562 0.646484 0.978516 0.644531 0.978516 0.634766 0.976562 0.632812 0.976562 0.626953 0.974609 0.625000
0 0.980469 0.652344 0.978516 0.654297 0.976562 0.654297 0.974609 0.656250 0.972656 0.656250 0.970703 0.658203 0.968750 0.658203 0.968750 0.664062 0.970703 0.666016 0.970703 0.669922 0.974609 0.673828 0.974609 0.675781 0.976562 0.677734 0.978516 0.677734 0.980469 0.679688 0.998047 0.679688 0.998047 0.667969 0.982422 0.652344
0 0.800781 0.656250 0.798828 0.658203 0.796875 0.658203 0.794922 0.660156 0.792969 0.660156 0.791016 0.662109 0.789062 0.662109 0.785156 0.666016 0.783203 0.666016 0.783203 0.667969 0.777344 0.673828 0.777344 0.683594 0.779297 0.685547 0.779297 0.693359 0.781250 0.695312 0.781250 0.699219 0.783203 0.701172 0.783203 0.703125 0.785156 0.705078 0.785156 0.707031 0.787109 0.708984 0.787109 0.710938 0.789062 0.712891 0.789062 0.714844 0.791016 0.714844 0.794922 0.718750 0.798828 0.718750 0.800781 0.716797 0.804688 0.716797 0.806641 0.714844 0.808594 0.714844 0.812500 0.710938 0.814453 0.710938 0.818359 0.707031 0.820312 0.707031 0.824219 0.703125 0.826172 0.703125 0.830078 0.699219 0.832031 0.699219 0.833984 0.697266 0.833984 0.695312 0.835938 0.693359 0.835938 0.677734 0.824219 0.666016 0.822266 0.666016 0.814453 0.658203 0.812500 0.658203 0.810547 0.656250
0 0.904297 0.759766 0.902344 0.761719 0.902344 0.763672 0.896484 0.769531 0.896484 0.771484 0.894531 0.773438 0.894531 0.789062 0.898438 0.792969 0.900391 0.792969 0.904297 0.796875 0.953125 0.796875 0.955078 0.794922 0.955078 0.787109 0.929688 0.761719 0.927734 0.761719 0.925781 0.759766
0 0.226562 0.816406 0.224609 0.818359 0.222656 0.818359 0.220703 0.820312 0.218750 0.820312 0.212891 0.826172 0.212891 0.830078 0.210938 0.832031 0.210938 0.833984 0.208984 0.835938 0.208984 0.851562 0.210938 0.853516 0.218750 0.853516 0.220703 0.851562 0.224609 0.851562 0.226562 0.849609 0.232422 0.849609 0.236328 0.845703 0.238281 0.845703 0.240234 0.843750 0.242188 0.843750 0.248047 0.837891 0.248047 0.828125 0.240234 0.820312 0.236328 0.820312 0.234375 0.818359 0.230469 0.818359 0.228516 0.816406
0 0.029297 0.833984 0.029297 0.835938 0.025391 0.839844 0.025391 0.853516 0.039062 0.867188 0.041016 0.867188 0.042969 0.869141 0.046875 0.869141 0.050781 0.873047 0.056641 0.873047 0.048828 0.865234 0.048828 0.863281 0.046875 0.861328 0.046875 0.857422 0.044922 0.855469 0.044922 0.851562 0.050781 0.845703 0.050781 0.843750 0.046875 0.839844 0.044922 0.839844 0.042969 0.837891 0.041016 0.837891 0.037109 0.833984
0 0.058594 0.839844 0.046875 0.851562 0.046875 0.855469 0.048828 0.857422 0.048828 0.861328 0.050781 0.863281 0.050781 0.865234 0.070312 0.884766 0.072266 0.884766 0.076172 0.888672 0.078125 0.888672 0.080078 0.890625 0.082031 0.890625 0.083984 0.892578 0.095703 0.892578 0.095703 0.886719 0.093750 0.884766 0.093750 0.878906 0.089844 0.875000 0.089844 0.873047 0.087891 0.871094 0.087891 0.867188 0.085938 0.865234 0.085938 0.863281 0.083984 0.861328 0.083984 0.859375 0.082031 0.857422 0.082031 0.855469 0.076172 0.849609 0.076172 0.847656 0.070312 0.841797 0.068359 0.841797 0.066406 0.839844
0 0.228516 0.853516 0.226562 0.855469 0.226562 0.873047 0.234375 0.880859 0.236328 0.880859 0.238281 0.882812 0.242188 0.882812 0.244141 0.884766 0.248047 0.884766 0.250000 0.886719 0.251953 0.886719 0.253906 0.888672 0.255859 0.888672 0.257812 0.890625 0.267578 0.890625 0.273438 0.884766 0.273438 0.875000 0.271484 0.875000 0.269531 0.873047 0.265625 0.873047 0.263672 0.871094 0.261719 0.871094 0.259766 0.869141 0.257812 0.869141 0.255859 0.867188 0.253906 0.867188 0.250000 0.863281 0.248047 0.863281 0.238281 0.853516
0 0.339844 0.880859 0.337891 0.882812 0.330078 0.882812 0.326172 0.886719 0.324219 0.886719 0.322266 0.888672 0.320312 0.888672 0.318359 0.890625 0.316406 0.890625 0.306641 0.900391 0.304688 0.900391 0.302734 0.902344 0.302734 0.908203 0.304688 0.910156 0.306641 0.910156 0.308594 0.912109 0.314453 0.912109 0.316406 0.914062 0.332031 0.914062 0.333984 0.912109 0.337891 0.912109 0.339844 0.910156 0.345703 0.910156 0.353516 0.902344 0.353516 0.888672 0.351562 0.886719 0.351562 0.884766 0.347656 0.880859
0 0.611328 0.886719 0.607422 0.890625 0.609375 0.892578 0.609375 0.894531 0.613281 0.898438 0.613281 0.900391 0.615234 0.902344 0.615234 0.904297 0.617188 0.902344 0.617188 0.894531 0.619141 0.892578 0.617188 0.890625 0.615234 0.890625
0 0.642578 0.865234 0.640625 0.867188 0.636719 0.867188 0.632812 0.871094 0.630859 0.871094 0.630859 0.873047 0.626953 0.876953 0.626953 0.878906 0.623047 0.882812 0.623047 0.886719 0.621094 0.888672 0.621094 0.892578 0.619141 0.894531 0.619141 0.902344 0.617188 0.904297 0.617188 0.916016 0.619141 0.917969 0.619141 0.923828 0.621094 0.925781 0.621094 0.927734 0.628906 0.935547 0.646484 0.935547 0.646484 0.933594 0.644531 0.931641 0.644531 0.923828 0.646484 0.921875 0.648438 0.921875 0.650391 0.919922 0.652344 0.919922 0.656250 0.916016 0.658203 0.916016 0.660156 0.914062 0.660156 0.902344 0.658203 0.900391 0.658203 0.892578 0.656250 0.890625 0.656250 0.888672 0.654297 0.886719 0.654297 0.882812 0.652344 0.880859 0.652344 0.878906 0.648438 0.875000 0.648438 0.873047 0.644531 0.869141 0.644531 0.867188
0 0.994141 0.888672 0.992188 0.890625 0.990234 0.890625 0.988281 0.892578 0.988281 0.894531 0.984375 0.898438 0.984375 0.910156 0.990234 0.916016 0.992188 0.916016 0.994141 0.917969 0.998047 0.917969 0.998047 0.892578 0.996094 0.890625 0.996094 0.888672
0 0.798828 0.888672 0.796875 0.890625 0.792969 0.890625 0.787109 0.896484 0.785156 0.896484 0.775391 0.906250 0.775391 0.908203 0.773438 0.910156 0.773438 0.912109 0.771484 0.914062 0.771484 0.919922 0.773438 0.921875 0.773438 0.923828 0.775391 0.925781 0.779297 0.925781 0.781250 0.927734 0.785156 0.927734 0.792969 0.919922 0.794922 0.919922 0.796875 0.917969 0.798828 0.917969 0.802734 0.914062 0.804688 0.914062 0.806641 0.912109 0.808594 0.912109 0.810547 0.910156 0.820312 0.910156 0.822266 0.908203 0.822266 0.902344 0.820312 0.900391 0.820312 0.898438 0.818359 0.896484 0.818359 0.894531 0.812500 0.888672
0 0.810547 0.912109 0.808594 0.914062 0.806641 0.914062 0.804688 0.916016 0.802734 0.916016 0.798828 0.919922 0.796875 0.919922 0.794922 0.921875 0.792969 0.921875 0.785156 0.929688 0.785156 0.935547 0.787109 0.937500 0.787109 0.941406 0.791016 0.945312 0.792969 0.945312 0.794922 0.947266 0.814453 0.947266 0.814453 0.945312 0.816406 0.943359 0.816406 0.941406 0.818359 0.939453 0.818359 0.937500 0.822266 0.933594 0.822266 0.931641 0.826172 0.927734 0.828125 0.927734 0.828125 0.916016 0.826172 0.914062 0.824219 0.914062 0.822266 0.912109
0 0.664062 0.914062 0.662109 0.916016 0.660156 0.916016 0.658203 0.917969 0.656250 0.917969 0.652344 0.921875 0.650391 0.921875 0.648438 0.923828 0.646484 0.923828 0.646484 0.931641 0.648438 0.933594 0.648438 0.935547 0.656250 0.943359 0.658203 0.943359 0.662109 0.947266 0.664062 0.947266 0.666016 0.949219 0.667969 0.949219 0.669922 0.951172 0.673828 0.951172 0.675781 0.953125 0.685547 0.953125 0.687500 0.951172 0.693359 0.951172 0.695312 0.949219 0.699219 0.949219 0.701172 0.947266 0.705078 0.947266 0.710938 0.941406 0.710938 0.937500 0.708984 0.935547 0.708984 0.933594 0.707031 0.931641 0.705078 0.931641 0.699219 0.925781 0.697266 0.925781 0.693359 0.921875 0.689453 0.921875 0.687500 0.919922 0.683594 0.919922 0.681641 0.917969 0.677734 0.917969 0.675781 0.916016 0.669922 0.916016 0.667969 0.914062
0 0.830078 0.927734 0.828125 0.929688 0.826172 0.929688 0.824219 0.931641 0.824219 0.933594 0.820312 0.937500 0.820312 0.939453 0.818359 0.941406 0.818359 0.943359 0.816406 0.945312 0.816406 0.947266 0.814453 0.949219 0.814453 0.968750 0.816406 0.970703 0.816406 0.972656 0.820312 0.972656 0.822266 0.974609 0.837891 0.974609 0.841797 0.970703 0.841797 0.947266 0.839844 0.945312 0.839844 0.939453 0.837891 0.937500 0.837891 0.933594 0.835938 0.931641 0.835938 0.929688 0.833984 0.927734
0 0.455078 0.943359 0.453125 0.945312 0.449219 0.945312 0.447266 0.947266 0.447266 0.949219 0.451172 0.953125 0.453125 0.953125 0.457031 0.957031 0.457031 0.958984 0.458984 0.960938 0.458984 0.962891 0.460938 0.964844 0.460938 0.966797 0.462891 0.966797 0.464844 0.964844 0.466797 0.964844 0.468750 0.962891 0.468750 0.955078 0.466797 0.953125 0.466797 0.951172 0.464844 0.949219 0.464844 0.947266 0.462891 0.945312 0.458984 0.945312 0.457031 0.943359
0 0.417969 0.937500 0.408203 0.947266 0.408203 0.957031 0.410156 0.958984 0.410156 0.960938 0.412109 0.962891 0.412109 0.964844 0.419922 0.972656 0.421875 0.972656 0.423828 0.974609 0.425781 0.974609 0.427734 0.976562 0.449219 0.976562 0.451172 0.974609 0.455078 0.974609 0.458984 0.970703 0.458984 0.964844 0.457031 0.962891 0.457031 0.960938 0.455078 0.958984 0.455078 0.957031 0.453125 0.955078 0.451172 0.955078 0.447266 0.951172 0.445312 0.951172 0.443359 0.949219 0.441406 0.949219 0.437500 0.945312 0.435547 0.945312 0.431641 0.941406 0.429688 0.941406 0.427734 0.939453 0.425781 0.939453 0.423828 0.937500
