0 0.244141 0.000000 0.246094 0.001953 0.246094 0.003906 0.253906 0.011719 0.253906 0.013672 0.255859 0.013672 0.261719 0.019531 0.263672 0.019531 0.265625 0.021484 0.271484 0.021484 0.273438 0.019531 0.275391 0.019531 0.283203 0.011719 0.283203 0.009766 0.285156 0.007812 0.285156 0.001953 0.287109 0.000000
0 0.519531 0.000000 0.519531 0.001953 0.517578 0.003906 0.517578 0.013672 0.521484 0.017578 0.521484 0.019531 0.523438 0.019531 0.527344 0.023438 0.529297 0.023438 0.533203 0.027344 0.558594 0.027344 0.566406 0.019531 0.566406 0.017578 0.568359 0.015625 0.570312 0.015625 0.570312 0.013672 0.572266 0.011719 0.572266 0.009766 0.574219 0.007812 0.574219 0.005859 0.578125 0.001953 0.576172 0.000000
0 0.289062 0.000000 0.287109 0.001953 0.287109 0.005859 0.289062 0.007812 0.289062 0.009766 0.291016 0.011719 0.291016 0.013672 0.296875 0.019531 0.298828 0.019531 0.302734 0.023438 0.304688 0.023438 0.308594 0.027344 0.312500 0.027344 0.314453 0.029297 0.339844 0.029297 0.341797 0.027344 0.341797 0.021484 0.343750 0.019531 0.343750 0.000000
0 0.433594 0.000000 0.433594 0.003906 0.435547 0.005859 0.435547 0.007812 0.441406 0.013672 0.441406 0.015625 0.443359 0.017578 0.443359 0.019531 0.445312 0.021484 0.445312 0.023438 0.447266 0.025391 0.447266 0.027344 0.449219 0.027344 0.453125 0.031250 0.457031 0.031250 0.458984 0.033203 0.460938 0.033203 0.462891 0.035156 0.480469 0.035156 0.482422 0.033203 0.484375 0.033203 0.486328 0.031250 0.492188 0.031250 0.496094 0.027344 0.498047 0.027344 0.501953 0.023438 0.503906 0.023438 0.511719 0.015625 0.511719 0.013672 0.515625 0.009766 0.515625 0.003906 0.517578 0.001953 0.517578 0.000000
0 0.738281 0.000000 0.738281 0.003906 0.740234 0.005859 0.740234 0.007812 0.744141 0.011719 0.744141 0.013672 0.748047 0.017578 0.748047 0.019531 0.750000 0.019531 0.751953 0.021484 0.751953 0.023438 0.755859 0.027344 0.757812 0.027344 0.759766 0.029297 0.759766 0.031250 0.761719 0.031250 0.763672 0.033203 0.765625 0.033203 0.767578 0.035156 0.769531 0.035156 0.773438 0.039062 0.804688 0.039062 0.806641 0.037109 0.808594 0.037109 0.810547 0.035156 0.812500 0.035156 0.824219 0.023438 0.824219 0.021484 0.826172 0.019531 0.828125 0.019531 0.828125 0.013672 0.830078 0.011719 0.830078 0.009766 0.832031 0.007812 0.832031 0.001953 0.830078 0.000000
0 0.080078 0.056641 0.076172 0.060547 0.074219 0.060547 0.072266 0.062500 0.072266 0.070312 0.076172 0.074219 0.080078 0.074219 0.082031 0.072266 0.087891 0.072266 0.089844 0.074219 0.093750 0.074219 0.095703 0.072266 0.095703 0.070312 0.097656 0.068359 0.097656 0.058594 0.095703 0.056641
0 0.259766 0.052734 0.253906 0.058594 0.253906 0.064453 0.251953 0.066406 0.251953 0.078125 0.253906 0.080078 0.253906 0.082031 0.261719 0.089844 0.265625 0.089844 0.267578 0.091797 0.267578 0.093750 0.273438 0.093750 0.275391 0.095703 0.294922 0.095703 0.296875 0.093750 0.298828 0.093750 0.304688 0.087891 0.304688 0.064453 0.302734 0.064453 0.300781 0.062500 0.300781 0.060547 0.298828 0.060547 0.296875 0.058594 0.294922 0.058594 0.291016 0.054688 0.285156 0.054688 0.283203 0.052734
0 0.802734 0.050781 0.800781 0.052734 0.787109 0.052734 0.785156 0.054688 0.783203 0.054688 0.781250 0.056641 0.779297 0.056641 0.777344 0.058594 0.775391 0.058594 0.771484 0.062500 0.769531 0.062500 0.769531 0.080078 0.771484 0.082031 0.771484 0.085938 0.773438 0.087891 0.773438 0.089844 0.775391 0.091797 0.775391 0.093750 0.779297 0.097656 0.781250 0.097656 0.785156 0.101562 0.789062 0.101562 0.791016 0.103516 0.812500 0.103516 0.814453 0.101562 0.818359 0.101562 0.822266 0.097656 0.824219 0.097656 0.824219 0.095703 0.826172 0.093750 0.828125 0.093750 0.828125 0.074219 0.826172 0.072266 0.826172 0.068359 0.824219 0.066406 0.824219 0.064453 0.822266 0.062500 0.822266 0.060547 0.820312 0.058594 0.820312 0.056641 0.818359 0.056641 0.816406 0.054688 0.816406 0.052734 0.814453 0.052734 0.812500 0.050781
0 0.898438 0.042969 0.896484 0.044922 0.894531 0.044922 0.892578 0.046875 0.890625 0.046875 0.871094 0.066406 0.871094 0.068359 0.869141 0.070312 0.869141 0.083984 0.871094 0.085938 0.871094 0.089844 0.873047 0.091797 0.873047 0.097656 0.875000 0.099609 0.875000 0.101562 0.876953 0.103516 0.876953 0.105469 0.878906 0.105469 0.880859 0.107422 0.880859 0.109375 0.884766 0.113281 0.886719 0.113281 0.888672 0.115234 0.890625 0.115234 0.892578 0.117188 0.921875 0.117188 0.931641 0.107422 0.933594 0.107422 0.933594 0.103516 0.935547 0.101562 0.937500 0.101562 0.937500 0.097656 0.941406 0.093750 0.941406 0.089844 0.943359 0.087891 0.943359 0.080078 0.941406 0.078125 0.941406 0.064453 0.939453 0.062500 0.939453 0.060547 0.937500 0.058594 0.937500 0.054688 0.931641 0.048828 0.929688 0.048828 0.925781 0.044922 0.919922 0.044922 0.917969 0.042969
0 0.000000 0.025391 0.000000 0.138672 0.007812 0.138672 0.009766 0.136719 0.013672 0.136719 0.017578 0.132812 0.017578 0.130859 0.019531 0.128906 0.019531 0.095703 0.021484 0.093750 0.021484 0.091797 0.023438 0.089844 0.023438 0.076172 0.025391 0.074219 0.025391 0.068359 0.027344 0.066406 0.027344 0.037109 0.025391 0.037109 0.023438 0.035156 0.023438 0.033203 0.019531 0.029297 0.017578 0.029297 0.013672 0.025391
0 0.353516 0.052734 0.351562 0.054688 0.349609 0.054688 0.341797 0.062500 0.341797 0.064453 0.339844 0.066406 0.339844 0.082031 0.341797 0.083984 0.341797 0.089844 0.343750 0.091797 0.343750 0.093750 0.353516 0.103516 0.355469 0.103516 0.357422 0.105469 0.359375 0.105469 0.359375 0.103516 0.357422 0.101562 0.357422 0.097656 0.369141 0.085938 0.375000 0.085938 0.376953 0.083984 0.378906 0.083984 0.380859 0.082031 0.390625 0.082031 0.388672 0.080078 0.388672 0.074219 0.386719 0.072266 0.386719 0.066406 0.382812 0.062500 0.382812 0.060547 0.380859 0.060547 0.376953 0.056641 0.373047 0.056641 0.371094 0.054688 0.369141 0.054688 0.367188 0.052734
0 0.134766 0.076172 0.130859 0.080078 0.130859 0.082031 0.128906 0.083984 0.126953 0.083984 0.126953 0.087891 0.125000 0.089844 0.125000 0.109375 0.126953 0.111328 0.126953 0.115234 0.130859 0.119141 0.130859 0.121094 0.142578 0.121094 0.146484 0.117188 0.148438 0.117188 0.148438 0.115234 0.150391 0.113281 0.152344 0.113281 0.152344 0.111328 0.154297 0.109375 0.156250 0.109375 0.156250 0.107422 0.158203 0.105469 0.158203 0.089844 0.156250 0.087891 0.156250 0.083984 0.148438 0.076172
0 0.082031 0.074219 0.080078 0.076172 0.078125 0.076172 0.076172 0.078125 0.076172 0.082031 0.072266 0.085938 0.072266 0.087891 0.070312 0.089844 0.070312 0.091797 0.068359 0.093750 0.068359 0.095703 0.066406 0.097656 0.066406 0.101562 0.068359 0.103516 0.068359 0.117188 0.070312 0.119141 0.070312 0.126953 0.076172 0.132812 0.078125 0.132812 0.080078 0.134766 0.085938 0.134766 0.087891 0.136719 0.093750 0.136719 0.095703 0.138672 0.103516 0.138672 0.105469 0.136719 0.109375 0.136719 0.109375 0.134766 0.113281 0.130859 0.113281 0.123047 0.111328 0.121094 0.111328 0.117188 0.109375 0.115234 0.109375 0.111328 0.107422 0.109375 0.107422 0.105469 0.105469 0.103516 0.105469 0.099609 0.101562 0.095703 0.101562 0.089844 0.097656 0.085938 0.097656 0.083984 0.093750 0.080078 0.093750 0.078125 0.091797 0.076172 0.089844 0.076172 0.087891 0.074219
0 0.380859 0.083984 0.378906 0.085938 0.376953 0.085938 0.375000 0.087891 0.369141 0.087891 0.359375 0.097656 0.359375 0.101562 0.361328 0.103516 0.361328 0.109375 0.367188 0.115234 0.367188 0.117188 0.371094 0.121094 0.373047 0.121094 0.376953 0.125000 0.380859 0.125000 0.384766 0.128906 0.412109 0.128906 0.416016 0.125000 0.417969 0.125000 0.419922 0.123047 0.421875 0.123047 0.423828 0.121094 0.423828 0.119141 0.425781 0.117188 0.425781 0.095703 0.423828 0.095703 0.421875 0.093750 0.421875 0.091797 0.419922 0.091797 0.417969 0.089844 0.416016 0.089844 0.412109 0.085938 0.410156 0.085938 0.408203 0.083984
0 0.046875 0.074219 0.044922 0.076172 0.042969 0.076172 0.037109 0.082031 0.037109 0.083984 0.033203 0.087891 0.033203 0.113281 0.035156 0.115234 0.035156 0.119141 0.037109 0.121094 0.037109 0.123047 0.041016 0.126953 0.041016 0.128906 0.046875 0.134766 0.048828 0.134766 0.054688 0.140625 0.054688 0.142578 0.056641 0.144531 0.058594 0.144531 0.062500 0.148438 0.064453 0.148438 0.068359 0.152344 0.070312 0.152344 0.072266 0.150391 0.072266 0.142578 0.070312 0.140625 0.070312 0.134766 0.068359 0.132812 0.068359 0.119141 0.066406 0.117188 0.066406 0.103516 0.064453 0.101562 0.064453 0.093750 0.062500 0.091797 0.062500 0.087891 0.060547 0.085938 0.060547 0.083984 0.052734 0.076172 0.050781 0.076172 0.048828 0.074219
0 0.960938 0.093750 0.958984 0.095703 0.958984 0.113281 0.957031 0.115234 0.957031 0.121094 0.955078 0.123047 0.955078 0.128906 0.953125 0.130859 0.953125 0.132812 0.955078 0.132812 0.964844 0.142578 0.964844 0.144531 0.966797 0.146484 0.966797 0.148438 0.974609 0.140625 0.974609 0.138672 0.976562 0.136719 0.976562 0.134766 0.978516 0.132812 0.978516 0.128906 0.980469 0.126953 0.980469 0.115234 0.978516 0.113281 0.978516 0.107422 0.976562 0.105469 0.976562 0.103516 0.972656 0.099609 0.972656 0.097656 0.968750 0.093750
0 0.470703 0.087891 0.468750 0.089844 0.466797 0.089844 0.464844 0.091797 0.462891 0.091797 0.451172 0.103516 0.451172 0.105469 0.449219 0.107422 0.447266 0.107422 0.447266 0.111328 0.443359 0.115234 0.443359 0.119141 0.441406 0.121094 0.441406 0.144531 0.443359 0.146484 0.443359 0.158203 0.447266 0.162109 0.447266 0.164062 0.449219 0.164062 0.453125 0.167969 0.470703 0.167969 0.474609 0.164062 0.480469 0.164062 0.492188 0.152344 0.492188 0.150391 0.496094 0.146484 0.496094 0.144531 0.500000 0.140625 0.500000 0.138672 0.503906 0.134766 0.503906 0.130859 0.507812 0.126953 0.507812 0.105469 0.503906 0.101562 0.503906 0.099609 0.501953 0.099609 0.500000 0.097656 0.500000 0.095703 0.496094 0.095703 0.492188 0.091797 0.490234 0.091797 0.486328 0.087891
0 0.248047 0.105469 0.246094 0.107422 0.242188 0.107422 0.238281 0.111328 0.234375 0.111328 0.234375 0.117188 0.232422 0.119141 0.232422 0.125000 0.230469 0.126953 0.230469 0.134766 0.232422 0.134766 0.236328 0.138672 0.236328 0.140625 0.240234 0.144531 0.240234 0.150391 0.242188 0.152344 0.242188 0.154297 0.244141 0.156250 0.246094 0.156250 0.248047 0.158203 0.250000 0.158203 0.251953 0.160156 0.277344 0.160156 0.283203 0.154297 0.285156 0.154297 0.285156 0.140625 0.281250 0.136719 0.281250 0.134766 0.279297 0.132812 0.279297 0.130859 0.277344 0.128906 0.277344 0.126953 0.275391 0.126953 0.273438 0.125000 0.273438 0.121094 0.269531 0.117188 0.269531 0.115234 0.267578 0.115234 0.265625 0.113281 0.265625 0.111328 0.263672 0.111328 0.261719 0.109375 0.261719 0.107422 0.257812 0.107422 0.255859 0.105469
0 0.808594 0.115234 0.806641 0.117188 0.804688 0.117188 0.802734 0.119141 0.798828 0.119141 0.794922 0.123047 0.792969 0.123047 0.791016 0.125000 0.789062 0.125000 0.789062 0.126953 0.785156 0.130859 0.785156 0.132812 0.783203 0.134766 0.783203 0.136719 0.781250 0.138672 0.781250 0.140625 0.779297 0.142578 0.779297 0.144531 0.777344 0.146484 0.777344 0.152344 0.779297 0.154297 0.779297 0.160156 0.781250 0.160156 0.789062 0.167969 0.796875 0.167969 0.798828 0.169922 0.820312 0.169922 0.822266 0.167969 0.824219 0.167969 0.830078 0.162109 0.830078 0.160156 0.832031 0.158203 0.832031 0.128906 0.830078 0.126953 0.830078 0.125000 0.828125 0.123047 0.828125 0.121094 0.822266 0.115234
0 0.593750 0.105469 0.591797 0.107422 0.587891 0.107422 0.582031 0.113281 0.582031 0.115234 0.580078 0.117188 0.580078 0.119141 0.578125 0.121094 0.578125 0.132812 0.580078 0.134766 0.580078 0.140625 0.582031 0.142578 0.582031 0.146484 0.583984 0.148438 0.583984 0.150391 0.589844 0.156250 0.589844 0.158203 0.593750 0.162109 0.593750 0.164062 0.595703 0.164062 0.607422 0.175781 0.607422 0.177734 0.617188 0.187500 0.619141 0.187500 0.638672 0.207031 0.640625 0.207031 0.644531 0.210938 0.646484 0.210938 0.648438 0.212891 0.650391 0.212891 0.654297 0.216797 0.667969 0.216797 0.669922 0.214844 0.671875 0.214844 0.673828 0.212891 0.675781 0.212891 0.677734 0.210938 0.679688 0.210938 0.683594 0.207031 0.683594 0.205078 0.687500 0.201172 0.687500 0.199219 0.689453 0.197266 0.689453 0.191406 0.691406 0.189453 0.691406 0.175781 0.689453 0.173828 0.689453 0.167969 0.687500 0.166016 0.687500 0.164062 0.683594 0.160156 0.683594 0.158203 0.673828 0.148438 0.671875 0.148438 0.666016 0.142578 0.664062 0.142578 0.660156 0.138672 0.658203 0.138672 0.650391 0.130859 0.648438 0.130859 0.644531 0.126953 0.642578 0.126953 0.638672 0.123047 0.636719 0.123047 0.625000 0.111328 0.623047 0.111328 0.621094 0.109375 0.619141 0.109375 0.617188 0.107422 0.615234 0.107422 0.613281 0.105469
0 0.935547 0.126953 0.933594 0.128906 0.931641 0.128906 0.931641 0.130859 0.929688 0.132812 0.929688 0.148438 0.931641 0.150391 0.931641 0.156250 0.933594 0.158203 0.933594 0.164062 0.935547 0.166016 0.935547 0.169922 0.937500 0.171875 0.937500 0.183594 0.939453 0.185547 0.939453 0.187500 0.943359 0.191406 0.943359 0.193359 0.945312 0.195312 0.947266 0.195312 0.949219 0.197266 0.951172 0.197266 0.953125 0.199219 0.958984 0.199219 0.962891 0.195312 0.962891 0.193359 0.966797 0.189453 0.966797 0.185547 0.968750 0.183594 0.968750 0.179688 0.970703 0.177734 0.970703 0.160156 0.968750 0.158203 0.968750 0.156250 0.966797 0.154297 0.966797 0.152344 0.964844 0.150391 0.964844 0.146484 0.962891 0.144531 0.962891 0.142578 0.955078 0.134766 0.953125 0.134766 0.947266 0.128906 0.945312 0.128906 0.943359 0.126953
0 0.210938 0.132812 0.208984 0.134766 0.207031 0.134766 0.201172 0.140625 0.199219 0.140625 0.197266 0.142578 0.197266 0.144531 0.193359 0.148438 0.193359 0.150391 0.191406 0.152344 0.191406 0.154297 0.187500 0.158203 0.187500 0.160156 0.185547 0.162109 0.185547 0.164062 0.183594 0.166016 0.183594 0.169922 0.181641 0.171875 0.181641 0.185547 0.183594 0.187500 0.183594 0.191406 0.185547 0.193359 0.185547 0.195312 0.187500 0.197266 0.187500 0.199219 0.193359 0.205078 0.195312 0.205078 0.197266 0.207031 0.207031 0.207031 0.208984 0.208984 0.210938 0.207031 0.214844 0.207031 0.220703 0.201172 0.220703 0.199219 0.224609 0.195312 0.224609 0.193359 0.226562 0.191406 0.226562 0.187500 0.228516 0.185547 0.228516 0.183594 0.230469 0.181641 0.230469 0.179688 0.232422 0.177734 0.232422 0.175781 0.234375 0.173828 0.234375 0.171875 0.236328 0.169922 0.236328 0.167969 0.238281 0.166016 0.238281 0.162109 0.240234 0.160156 0.240234 0.152344 0.238281 0.150391 0.238281 0.144531 0.234375 0.140625 0.234375 0.138672 0.232422 0.136719 0.230469 0.136719 0.228516 0.134766 0.226562 0.134766 0.224609 0.132812
0 0.126953 0.150391 0.125000 0.152344 0.123047 0.152344 0.121094 0.154297 0.117188 0.154297 0.113281 0.158203 0.111328 0.158203 0.111328 0.160156 0.109375 0.162109 0.107422 0.162109 0.107422 0.167969 0.105469 0.169922 0.105469 0.177734 0.107422 0.179688 0.107422 0.187500 0.109375 0.187500 0.111328 0.189453 0.111328 0.191406 0.113281 0.191406 0.115234 0.193359 0.128906 0.193359 0.130859 0.191406 0.142578 0.191406 0.144531 0.189453 0.156250 0.189453 0.158203 0.187500 0.166016 0.187500 0.169922 0.183594 0.169922 0.167969 0.167969 0.166016 0.167969 0.164062 0.164062 0.160156 0.164062 0.158203 0.160156 0.154297 0.158203 0.154297 0.156250 0.152344 0.154297 0.152344 0.152344 0.150391
0 0.001953 0.156250 0.000000 0.158203 0.000000 0.205078 0.001953 0.205078 0.003906 0.207031 0.023438 0.207031 0.025391 0.205078 0.025391 0.203125 0.023438 0.201172 0.023438 0.197266 0.021484 0.195312 0.021484 0.187500 0.023438 0.185547 0.023438 0.179688 0.025391 0.177734 0.025391 0.175781 0.029297 0.171875 0.029297 0.169922 0.027344 0.167969 0.027344 0.166016 0.021484 0.160156 0.019531 0.160156 0.017578 0.158203 0.015625 0.158203 0.013672 0.156250
0 0.876953 0.164062 0.875000 0.166016 0.863281 0.166016 0.861328 0.167969 0.855469 0.167969 0.853516 0.169922 0.847656 0.169922 0.845703 0.171875 0.843750 0.171875 0.841797 0.173828 0.839844 0.173828 0.837891 0.175781 0.835938 0.175781 0.833984 0.177734 0.830078 0.177734 0.828125 0.179688 0.826172 0.179688 0.824219 0.181641 0.822266 0.181641 0.822266 0.183594 0.820312 0.185547 0.820312 0.195312 0.822266 0.197266 0.822266 0.201172 0.826172 0.205078 0.828125 0.205078 0.832031 0.208984 0.833984 0.208984 0.835938 0.210938 0.839844 0.210938 0.841797 0.212891 0.843750 0.212891 0.845703 0.214844 0.851562 0.214844 0.853516 0.216797 0.855469 0.216797 0.857422 0.218750 0.869141 0.218750 0.871094 0.220703 0.886719 0.220703 0.888672 0.218750 0.890625 0.218750 0.894531 0.214844 0.894531 0.210938 0.896484 0.208984 0.896484 0.175781 0.894531 0.173828 0.894531 0.169922 0.888672 0.164062
0 0.039062 0.167969 0.037109 0.169922 0.031250 0.169922 0.031250 0.171875 0.027344 0.175781 0.027344 0.177734 0.025391 0.179688 0.025391 0.185547 0.023438 0.187500 0.023438 0.195312 0.025391 0.197266 0.025391 0.201172 0.027344 0.203125 0.027344 0.205078 0.031250 0.208984 0.031250 0.210938 0.033203 0.212891 0.033203 0.214844 0.035156 0.214844 0.039062 0.218750 0.041016 0.216797 0.041016 0.214844 0.048828 0.207031 0.050781 0.207031 0.052734 0.205078 0.056641 0.205078 0.058594 0.203125 0.062500 0.203125 0.064453 0.201172 0.078125 0.201172 0.078125 0.187500 0.076172 0.185547 0.076172 0.183594 0.074219 0.181641 0.074219 0.179688 0.072266 0.179688 0.066406 0.173828 0.064453 0.173828 0.062500 0.171875 0.058594 0.171875 0.056641 0.169922 0.050781 0.169922 0.048828 0.167969
0 0.435547 0.169922 0.433594 0.171875 0.431641 0.171875 0.427734 0.175781 0.425781 0.175781 0.423828 0.177734 0.423828 0.179688 0.421875 0.181641 0.421875 0.183594 0.419922 0.185547 0.419922 0.187500 0.417969 0.189453 0.417969 0.191406 0.416016 0.193359 0.416016 0.203125 0.417969 0.205078 0.417969 0.207031 0.419922 0.208984 0.419922 0.218750 0.421875 0.218750 0.423828 0.220703 0.423828 0.222656 0.435547 0.234375 0.439453 0.234375 0.443359 0.238281 0.457031 0.238281 0.458984 0.236328 0.460938 0.236328 0.462891 0.234375 0.464844 0.234375 0.468750 0.230469 0.468750 0.228516 0.472656 0.224609 0.472656 0.222656 0.476562 0.218750 0.476562 0.216797 0.480469 0.212891 0.480469 0.191406 0.476562 0.187500 0.476562 0.185547 0.474609 0.185547 0.472656 0.183594 0.472656 0.181641 0.468750 0.177734 0.466797 0.177734 0.460938 0.171875 0.458984 0.171875 0.457031 0.169922
0 0.144531 0.191406 0.142578 0.193359 0.130859 0.193359 0.128906 0.195312 0.123047 0.195312 0.121094 0.197266 0.115234 0.197266 0.109375 0.203125 0.109375 0.218750 0.111328 0.220703 0.111328 0.222656 0.113281 0.224609 0.113281 0.226562 0.115234 0.228516 0.115234 0.230469 0.117188 0.230469 0.119141 0.232422 0.121094 0.232422 0.123047 0.234375 0.125000 0.234375 0.126953 0.236328 0.128906 0.236328 0.130859 0.238281 0.150391 0.238281 0.152344 0.240234 0.156250 0.240234 0.158203 0.238281 0.164062 0.238281 0.167969 0.234375 0.167969 0.232422 0.171875 0.228516 0.171875 0.208984 0.169922 0.207031 0.169922 0.205078 0.167969 0.203125 0.167969 0.199219 0.164062 0.195312 0.164062 0.193359 0.162109 0.193359 0.160156 0.191406
0 0.064453 0.203125 0.062500 0.205078 0.058594 0.205078 0.056641 0.207031 0.052734 0.207031 0.050781 0.208984 0.048828 0.208984 0.042969 0.214844 0.042969 0.216797 0.041016 0.218750 0.041016 0.228516 0.042969 0.230469 0.042969 0.232422 0.044922 0.234375 0.044922 0.236328 0.048828 0.240234 0.048828 0.242188 0.050781 0.244141 0.052734 0.244141 0.056641 0.248047 0.058594 0.248047 0.060547 0.250000 0.076172 0.250000 0.078125 0.248047 0.085938 0.248047 0.089844 0.244141 0.091797 0.244141 0.093750 0.242188 0.093750 0.240234 0.097656 0.236328 0.097656 0.234375 0.099609 0.232422 0.099609 0.220703 0.097656 0.218750 0.097656 0.216797 0.095703 0.214844 0.095703 0.212891 0.091797 0.208984 0.091797 0.207031 0.089844 0.205078 0.087891 0.205078 0.085938 0.203125
0 0.199219 0.208984 0.197266 0.210938 0.191406 0.210938 0.189453 0.212891 0.187500 0.212891 0.183594 0.216797 0.183594 0.218750 0.181641 0.220703 0.181641 0.238281 0.183594 0.240234 0.183594 0.246094 0.185547 0.248047 0.189453 0.248047 0.191406 0.250000 0.205078 0.250000 0.207031 0.248047 0.212891 0.248047 0.214844 0.246094 0.216797 0.246094 0.218750 0.244141 0.222656 0.244141 0.224609 0.242188 0.226562 0.242188 0.230469 0.238281 0.230469 0.228516 0.228516 0.226562 0.228516 0.224609 0.216797 0.212891 0.212891 0.212891 0.210938 0.210938 0.208984 0.210938 0.207031 0.208984
0 0.595703 0.205078 0.591797 0.208984 0.583984 0.208984 0.580078 0.212891 0.578125 0.212891 0.576172 0.214844 0.576172 0.232422 0.578125 0.234375 0.578125 0.236328 0.580078 0.238281 0.580078 0.244141 0.583984 0.248047 0.583984 0.250000 0.585938 0.251953 0.585938 0.253906 0.587891 0.255859 0.587891 0.257812 0.595703 0.265625 0.597656 0.265625 0.599609 0.267578 0.623047 0.267578 0.625000 0.265625 0.628906 0.265625 0.636719 0.257812 0.636719 0.238281 0.634766 0.236328 0.634766 0.234375 0.632812 0.232422 0.632812 0.226562 0.628906 0.222656 0.628906 0.220703 0.626953 0.218750 0.626953 0.216797 0.621094 0.210938 0.619141 0.210938 0.617188 0.208984 0.615234 0.208984 0.613281 0.207031 0.609375 0.207031 0.607422 0.205078
0 0.812500 0.207031 0.810547 0.208984 0.800781 0.208984 0.798828 0.210938 0.792969 0.210938 0.789062 0.214844 0.787109 0.214844 0.783203 0.218750 0.781250 0.218750 0.775391 0.224609 0.775391 0.226562 0.769531 0.232422 0.769531 0.244141 0.771484 0.246094 0.771484 0.251953 0.769531 0.253906 0.769531 0.263672 0.775391 0.269531 0.779297 0.269531 0.781250 0.271484 0.820312 0.271484 0.822266 0.269531 0.826172 0.269531 0.832031 0.263672 0.832031 0.261719 0.833984 0.259766 0.833984 0.232422 0.832031 0.230469 0.832031 0.224609 0.830078 0.222656 0.830078 0.220703 0.826172 0.216797 0.826172 0.214844 0.822266 0.210938 0.820312 0.210938 0.816406 0.207031
0 0.000000 0.222656 0.000000 0.255859 0.007812 0.255859 0.009766 0.257812 0.015625 0.257812 0.017578 0.259766 0.017578 0.261719 0.019531 0.261719 0.021484 0.263672 0.023438 0.263672 0.027344 0.259766 0.027344 0.240234 0.025391 0.240234 0.023438 0.238281 0.023438 0.236328 0.021484 0.236328 0.019531 0.234375 0.019531 0.232422 0.017578 0.232422 0.015625 0.230469 0.013672 0.230469 0.011719 0.228516 0.007812 0.228516 0.005859 0.226562 0.003906 0.226562
0 0.750000 0.234375 0.748047 0.236328 0.746094 0.236328 0.744141 0.238281 0.742188 0.238281 0.734375 0.246094 0.734375 0.259766 0.738281 0.263672 0.738281 0.265625 0.740234 0.267578 0.744141 0.267578 0.746094 0.269531 0.757812 0.269531 0.765625 0.261719 0.765625 0.259766 0.767578 0.257812 0.767578 0.253906 0.769531 0.251953 0.769531 0.246094 0.767578 0.244141 0.767578 0.240234 0.763672 0.236328 0.761719 0.236328 0.759766 0.234375
0 0.541016 0.240234 0.535156 0.246094 0.535156 0.255859 0.537109 0.257812 0.537109 0.259766 0.539062 0.261719 0.539062 0.263672 0.546875 0.271484 0.550781 0.271484 0.552734 0.273438 0.574219 0.273438 0.576172 0.271484 0.576172 0.259766 0.574219 0.257812 0.574219 0.255859 0.570312 0.251953 0.568359 0.251953 0.562500 0.246094 0.560547 0.246094 0.556641 0.242188 0.552734 0.242188 0.550781 0.240234
0 0.986328 0.240234 0.984375 0.242188 0.982422 0.242188 0.980469 0.244141 0.976562 0.244141 0.962891 0.257812 0.962891 0.267578 0.960938 0.269531 0.960938 0.279297 0.962891 0.281250 0.962891 0.283203 0.964844 0.285156 0.964844 0.287109 0.968750 0.291016 0.970703 0.291016 0.972656 0.292969 0.974609 0.292969 0.976562 0.294922 0.980469 0.294922 0.982422 0.296875 0.988281 0.296875 0.990234 0.298828 0.998047 0.298828 0.998047 0.244141 0.994141 0.240234
0 0.000000 0.257812 0.000000 0.306641 0.015625 0.306641 0.017578 0.304688 0.021484 0.304688 0.027344 0.298828 0.027344 0.296875 0.031250 0.292969 0.031250 0.277344 0.027344 0.273438 0.027344 0.271484 0.023438 0.267578 0.023438 0.265625 0.021484 0.265625 0.019531 0.263672 0.017578 0.263672 0.015625 0.261719 0.015625 0.259766 0.009766 0.259766 0.007812 0.257812
0 0.171875 0.259766 0.169922 0.261719 0.166016 0.261719 0.164062 0.263672 0.162109 0.263672 0.152344 0.273438 0.152344 0.281250 0.154297 0.283203 0.154297 0.289062 0.156250 0.289062 0.158203 0.291016 0.158203 0.294922 0.167969 0.304688 0.169922 0.304688 0.173828 0.308594 0.175781 0.308594 0.179688 0.312500 0.181641 0.312500 0.185547 0.316406 0.187500 0.316406 0.189453 0.318359 0.193359 0.318359 0.195312 0.316406 0.199219 0.316406 0.199219 0.314453 0.201172 0.312500 0.201172 0.310547 0.203125 0.308594 0.203125 0.291016 0.199219 0.287109 0.199219 0.283203 0.195312 0.279297 0.195312 0.277344 0.191406 0.273438 0.191406 0.271484 0.189453 0.271484 0.187500 0.269531 0.187500 0.267578 0.185547 0.267578 0.183594 0.265625 0.183594 0.263672 0.181641 0.263672 0.177734 0.259766
0 0.240234 0.271484 0.240234 0.273438 0.238281 0.275391 0.234375 0.275391 0.230469 0.279297 0.230469 0.283203 0.228516 0.285156 0.228516 0.289062 0.226562 0.291016 0.226562 0.294922 0.224609 0.296875 0.224609 0.318359 0.228516 0.322266 0.228516 0.324219 0.257812 0.324219 0.261719 0.320312 0.265625 0.320312 0.265625 0.318359 0.267578 0.316406 0.269531 0.316406 0.269531 0.314453 0.271484 0.312500 0.271484 0.310547 0.273438 0.308594 0.273438 0.291016 0.271484 0.289062 0.271484 0.287109 0.269531 0.285156 0.269531 0.283203 0.265625 0.279297 0.265625 0.277344 0.261719 0.273438 0.259766 0.273438 0.257812 0.271484
0 0.341797 0.277344 0.339844 0.279297 0.335938 0.279297 0.333984 0.281250 0.332031 0.281250 0.332031 0.283203 0.330078 0.285156 0.330078 0.308594 0.332031 0.310547 0.332031 0.312500 0.337891 0.318359 0.337891 0.320312 0.339844 0.320312 0.341797 0.322266 0.345703 0.322266 0.347656 0.324219 0.363281 0.324219 0.365234 0.322266 0.375000 0.322266 0.376953 0.320312 0.378906 0.320312 0.384766 0.314453 0.384766 0.312500 0.386719 0.310547 0.386719 0.308594 0.388672 0.306641 0.388672 0.296875 0.386719 0.294922 0.386719 0.291016 0.384766 0.289062 0.384766 0.287109 0.382812 0.285156 0.382812 0.283203 0.380859 0.283203 0.378906 0.281250 0.376953 0.281250 0.375000 0.279297 0.371094 0.279297 0.369141 0.277344
0 0.710938 0.269531 0.708984 0.271484 0.693359 0.271484 0.689453 0.275391 0.689453 0.277344 0.687500 0.279297 0.685547 0.279297 0.685547 0.283203 0.683594 0.285156 0.683594 0.287109 0.681641 0.289062 0.681641 0.312500 0.685547 0.316406 0.685547 0.320312 0.687500 0.320312 0.689453 0.322266 0.689453 0.324219 0.693359 0.328125 0.695312 0.328125 0.697266 0.330078 0.699219 0.330078 0.701172 0.332031 0.703125 0.332031 0.705078 0.333984 0.707031 0.333984 0.708984 0.335938 0.728516 0.335938 0.730469 0.333984 0.734375 0.333984 0.736328 0.332031 0.740234 0.332031 0.744141 0.328125 0.744141 0.326172 0.746094 0.324219 0.746094 0.306641 0.744141 0.304688 0.744141 0.298828 0.742188 0.296875 0.742188 0.291016 0.740234 0.289062 0.740234 0.287109 0.738281 0.285156 0.738281 0.283203 0.736328 0.283203 0.734375 0.281250 0.734375 0.279297 0.732422 0.279297 0.728516 0.275391 0.726562 0.275391 0.722656 0.271484 0.720703 0.271484 0.718750 0.269531
0 0.621094 0.291016 0.621094 0.300781 0.623047 0.302734 0.623047 0.304688 0.625000 0.304688 0.626953 0.306641 0.626953 0.310547 0.628906 0.312500 0.634766 0.312500 0.640625 0.318359 0.648438 0.318359 0.650391 0.316406 0.652344 0.316406 0.656250 0.312500 0.656250 0.306641 0.654297 0.304688 0.654297 0.302734 0.652344 0.300781 0.652344 0.298828 0.650391 0.298828 0.644531 0.292969 0.642578 0.292969 0.640625 0.291016
0 0.906250 0.277344 0.904297 0.279297 0.902344 0.279297 0.898438 0.283203 0.898438 0.285156 0.896484 0.287109 0.896484 0.289062 0.892578 0.292969 0.892578 0.294922 0.890625 0.296875 0.890625 0.300781 0.892578 0.302734 0.892578 0.306641 0.896484 0.310547 0.898438 0.310547 0.900391 0.312500 0.902344 0.312500 0.904297 0.314453 0.904297 0.316406 0.906250 0.316406 0.908203 0.318359 0.908203 0.324219 0.910156 0.326172 0.910156 0.328125 0.912109 0.330078 0.912109 0.332031 0.914062 0.333984 0.935547 0.333984 0.937500 0.332031 0.939453 0.332031 0.947266 0.324219 0.947266 0.310547 0.945312 0.308594 0.945312 0.302734 0.943359 0.300781 0.943359 0.298828 0.941406 0.296875 0.941406 0.294922 0.939453 0.292969 0.939453 0.291016 0.937500 0.289062 0.937500 0.287109 0.933594 0.283203 0.931641 0.283203 0.929688 0.281250 0.929688 0.279297 0.923828 0.279297 0.921875 0.277344
0 0.472656 0.283203 0.468750 0.287109 0.466797 0.287109 0.462891 0.291016 0.460938 0.291016 0.451172 0.300781 0.451172 0.302734 0.449219 0.304688 0.449219 0.312500 0.451172 0.314453 0.451172 0.316406 0.453125 0.318359 0.453125 0.320312 0.464844 0.332031 0.466797 0.332031 0.468750 0.333984 0.470703 0.333984 0.476562 0.328125 0.476562 0.326172 0.478516 0.324219 0.480469 0.324219 0.482422 0.322266 0.484375 0.322266 0.486328 0.320312 0.488281 0.320312 0.488281 0.318359 0.490234 0.316406 0.511719 0.316406 0.511719 0.312500 0.509766 0.310547 0.509766 0.302734 0.507812 0.300781 0.507812 0.296875 0.505859 0.294922 0.505859 0.292969 0.503906 0.291016 0.503906 0.289062 0.500000 0.285156 0.500000 0.283203
0 0.554688 0.287109 0.552734 0.289062 0.548828 0.289062 0.546875 0.291016 0.542969 0.291016 0.533203 0.300781 0.533203 0.304688 0.531250 0.306641 0.531250 0.308594 0.529297 0.310547 0.529297 0.324219 0.531250 0.326172 0.531250 0.330078 0.533203 0.332031 0.533203 0.335938 0.535156 0.337891 0.535156 0.339844 0.539062 0.343750 0.550781 0.343750 0.552734 0.341797 0.554688 0.341797 0.556641 0.339844 0.566406 0.339844 0.570312 0.335938 0.572266 0.335938 0.576172 0.332031 0.576172 0.330078 0.580078 0.326172 0.580078 0.324219 0.582031 0.322266 0.582031 0.298828 0.578125 0.294922 0.578125 0.292969 0.576172 0.292969 0.574219 0.291016 0.572266 0.291016 0.568359 0.287109
0 0.611328 0.312500 0.609375 0.314453 0.603516 0.314453 0.601562 0.316406 0.601562 0.332031 0.603516 0.333984 0.603516 0.335938 0.605469 0.337891 0.607422 0.337891 0.609375 0.339844 0.611328 0.339844 0.615234 0.343750 0.619141 0.343750 0.621094 0.345703 0.640625 0.345703 0.642578 0.343750 0.644531 0.343750 0.644531 0.330078 0.642578 0.328125 0.642578 0.326172 0.640625 0.324219 0.640625 0.322266 0.636719 0.318359 0.636719 0.316406 0.634766 0.314453 0.628906 0.314453 0.626953 0.312500
0 0.880859 0.312500 0.878906 0.314453 0.876953 0.314453 0.869141 0.322266 0.865234 0.322266 0.865234 0.324219 0.863281 0.326172 0.863281 0.328125 0.861328 0.330078 0.861328 0.332031 0.859375 0.333984 0.859375 0.335938 0.857422 0.337891 0.857422 0.349609 0.859375 0.351562 0.859375 0.355469 0.861328 0.357422 0.861328 0.363281 0.863281 0.365234 0.863281 0.367188 0.867188 0.371094 0.869141 0.371094 0.871094 0.373047 0.873047 0.373047 0.875000 0.375000 0.886719 0.375000 0.886719 0.367188 0.890625 0.363281 0.890625 0.361328 0.892578 0.359375 0.892578 0.357422 0.894531 0.355469 0.896484 0.355469 0.900391 0.351562 0.902344 0.351562 0.904297 0.349609 0.908203 0.349609 0.910156 0.347656 0.910156 0.330078 0.908203 0.328125 0.908203 0.326172 0.906250 0.324219 0.906250 0.318359 0.904297 0.318359 0.902344 0.316406 0.902344 0.314453 0.900391 0.314453 0.898438 0.312500
0 0.490234 0.318359 0.490234 0.320312 0.488281 0.322266 0.486328 0.322266 0.484375 0.324219 0.482422 0.324219 0.480469 0.326172 0.478516 0.326172 0.478516 0.328125 0.470703 0.335938 0.470703 0.337891 0.464844 0.343750 0.464844 0.357422 0.480469 0.357422 0.482422 0.359375 0.488281 0.359375 0.492188 0.363281 0.494141 0.361328 0.496094 0.361328 0.496094 0.359375 0.500000 0.355469 0.500000 0.353516 0.501953 0.351562 0.503906 0.351562 0.503906 0.349609 0.507812 0.345703 0.507812 0.343750 0.511719 0.339844 0.511719 0.337891 0.513672 0.335938 0.513672 0.322266 0.511719 0.320312 0.511719 0.318359
0 0.232422 0.335938 0.230469 0.337891 0.230469 0.339844 0.228516 0.341797 0.228516 0.345703 0.226562 0.347656 0.226562 0.363281 0.228516 0.365234 0.228516 0.373047 0.232422 0.376953 0.232422 0.378906 0.238281 0.378906 0.238281 0.376953 0.240234 0.375000 0.240234 0.371094 0.242188 0.369141 0.242188 0.367188 0.246094 0.363281 0.246094 0.361328 0.253906 0.353516 0.255859 0.353516 0.255859 0.351562 0.253906 0.349609 0.253906 0.347656 0.250000 0.343750 0.248047 0.343750 0.242188 0.337891 0.240234 0.337891 0.238281 0.335938
0 0.134766 0.341797 0.132812 0.343750 0.128906 0.343750 0.126953 0.345703 0.125000 0.345703 0.123047 0.347656 0.121094 0.347656 0.111328 0.357422 0.111328 0.367188 0.113281 0.369141 0.113281 0.373047 0.117188 0.373047 0.119141 0.375000 0.126953 0.375000 0.128906 0.376953 0.132812 0.376953 0.134766 0.378906 0.136719 0.378906 0.142578 0.384766 0.144531 0.384766 0.146484 0.386719 0.146484 0.388672 0.148438 0.390625 0.150391 0.390625 0.152344 0.392578 0.154297 0.392578 0.160156 0.386719 0.160156 0.380859 0.162109 0.378906 0.162109 0.363281 0.160156 0.361328 0.160156 0.355469 0.158203 0.353516 0.158203 0.351562 0.152344 0.345703 0.150391 0.345703 0.148438 0.343750 0.144531 0.343750 0.142578 0.341797
0 0.910156 0.349609 0.908203 0.351562 0.904297 0.351562 0.902344 0.353516 0.900391 0.353516 0.896484 0.357422 0.894531 0.357422 0.894531 0.359375 0.892578 0.361328 0.892578 0.363281 0.888672 0.367188 0.888672 0.390625 0.892578 0.394531 0.892578 0.396484 0.894531 0.398438 0.919922 0.398438 0.921875 0.396484 0.923828 0.396484 0.925781 0.394531 0.929688 0.394531 0.929688 0.392578 0.931641 0.390625 0.933594 0.390625 0.937500 0.386719 0.937500 0.363281 0.933594 0.359375 0.933594 0.357422 0.931641 0.357422 0.929688 0.355469 0.929688 0.353516 0.925781 0.353516 0.923828 0.351562 0.921875 0.351562 0.919922 0.349609
0 0.074219 0.349609 0.072266 0.351562 0.068359 0.351562 0.066406 0.353516 0.062500 0.353516 0.058594 0.357422 0.056641 0.357422 0.054688 0.359375 0.054688 0.369141 0.052734 0.371094 0.052734 0.386719 0.054688 0.386719 0.056641 0.388672 0.056641 0.392578 0.060547 0.396484 0.060547 0.398438 0.062500 0.398438 0.064453 0.400391 0.064453 0.402344 0.066406 0.402344 0.068359 0.404297 0.068359 0.406250 0.085938 0.406250 0.085938 0.404297 0.087891 0.402344 0.093750 0.402344 0.093750 0.400391 0.095703 0.398438 0.099609 0.398438 0.103516 0.394531 0.105469 0.394531 0.105469 0.392578 0.107422 0.390625 0.109375 0.390625 0.109375 0.388672 0.111328 0.386719 0.111328 0.369141 0.109375 0.367188 0.109375 0.365234 0.107422 0.363281 0.107422 0.361328 0.105469 0.359375 0.105469 0.357422 0.103516 0.357422 0.101562 0.355469 0.101562 0.353516 0.099609 0.353516 0.097656 0.351562 0.097656 0.349609
0 0.531250 0.347656 0.529297 0.349609 0.525391 0.349609 0.525391 0.351562 0.521484 0.355469 0.521484 0.357422 0.519531 0.359375 0.519531 0.361328 0.517578 0.363281 0.517578 0.369141 0.513672 0.373047 0.513672 0.398438 0.517578 0.402344 0.517578 0.406250 0.521484 0.410156 0.550781 0.410156 0.552734 0.408203 0.554688 0.408203 0.556641 0.406250 0.558594 0.406250 0.560547 0.404297 0.562500 0.404297 0.564453 0.402344 0.566406 0.402344 0.570312 0.398438 0.570312 0.396484 0.572266 0.394531 0.572266 0.380859 0.570312 0.378906 0.570312 0.375000 0.566406 0.371094 0.566406 0.369141 0.564453 0.367188 0.564453 0.365234 0.562500 0.363281 0.562500 0.361328 0.558594 0.357422 0.556641 0.357422 0.552734 0.353516 0.550781 0.353516 0.546875 0.349609 0.541016 0.349609 0.539062 0.347656
0 0.257812 0.353516 0.255859 0.355469 0.253906 0.355469 0.248047 0.361328 0.248047 0.363281 0.244141 0.367188 0.244141 0.369141 0.242188 0.371094 0.242188 0.375000 0.240234 0.376953 0.240234 0.388672 0.242188 0.390625 0.242188 0.392578 0.244141 0.394531 0.244141 0.396484 0.248047 0.400391 0.250000 0.400391 0.253906 0.404297 0.255859 0.404297 0.257812 0.406250 0.261719 0.406250 0.263672 0.408203 0.269531 0.408203 0.271484 0.406250 0.275391 0.406250 0.279297 0.402344 0.281250 0.402344 0.281250 0.400391 0.283203 0.398438 0.285156 0.398438 0.285156 0.396484 0.287109 0.394531 0.287109 0.388672 0.289062 0.386719 0.289062 0.376953 0.287109 0.375000 0.287109 0.371094 0.283203 0.367188 0.283203 0.365234 0.281250 0.365234 0.279297 0.363281 0.277344 0.363281 0.273438 0.359375 0.271484 0.359375 0.267578 0.355469 0.265625 0.355469 0.263672 0.353516
0 0.460938 0.359375 0.458984 0.361328 0.453125 0.361328 0.449219 0.365234 0.449219 0.369141 0.447266 0.371094 0.447266 0.384766 0.449219 0.386719 0.449219 0.388672 0.451172 0.390625 0.451172 0.394531 0.453125 0.396484 0.453125 0.398438 0.455078 0.400391 0.455078 0.402344 0.457031 0.402344 0.458984 0.404297 0.458984 0.406250 0.460938 0.406250 0.464844 0.410156 0.466797 0.410156 0.468750 0.412109 0.480469 0.412109 0.482422 0.410156 0.488281 0.410156 0.490234 0.408203 0.492188 0.408203 0.494141 0.406250 0.496094 0.406250 0.496094 0.404297 0.498047 0.402344 0.500000 0.402344 0.500000 0.400391 0.503906 0.396484 0.503906 0.380859 0.501953 0.378906 0.501953 0.376953 0.500000 0.375000 0.500000 0.371094 0.494141 0.365234 0.492188 0.365234 0.488281 0.361328 0.482422 0.361328 0.480469 0.359375
0 0.763672 0.353516 0.761719 0.355469 0.757812 0.355469 0.755859 0.357422 0.753906 0.357422 0.746094 0.365234 0.746094 0.367188 0.740234 0.373047 0.740234 0.375000 0.738281 0.376953 0.738281 0.394531 0.740234 0.396484 0.740234 0.406250 0.742188 0.408203 0.742188 0.410156 0.744141 0.412109 0.744141 0.414062 0.746094 0.416016 0.746094 0.417969 0.748047 0.419922 0.750000 0.419922 0.751953 0.421875 0.765625 0.421875 0.767578 0.419922 0.769531 0.419922 0.771484 0.417969 0.773438 0.417969 0.777344 0.414062 0.777344 0.412109 0.779297 0.410156 0.781250 0.410156 0.781250 0.408203 0.783203 0.406250 0.783203 0.404297 0.785156 0.402344 0.785156 0.400391 0.787109 0.398438 0.787109 0.392578 0.789062 0.390625 0.789062 0.367188 0.787109 0.365234 0.787109 0.363281 0.785156 0.361328 0.785156 0.359375 0.783203 0.357422 0.779297 0.357422 0.775391 0.353516
0 0.177734 0.378906 0.175781 0.380859 0.173828 0.380859 0.171875 0.382812 0.169922 0.382812 0.167969 0.384766 0.166016 0.384766 0.166016 0.392578 0.167969 0.394531 0.167969 0.398438 0.169922 0.400391 0.169922 0.402344 0.171875 0.404297 0.171875 0.406250 0.187500 0.421875 0.197266 0.421875 0.199219 0.419922 0.201172 0.419922 0.201172 0.417969 0.207031 0.412109 0.207031 0.408203 0.208984 0.406250 0.208984 0.398438 0.207031 0.396484 0.207031 0.392578 0.205078 0.390625 0.205078 0.388672 0.199219 0.382812 0.197266 0.382812 0.195312 0.380859 0.193359 0.380859 0.191406 0.378906
0 0.000000 0.375000 0.000000 0.431641 0.011719 0.431641 0.013672 0.429688 0.019531 0.429688 0.023438 0.425781 0.027344 0.425781 0.029297 0.423828 0.031250 0.423828 0.033203 0.421875 0.035156 0.421875 0.039062 0.417969 0.042969 0.417969 0.042969 0.416016 0.044922 0.414062 0.046875 0.414062 0.050781 0.410156 0.050781 0.402344 0.046875 0.398438 0.046875 0.396484 0.044922 0.396484 0.041016 0.392578 0.039062 0.392578 0.035156 0.388672 0.033203 0.388672 0.029297 0.384766 0.027344 0.384766 0.023438 0.380859 0.019531 0.380859 0.015625 0.376953 0.013672 0.376953 0.011719 0.375000
0 0.523438 0.427734 0.519531 0.431641 0.517578 0.431641 0.515625 0.433594 0.513672 0.433594 0.511719 0.435547 0.511719 0.443359 0.513672 0.445312 0.513672 0.449219 0.515625 0.451172 0.515625 0.453125 0.517578 0.455078 0.517578 0.458984 0.519531 0.460938 0.519531 0.462891 0.521484 0.464844 0.521484 0.466797 0.525391 0.470703 0.525391 0.472656 0.527344 0.472656 0.527344 0.470703 0.533203 0.464844 0.550781 0.464844 0.556641 0.470703 0.556641 0.472656 0.558594 0.474609 0.558594 0.476562 0.560547 0.478516 0.560547 0.480469 0.562500 0.480469 0.562500 0.476562 0.564453 0.474609 0.564453 0.470703 0.566406 0.468750 0.566406 0.455078 0.564453 0.453125 0.564453 0.451172 0.562500 0.449219 0.562500 0.445312 0.558594 0.441406 0.558594 0.439453 0.556641 0.439453 0.554688 0.437500 0.554688 0.435547 0.552734 0.435547 0.548828 0.431641 0.544922 0.431641 0.542969 0.429688 0.539062 0.429688 0.537109 0.427734
0 0.632812 0.429688 0.630859 0.431641 0.626953 0.431641 0.617188 0.441406 0.617188 0.445312 0.615234 0.447266 0.615234 0.464844 0.619141 0.468750 0.619141 0.470703 0.626953 0.478516 0.630859 0.478516 0.632812 0.480469 0.638672 0.480469 0.640625 0.482422 0.650391 0.482422 0.652344 0.480469 0.658203 0.480469 0.660156 0.478516 0.660156 0.476562 0.662109 0.474609 0.662109 0.460938 0.660156 0.458984 0.660156 0.455078 0.658203 0.453125 0.658203 0.449219 0.656250 0.447266 0.656250 0.443359 0.654297 0.441406 0.654297 0.439453 0.652344 0.437500 0.652344 0.435547 0.648438 0.431641 0.648438 0.429688
0 0.488281 0.439453 0.486328 0.441406 0.484375 0.441406 0.482422 0.443359 0.480469 0.443359 0.480469 0.445312 0.478516 0.447266 0.478516 0.449219 0.476562 0.451172 0.476562 0.480469 0.478516 0.482422 0.478516 0.488281 0.482422 0.492188 0.482422 0.494141 0.484375 0.494141 0.486328 0.496094 0.496094 0.496094 0.496094 0.494141 0.498047 0.492188 0.498047 0.490234 0.500000 0.488281 0.500000 0.460938 0.498047 0.458984 0.498047 0.457031 0.496094 0.455078 0.496094 0.451172 0.494141 0.449219 0.494141 0.447266 0.492188 0.445312 0.492188 0.443359
0 0.056641 0.439453 0.054688 0.441406 0.052734 0.441406 0.046875 0.447266 0.046875 0.449219 0.042969 0.453125 0.042969 0.455078 0.041016 0.457031 0.041016 0.478516 0.042969 0.480469 0.042969 0.484375 0.044922 0.486328 0.044922 0.488281 0.046875 0.488281 0.048828 0.490234 0.048828 0.492188 0.050781 0.492188 0.054688 0.496094 0.056641 0.496094 0.058594 0.498047 0.060547 0.498047 0.062500 0.500000 0.080078 0.500000 0.082031 0.498047 0.083984 0.498047 0.085938 0.496094 0.089844 0.496094 0.093750 0.492188 0.097656 0.492188 0.097656 0.490234 0.099609 0.488281 0.101562 0.488281 0.101562 0.486328 0.103516 0.484375 0.105469 0.484375 0.105469 0.482422 0.109375 0.478516 0.109375 0.466797 0.107422 0.464844 0.107422 0.460938 0.105469 0.458984 0.105469 0.457031 0.101562 0.453125 0.101562 0.451172 0.097656 0.451172 0.093750 0.447266 0.091797 0.447266 0.087891 0.443359 0.083984 0.443359 0.082031 0.441406 0.078125 0.441406 0.076172 0.439453
0 0.000000 0.447266 0.000000 0.503906 0.005859 0.503906 0.007812 0.501953 0.011719 0.501953 0.013672 0.500000 0.017578 0.500000 0.019531 0.498047 0.023438 0.498047 0.031250 0.490234 0.031250 0.488281 0.033203 0.486328 0.033203 0.474609 0.031250 0.472656 0.031250 0.466797 0.029297 0.464844 0.029297 0.462891 0.025391 0.458984 0.023438 0.458984 0.021484 0.457031 0.017578 0.457031 0.013672 0.453125 0.011719 0.453125 0.009766 0.451172 0.007812 0.451172 0.005859 0.449219 0.001953 0.449219
0 0.826172 0.447266 0.824219 0.449219 0.822266 0.449219 0.818359 0.453125 0.816406 0.453125 0.810547 0.458984 0.810547 0.460938 0.806641 0.464844 0.806641 0.466797 0.802734 0.470703 0.802734 0.472656 0.800781 0.474609 0.800781 0.482422 0.802734 0.484375 0.802734 0.490234 0.804688 0.492188 0.804688 0.494141 0.806641 0.496094 0.806641 0.498047 0.810547 0.501953 0.812500 0.501953 0.816406 0.505859 0.820312 0.505859 0.822266 0.507812 0.828125 0.507812 0.830078 0.509766 0.863281 0.509766 0.865234 0.507812 0.867188 0.507812 0.869141 0.505859 0.871094 0.505859 0.875000 0.501953 0.875000 0.482422 0.873047 0.480469 0.873047 0.474609 0.871094 0.472656 0.871094 0.470703 0.869141 0.468750 0.869141 0.466797 0.867188 0.464844 0.867188 0.462891 0.863281 0.458984 0.863281 0.457031 0.861328 0.457031 0.857422 0.453125 0.855469 0.453125 0.853516 0.451172 0.849609 0.451172 0.847656 0.449219 0.845703 0.449219 0.843750 0.447266
0 0.318359 0.455078 0.316406 0.457031 0.314453 0.457031 0.312500 0.458984 0.310547 0.458984 0.308594 0.460938 0.304688 0.460938 0.291016 0.474609 0.291016 0.482422 0.292969 0.484375 0.292969 0.488281 0.294922 0.490234 0.294922 0.496094 0.298828 0.500000 0.298828 0.501953 0.304688 0.507812 0.306641 0.507812 0.310547 0.511719 0.335938 0.511719 0.335938 0.509766 0.337891 0.507812 0.337891 0.505859 0.339844 0.503906 0.339844 0.496094 0.337891 0.494141 0.337891 0.490234 0.335938 0.488281 0.335938 0.480469 0.333984 0.478516 0.333984 0.474609 0.332031 0.472656 0.332031 0.455078
0 0.412109 0.455078 0.410156 0.457031 0.408203 0.457031 0.406250 0.458984 0.402344 0.458984 0.398438 0.462891 0.394531 0.462891 0.390625 0.466797 0.384766 0.466797 0.384766 0.468750 0.382812 0.470703 0.382812 0.472656 0.380859 0.474609 0.380859 0.476562 0.378906 0.478516 0.378906 0.480469 0.376953 0.482422 0.376953 0.484375 0.380859 0.484375 0.382812 0.486328 0.382812 0.488281 0.386719 0.492188 0.386719 0.496094 0.388672 0.498047 0.388672 0.503906 0.390625 0.505859 0.392578 0.505859 0.396484 0.509766 0.398438 0.509766 0.400391 0.511719 0.402344 0.511719 0.404297 0.513672 0.419922 0.513672 0.421875 0.511719 0.433594 0.511719 0.435547 0.509766 0.441406 0.509766 0.443359 0.507812 0.445312 0.507812 0.447266 0.505859 0.447266 0.492188 0.445312 0.490234 0.445312 0.480469 0.443359 0.478516 0.443359 0.476562 0.441406 0.474609 0.441406 0.470703 0.439453 0.468750 0.439453 0.466797 0.437500 0.464844 0.437500 0.462891 0.433594 0.458984 0.431641 0.458984 0.427734 0.455078
0 0.914062 0.453125 0.912109 0.455078 0.908203 0.455078 0.908203 0.457031 0.906250 0.458984 0.902344 0.458984 0.898438 0.462891 0.896484 0.462891 0.888672 0.470703 0.888672 0.474609 0.884766 0.478516 0.884766 0.480469 0.882812 0.482422 0.882812 0.486328 0.880859 0.488281 0.880859 0.513672 0.884766 0.517578 0.884766 0.521484 0.886719 0.523438 0.890625 0.523438 0.892578 0.525391 0.892578 0.527344 0.898438 0.527344 0.902344 0.531250 0.919922 0.531250 0.921875 0.529297 0.925781 0.529297 0.927734 0.527344 0.929688 0.527344 0.935547 0.521484 0.937500 0.521484 0.939453 0.519531 0.941406 0.519531 0.941406 0.517578 0.945312 0.513672 0.945312 0.511719 0.949219 0.507812 0.949219 0.474609 0.947266 0.472656 0.947266 0.470703 0.945312 0.468750 0.945312 0.466797 0.941406 0.462891 0.941406 0.460938 0.939453 0.458984 0.937500 0.458984 0.931641 0.453125
0 0.533203 0.466797 0.529297 0.470703 0.529297 0.472656 0.525391 0.476562 0.525391 0.480469 0.521484 0.484375 0.521484 0.486328 0.517578 0.490234 0.517578 0.494141 0.515625 0.496094 0.515625 0.511719 0.517578 0.513672 0.517578 0.515625 0.519531 0.515625 0.521484 0.517578 0.521484 0.519531 0.527344 0.519531 0.529297 0.521484 0.546875 0.521484 0.548828 0.519531 0.550781 0.519531 0.558594 0.511719 0.558594 0.509766 0.560547 0.507812 0.560547 0.486328 0.558594 0.484375 0.558594 0.478516 0.556641 0.476562 0.556641 0.474609 0.554688 0.472656 0.554688 0.470703 0.550781 0.466797
0 0.345703 0.478516 0.345703 0.482422 0.343750 0.484375 0.343750 0.490234 0.341797 0.492188 0.341797 0.500000 0.345703 0.503906 0.345703 0.505859 0.349609 0.509766 0.349609 0.511719 0.353516 0.515625 0.355469 0.515625 0.357422 0.517578 0.357422 0.519531 0.359375 0.519531 0.361328 0.521484 0.361328 0.523438 0.375000 0.523438 0.375000 0.521484 0.376953 0.519531 0.378906 0.519531 0.382812 0.515625 0.382812 0.513672 0.386719 0.509766 0.386719 0.498047 0.384766 0.496094 0.384766 0.492188 0.380859 0.488281 0.380859 0.486328 0.376953 0.486328 0.375000 0.484375 0.375000 0.482422 0.373047 0.482422 0.369141 0.478516
0 0.607422 0.482422 0.605469 0.484375 0.603516 0.484375 0.601562 0.486328 0.595703 0.486328 0.591797 0.490234 0.589844 0.490234 0.589844 0.492188 0.587891 0.494141 0.587891 0.496094 0.585938 0.498047 0.585938 0.500000 0.583984 0.501953 0.583984 0.511719 0.585938 0.513672 0.585938 0.515625 0.587891 0.517578 0.587891 0.533203 0.589844 0.535156 0.595703 0.535156 0.597656 0.533203 0.599609 0.533203 0.601562 0.531250 0.634766 0.531250 0.636719 0.529297 0.636719 0.496094 0.632812 0.492188 0.632812 0.488281 0.626953 0.482422
0 0.154297 0.486328 0.152344 0.488281 0.148438 0.488281 0.146484 0.490234 0.146484 0.492188 0.136719 0.501953 0.136719 0.503906 0.134766 0.505859 0.132812 0.505859 0.126953 0.511719 0.125000 0.511719 0.125000 0.513672 0.121094 0.517578 0.121094 0.521484 0.123047 0.523438 0.123047 0.527344 0.125000 0.529297 0.125000 0.531250 0.126953 0.533203 0.126953 0.535156 0.128906 0.537109 0.128906 0.539062 0.130859 0.539062 0.132812 0.541016 0.132812 0.542969 0.134766 0.542969 0.136719 0.544922 0.138672 0.544922 0.142578 0.548828 0.164062 0.548828 0.166016 0.546875 0.167969 0.546875 0.169922 0.544922 0.171875 0.544922 0.175781 0.541016 0.175781 0.539062 0.177734 0.537109 0.177734 0.511719 0.175781 0.509766 0.175781 0.505859 0.171875 0.501953 0.171875 0.500000 0.169922 0.498047 0.169922 0.494141 0.167969 0.492188 0.166016 0.492188 0.162109 0.488281 0.160156 0.488281 0.158203 0.486328
0 0.990234 0.509766 0.988281 0.511719 0.984375 0.511719 0.982422 0.513672 0.974609 0.513672 0.972656 0.515625 0.964844 0.515625 0.962891 0.517578 0.960938 0.517578 0.960938 0.519531 0.958984 0.521484 0.958984 0.525391 0.962891 0.529297 0.962891 0.531250 0.964844 0.531250 0.966797 0.533203 0.966797 0.535156 0.968750 0.537109 0.968750 0.539062 0.976562 0.546875 0.976562 0.548828 0.980469 0.552734 0.980469 0.554688 0.982422 0.554688 0.986328 0.558594 0.988281 0.558594 0.990234 0.560547 0.994141 0.560547 0.996094 0.562500 0.998047 0.562500 0.998047 0.511719 0.996094 0.509766
0 0.013672 0.517578 0.011719 0.519531 0.009766 0.519531 0.009766 0.523438 0.007812 0.525391 0.007812 0.533203 0.005859 0.535156 0.005859 0.546875 0.009766 0.550781 0.009766 0.554688 0.013672 0.558594 0.013672 0.560547 0.015625 0.562500 0.017578 0.562500 0.025391 0.570312 0.046875 0.570312 0.046875 0.568359 0.048828 0.566406 0.050781 0.566406 0.054688 0.562500 0.056641 0.562500 0.060547 0.558594 0.060547 0.537109 0.058594 0.535156 0.058594 0.533203 0.056641 0.531250 0.056641 0.529297 0.052734 0.525391 0.048828 0.525391 0.044922 0.521484 0.033203 0.521484 0.031250 0.519531 0.027344 0.519531 0.025391 0.517578
0 0.302734 0.523438 0.300781 0.525391 0.296875 0.525391 0.292969 0.529297 0.292969 0.531250 0.291016 0.533203 0.291016 0.535156 0.289062 0.537109 0.289062 0.539062 0.287109 0.541016 0.287109 0.546875 0.289062 0.548828 0.289062 0.550781 0.291016 0.552734 0.291016 0.558594 0.294922 0.562500 0.294922 0.566406 0.296875 0.566406 0.298828 0.568359 0.298828 0.570312 0.300781 0.570312 0.304688 0.574219 0.312500 0.574219 0.314453 0.572266 0.316406 0.572266 0.318359 0.570312 0.320312 0.570312 0.322266 0.568359 0.324219 0.568359 0.326172 0.566406 0.328125 0.566406 0.328125 0.564453 0.332031 0.560547 0.332031 0.531250 0.324219 0.523438
0 0.601562 0.533203 0.599609 0.535156 0.597656 0.535156 0.595703 0.537109 0.591797 0.537109 0.589844 0.539062 0.585938 0.539062 0.583984 0.541016 0.580078 0.541016 0.578125 0.542969 0.574219 0.542969 0.568359 0.548828 0.568359 0.550781 0.566406 0.552734 0.566406 0.570312 0.568359 0.572266 0.568359 0.574219 0.570312 0.576172 0.570312 0.578125 0.572266 0.580078 0.572266 0.582031 0.587891 0.597656 0.589844 0.597656 0.593750 0.601562 0.615234 0.601562 0.617188 0.599609 0.619141 0.599609 0.621094 0.597656 0.625000 0.597656 0.636719 0.585938 0.636719 0.583984 0.638672 0.582031 0.638672 0.580078 0.640625 0.578125 0.640625 0.574219 0.642578 0.572266 0.642578 0.570312 0.644531 0.568359 0.644531 0.562500 0.648438 0.558594 0.648438 0.541016 0.646484 0.539062 0.646484 0.537109 0.644531 0.535156 0.642578 0.535156 0.640625 0.533203
0 0.718750 0.548828 0.716797 0.550781 0.712891 0.550781 0.710938 0.552734 0.707031 0.552734 0.705078 0.554688 0.703125 0.554688 0.703125 0.558594 0.701172 0.560547 0.701172 0.585938 0.703125 0.587891 0.703125 0.591797 0.705078 0.593750 0.705078 0.601562 0.707031 0.603516 0.707031 0.605469 0.708984 0.607422 0.708984 0.609375 0.716797 0.617188 0.724609 0.617188 0.726562 0.615234 0.728516 0.615234 0.730469 0.613281 0.736328 0.613281 0.740234 0.609375 0.744141 0.609375 0.748047 0.605469 0.750000 0.605469 0.750000 0.603516 0.751953 0.601562 0.753906 0.601562 0.753906 0.599609 0.757812 0.595703 0.757812 0.576172 0.755859 0.576172 0.753906 0.574219 0.753906 0.568359 0.748047 0.562500 0.748047 0.560547 0.746094 0.558594 0.746094 0.556641 0.744141 0.556641 0.742188 0.554688 0.742188 0.552734 0.738281 0.552734 0.736328 0.550781 0.734375 0.550781 0.732422 0.548828
0 0.455078 0.570312 0.453125 0.572266 0.451172 0.572266 0.449219 0.574219 0.447266 0.574219 0.441406 0.580078 0.441406 0.582031 0.437500 0.585938 0.437500 0.593750 0.439453 0.595703 0.439453 0.605469 0.441406 0.607422 0.441406 0.609375 0.445312 0.613281 0.449219 0.613281 0.455078 0.619141 0.457031 0.619141 0.458984 0.621094 0.476562 0.621094 0.478516 0.619141 0.480469 0.619141 0.482422 0.617188 0.484375 0.617188 0.486328 0.615234 0.486328 0.611328 0.488281 0.609375 0.488281 0.603516 0.490234 0.601562 0.490234 0.597656 0.492188 0.595703 0.492188 0.593750 0.494141 0.591797 0.494141 0.587891 0.492188 0.585938 0.492188 0.583984 0.490234 0.582031 0.490234 0.580078 0.488281 0.580078 0.484375 0.576172 0.482422 0.576172 0.480469 0.574219 0.478516 0.574219 0.476562 0.572266 0.474609 0.572266 0.472656 0.570312
0 0.298828 0.580078 0.296875 0.582031 0.292969 0.582031 0.291016 0.583984 0.291016 0.585938 0.289062 0.587891 0.289062 0.589844 0.287109 0.591797 0.287109 0.595703 0.289062 0.597656 0.289062 0.601562 0.291016 0.603516 0.291016 0.609375 0.292969 0.611328 0.292969 0.613281 0.294922 0.615234 0.294922 0.617188 0.296875 0.619141 0.296875 0.621094 0.300781 0.625000 0.304688 0.625000 0.306641 0.626953 0.308594 0.626953 0.310547 0.628906 0.341797 0.628906 0.345703 0.625000 0.347656 0.625000 0.347656 0.623047 0.349609 0.621094 0.351562 0.621094 0.351562 0.593750 0.347656 0.589844 0.347656 0.587891 0.341797 0.587891 0.337891 0.583984 0.332031 0.583984 0.330078 0.582031 0.328125 0.582031 0.326172 0.580078
0 0.000000 0.580078 0.000000 0.634766 0.003906 0.634766 0.005859 0.632812 0.007812 0.632812 0.013672 0.626953 0.015625 0.626953 0.019531 0.623047 0.019531 0.619141 0.021484 0.617188 0.023438 0.617188 0.023438 0.601562 0.021484 0.599609 0.021484 0.595703 0.019531 0.593750 0.019531 0.591797 0.017578 0.589844 0.017578 0.587891 0.011719 0.582031 0.009766 0.582031 0.007812 0.580078
0 0.240234 0.587891 0.238281 0.589844 0.236328 0.589844 0.234375 0.591797 0.230469 0.591797 0.230469 0.593750 0.224609 0.599609 0.224609 0.601562 0.220703 0.605469 0.220703 0.615234 0.222656 0.617188 0.222656 0.623047 0.224609 0.625000 0.224609 0.628906 0.228516 0.632812 0.228516 0.634766 0.230469 0.634766 0.232422 0.636719 0.234375 0.636719 0.238281 0.640625 0.240234 0.640625 0.242188 0.642578 0.257812 0.642578 0.259766 0.640625 0.263672 0.640625 0.267578 0.636719 0.269531 0.636719 0.273438 0.632812 0.273438 0.630859 0.277344 0.626953 0.277344 0.617188 0.275391 0.615234 0.275391 0.611328 0.273438 0.609375 0.273438 0.603516 0.269531 0.599609 0.269531 0.597656 0.263672 0.591797 0.261719 0.591797 0.259766 0.589844 0.257812 0.589844 0.255859 0.587891
0 0.503906 0.583984 0.501953 0.585938 0.500000 0.585938 0.496094 0.589844 0.496094 0.591797 0.494141 0.593750 0.494141 0.595703 0.492188 0.597656 0.492188 0.601562 0.490234 0.603516 0.490234 0.609375 0.488281 0.611328 0.488281 0.619141 0.486328 0.621094 0.486328 0.626953 0.484375 0.628906 0.484375 0.634766 0.482422 0.636719 0.482422 0.648438 0.484375 0.648438 0.486328 0.650391 0.509766 0.650391 0.511719 0.648438 0.517578 0.648438 0.519531 0.646484 0.523438 0.646484 0.525391 0.644531 0.527344 0.644531 0.529297 0.642578 0.531250 0.642578 0.539062 0.634766 0.539062 0.632812 0.541016 0.630859 0.541016 0.617188 0.539062 0.615234 0.539062 0.613281 0.537109 0.611328 0.537109 0.609375 0.533203 0.605469 0.533203 0.603516 0.531250 0.601562 0.531250 0.599609 0.527344 0.595703 0.527344 0.593750 0.519531 0.585938 0.515625 0.585938 0.513672 0.583984
0 0.066406 0.619141 0.064453 0.621094 0.058594 0.621094 0.056641 0.623047 0.052734 0.623047 0.048828 0.626953 0.046875 0.626953 0.042969 0.630859 0.041016 0.630859 0.035156 0.636719 0.035156 0.650391 0.039062 0.654297 0.041016 0.654297 0.044922 0.658203 0.046875 0.658203 0.048828 0.660156 0.062500 0.660156 0.064453 0.662109 0.068359 0.662109 0.070312 0.660156 0.074219 0.660156 0.076172 0.658203 0.078125 0.658203 0.082031 0.654297 0.083984 0.654297 0.087891 0.650391 0.089844 0.650391 0.091797 0.648438 0.091797 0.646484 0.095703 0.642578 0.095703 0.630859 0.093750 0.628906 0.093750 0.625000 0.089844 0.621094 0.083984 0.621094 0.082031 0.619141
0 0.146484 0.617188 0.144531 0.619141 0.142578 0.619141 0.142578 0.621094 0.140625 0.623047 0.138672 0.623047 0.132812 0.628906 0.132812 0.630859 0.130859 0.632812 0.130859 0.634766 0.128906 0.636719 0.128906 0.638672 0.126953 0.640625 0.126953 0.642578 0.125000 0.644531 0.125000 0.646484 0.123047 0.648438 0.123047 0.652344 0.128906 0.652344 0.130859 0.654297 0.132812 0.654297 0.136719 0.658203 0.138672 0.658203 0.140625 0.660156 0.142578 0.660156 0.146484 0.664062 0.148438 0.664062 0.150391 0.666016 0.150391 0.667969 0.154297 0.671875 0.154297 0.681641 0.156250 0.679688 0.164062 0.679688 0.167969 0.675781 0.171875 0.675781 0.175781 0.671875 0.177734 0.671875 0.179688 0.669922 0.179688 0.667969 0.183594 0.664062 0.183594 0.654297 0.181641 0.652344 0.181641 0.646484 0.179688 0.644531 0.179688 0.638672 0.177734 0.636719 0.177734 0.634766 0.175781 0.632812 0.175781 0.630859 0.173828 0.628906 0.173828 0.626953 0.171875 0.625000 0.169922 0.625000 0.167969 0.623047 0.166016 0.623047 0.164062 0.621094 0.162109 0.621094 0.160156 0.619141 0.158203 0.619141 0.156250 0.617188
0 0.378906 0.623047 0.376953 0.625000 0.373047 0.625000 0.373047 0.628906 0.369141 0.632812 0.369141 0.634766 0.367188 0.636719 0.367188 0.638672 0.365234 0.640625 0.365234 0.667969 0.369141 0.671875 0.369141 0.675781 0.371094 0.675781 0.373047 0.677734 0.373047 0.679688 0.375000 0.679688 0.382812 0.687500 0.388672 0.687500 0.388672 0.683594 0.386719 0.681641 0.386719 0.664062 0.394531 0.656250 0.396484 0.656250 0.400391 0.652344 0.402344 0.652344 0.404297 0.650391 0.417969 0.650391 0.417969 0.642578 0.416016 0.640625 0.416016 0.638672 0.414062 0.636719 0.414062 0.634766 0.410156 0.630859 0.408203 0.630859 0.404297 0.626953 0.402344 0.626953 0.400391 0.625000 0.396484 0.625000 0.394531 0.623047
0 0.000000 0.650391 0.000000 0.703125 0.001953 0.703125 0.005859 0.699219 0.007812 0.699219 0.015625 0.691406 0.015625 0.689453 0.017578 0.687500 0.017578 0.683594 0.019531 0.681641 0.019531 0.679688 0.021484 0.677734 0.021484 0.664062 0.019531 0.662109 0.019531 0.654297 0.015625 0.650391
0 0.404297 0.652344 0.402344 0.654297 0.400391 0.654297 0.396484 0.658203 0.394531 0.658203 0.388672 0.664062 0.388672 0.681641 0.390625 0.683594 0.390625 0.687500 0.392578 0.689453 0.392578 0.691406 0.394531 0.691406 0.398438 0.695312 0.402344 0.695312 0.404297 0.697266 0.404297 0.699219 0.414062 0.699219 0.416016 0.701172 0.429688 0.701172 0.431641 0.699219 0.439453 0.699219 0.441406 0.697266 0.441406 0.695312 0.445312 0.691406 0.445312 0.689453 0.447266 0.687500 0.449219 0.687500 0.449219 0.667969 0.445312 0.664062 0.445312 0.660156 0.439453 0.654297 0.435547 0.654297 0.433594 0.652344
0 0.568359 0.654297 0.568359 0.656250 0.566406 0.658203 0.564453 0.658203 0.558594 0.664062 0.558594 0.666016 0.552734 0.671875 0.552734 0.687500 0.554688 0.689453 0.554688 0.693359 0.560547 0.699219 0.560547 0.701172 0.562500 0.701172 0.564453 0.703125 0.570312 0.703125 0.570312 0.701172 0.572266 0.699219 0.574219 0.699219 0.574219 0.697266 0.580078 0.691406 0.582031 0.691406 0.582031 0.689453 0.583984 0.687500 0.587891 0.687500 0.591797 0.683594 0.595703 0.683594 0.597656 0.681641 0.601562 0.681641 0.601562 0.664062 0.597656 0.660156 0.597656 0.658203 0.593750 0.654297
0 0.103516 0.650391 0.099609 0.654297 0.097656 0.654297 0.097656 0.660156 0.095703 0.662109 0.095703 0.679688 0.097656 0.681641 0.097656 0.685547 0.099609 0.687500 0.099609 0.693359 0.103516 0.697266 0.103516 0.701172 0.111328 0.708984 0.113281 0.708984 0.115234 0.710938 0.128906 0.710938 0.130859 0.708984 0.132812 0.708984 0.134766 0.707031 0.140625 0.707031 0.140625 0.705078 0.142578 0.703125 0.146484 0.703125 0.152344 0.697266 0.152344 0.671875 0.148438 0.667969 0.148438 0.666016 0.146484 0.666016 0.142578 0.662109 0.140625 0.662109 0.138672 0.660156 0.136719 0.660156 0.132812 0.656250 0.130859 0.656250 0.128906 0.654297 0.123047 0.654297 0.121094 0.652344 0.117188 0.652344 0.115234 0.650391
0 0.730469 0.667969 0.724609 0.673828 0.724609 0.685547 0.726562 0.687500 0.726562 0.691406 0.728516 0.693359 0.728516 0.695312 0.732422 0.699219 0.734375 0.699219 0.736328 0.701172 0.742188 0.701172 0.744141 0.703125 0.750000 0.703125 0.755859 0.697266 0.755859 0.681641 0.753906 0.679688 0.753906 0.677734 0.750000 0.673828 0.748047 0.673828 0.744141 0.669922 0.742188 0.669922 0.740234 0.667969
0 0.044922 0.662109 0.042969 0.664062 0.039062 0.664062 0.029297 0.673828 0.027344 0.673828 0.021484 0.679688 0.021484 0.681641 0.019531 0.683594 0.019531 0.687500 0.017578 0.689453 0.017578 0.703125 0.019531 0.705078 0.019531 0.707031 0.023438 0.710938 0.023438 0.712891 0.025391 0.712891 0.029297 0.716797 0.052734 0.716797 0.054688 0.714844 0.056641 0.714844 0.064453 0.707031 0.064453 0.705078 0.066406 0.703125 0.066406 0.701172 0.068359 0.699219 0.068359 0.693359 0.070312 0.691406 0.070312 0.687500 0.072266 0.685547 0.072266 0.673828 0.070312 0.671875 0.070312 0.669922 0.068359 0.667969 0.068359 0.666016 0.066406 0.664062 0.064453 0.664062 0.062500 0.662109
0 0.509766 0.671875 0.507812 0.673828 0.496094 0.673828 0.490234 0.679688 0.488281 0.679688 0.482422 0.685547 0.480469 0.685547 0.476562 0.689453 0.474609 0.689453 0.470703 0.693359 0.468750 0.693359 0.464844 0.697266 0.462891 0.697266 0.462891 0.699219 0.458984 0.703125 0.458984 0.718750 0.460938 0.720703 0.460938 0.722656 0.462891 0.724609 0.464844 0.724609 0.466797 0.726562 0.468750 0.726562 0.470703 0.728516 0.472656 0.728516 0.474609 0.730469 0.511719 0.730469 0.515625 0.726562 0.519531 0.726562 0.523438 0.722656 0.523438 0.720703 0.525391 0.718750 0.525391 0.716797 0.527344 0.714844 0.527344 0.712891 0.529297 0.710938 0.531250 0.710938 0.531250 0.707031 0.535156 0.703125 0.535156 0.681641 0.533203 0.679688 0.533203 0.677734 0.531250 0.675781 0.531250 0.673828 0.529297 0.673828 0.527344 0.671875
0 0.597656 0.683594 0.595703 0.685547 0.591797 0.685547 0.587891 0.689453 0.583984 0.689453 0.583984 0.691406 0.582031 0.693359 0.580078 0.693359 0.576172 0.697266 0.576172 0.699219 0.574219 0.701172 0.572266 0.701172 0.572266 0.703125 0.570312 0.705078 0.568359 0.705078 0.568359 0.707031 0.566406 0.708984 0.566406 0.710938 0.564453 0.712891 0.564453 0.714844 0.560547 0.718750 0.560547 0.742188 0.562500 0.744141 0.562500 0.750000 0.564453 0.751953 0.564453 0.753906 0.566406 0.755859 0.566406 0.757812 0.572266 0.763672 0.593750 0.763672 0.595703 0.761719 0.597656 0.761719 0.599609 0.759766 0.601562 0.759766 0.603516 0.757812 0.605469 0.757812 0.605469 0.755859 0.607422 0.753906 0.607422 0.751953 0.609375 0.750000 0.609375 0.748047 0.611328 0.746094 0.613281 0.746094 0.613281 0.736328 0.615234 0.734375 0.615234 0.720703 0.613281 0.718750 0.613281 0.697266 0.611328 0.695312 0.611328 0.693359 0.609375 0.691406 0.609375 0.687500 0.605469 0.683594
0 0.236328 0.697266 0.234375 0.699219 0.228516 0.699219 0.226562 0.701172 0.224609 0.701172 0.220703 0.705078 0.218750 0.705078 0.216797 0.707031 0.216797 0.708984 0.214844 0.710938 0.212891 0.710938 0.212891 0.714844 0.210938 0.716797 0.208984 0.716797 0.208984 0.748047 0.210938 0.750000 0.210938 0.751953 0.212891 0.753906 0.212891 0.755859 0.220703 0.763672 0.220703 0.765625 0.222656 0.765625 0.224609 0.767578 0.224609 0.769531 0.226562 0.771484 0.228516 0.771484 0.230469 0.773438 0.238281 0.773438 0.242188 0.769531 0.244141 0.769531 0.248047 0.765625 0.250000 0.765625 0.250000 0.763672 0.251953 0.761719 0.253906 0.761719 0.255859 0.759766 0.257812 0.759766 0.259766 0.757812 0.261719 0.757812 0.261719 0.755859 0.263672 0.753906 0.265625 0.753906 0.265625 0.751953 0.267578 0.750000 0.267578 0.748047 0.269531 0.746094 0.269531 0.744141 0.271484 0.742188 0.271484 0.740234 0.273438 0.738281 0.273438 0.734375 0.275391 0.732422 0.275391 0.730469 0.277344 0.728516 0.277344 0.716797 0.273438 0.712891 0.273438 0.710938 0.271484 0.710938 0.269531 0.708984 0.267578 0.708984 0.265625 0.707031 0.265625 0.705078 0.263672 0.705078 0.259766 0.701172 0.255859 0.701172 0.253906 0.699219 0.251953 0.699219 0.250000 0.697266
0 0.490234 0.732422 0.488281 0.734375 0.484375 0.734375 0.482422 0.736328 0.476562 0.736328 0.474609 0.738281 0.472656 0.738281 0.470703 0.740234 0.466797 0.740234 0.466797 0.742188 0.464844 0.744141 0.460938 0.744141 0.458984 0.746094 0.458984 0.748047 0.457031 0.750000 0.457031 0.751953 0.455078 0.753906 0.455078 0.757812 0.453125 0.759766 0.451172 0.759766 0.451172 0.763672 0.447266 0.767578 0.447266 0.791016 0.451172 0.794922 0.451172 0.796875 0.455078 0.800781 0.457031 0.800781 0.458984 0.802734 0.462891 0.802734 0.464844 0.804688 0.486328 0.804688 0.486328 0.802734 0.484375 0.800781 0.484375 0.783203 0.486328 0.781250 0.486328 0.779297 0.488281 0.777344 0.488281 0.775391 0.490234 0.773438 0.492188 0.773438 0.496094 0.769531 0.498047 0.769531 0.501953 0.765625 0.529297 0.765625 0.533203 0.769531 0.537109 0.769531 0.539062 0.767578 0.539062 0.744141 0.537109 0.744141 0.535156 0.742188 0.535156 0.740234 0.533203 0.740234 0.531250 0.738281 0.531250 0.736328 0.525391 0.736328 0.523438 0.734375 0.521484 0.734375 0.519531 0.732422
0 0.000000 0.791016 0.000000 0.830078 0.001953 0.828125 0.005859 0.828125 0.009766 0.824219 0.011719 0.824219 0.023438 0.812500 0.023438 0.810547 0.021484 0.810547 0.019531 0.808594 0.017578 0.808594 0.015625 0.806641 0.013672 0.806641 0.009766 0.802734 0.007812 0.802734 0.001953 0.796875 0.001953 0.794922 0.000000 0.792969
0 0.000000 0.724609 0.000000 0.769531 0.003906 0.765625 0.031250 0.765625 0.031250 0.755859 0.029297 0.753906 0.029297 0.751953 0.027344 0.750000 0.027344 0.744141 0.025391 0.744141 0.023438 0.742188 0.023438 0.740234 0.019531 0.736328 0.019531 0.734375 0.015625 0.730469 0.015625 0.728516 0.013672 0.728516 0.011719 0.726562 0.011719 0.724609
0 0.003906 0.767578 0.000000 0.771484 0.000000 0.789062 0.001953 0.791016 0.001953 0.792969 0.003906 0.794922 0.003906 0.796875 0.007812 0.800781 0.009766 0.800781 0.013672 0.804688 0.015625 0.804688 0.017578 0.806641 0.019531 0.806641 0.021484 0.808594 0.039062 0.808594 0.042969 0.804688 0.044922 0.804688 0.050781 0.798828 0.050781 0.796875 0.054688 0.792969 0.054688 0.781250 0.050781 0.777344 0.050781 0.775391 0.048828 0.775391 0.044922 0.771484 0.041016 0.771484 0.039062 0.769531 0.039062 0.767578
0 0.501953 0.767578 0.498047 0.771484 0.496094 0.771484 0.492188 0.775391 0.490234 0.775391 0.490234 0.777344 0.488281 0.779297 0.488281 0.781250 0.486328 0.783203 0.486328 0.800781 0.488281 0.802734 0.488281 0.804688 0.490234 0.806641 0.490234 0.808594 0.498047 0.816406 0.500000 0.816406 0.501953 0.818359 0.519531 0.818359 0.521484 0.816406 0.527344 0.816406 0.527344 0.814453 0.529297 0.812500 0.531250 0.812500 0.531250 0.810547 0.533203 0.808594 0.533203 0.806641 0.535156 0.804688 0.535156 0.802734 0.537109 0.800781 0.537109 0.798828 0.539062 0.796875 0.539062 0.777344 0.535156 0.773438 0.535156 0.771484 0.533203 0.771484 0.529297 0.767578
0 0.132812 0.775391 0.130859 0.777344 0.126953 0.777344 0.125000 0.779297 0.125000 0.781250 0.123047 0.783203 0.123047 0.787109 0.121094 0.789062 0.121094 0.802734 0.123047 0.804688 0.123047 0.806641 0.125000 0.808594 0.125000 0.810547 0.126953 0.812500 0.126953 0.814453 0.130859 0.818359 0.130859 0.820312 0.136719 0.826172 0.140625 0.826172 0.142578 0.828125 0.146484 0.828125 0.150391 0.832031 0.152344 0.832031 0.154297 0.833984 0.154297 0.835938 0.156250 0.837891 0.156250 0.839844 0.158203 0.841797 0.158203 0.845703 0.160156 0.847656 0.173828 0.847656 0.177734 0.843750 0.179688 0.843750 0.187500 0.835938 0.187500 0.833984 0.189453 0.832031 0.189453 0.830078 0.191406 0.828125 0.191406 0.816406 0.189453 0.814453 0.189453 0.808594 0.187500 0.806641 0.187500 0.804688 0.185547 0.802734 0.185547 0.800781 0.183594 0.798828 0.183594 0.796875 0.181641 0.794922 0.181641 0.792969 0.171875 0.783203 0.169922 0.783203 0.166016 0.779297 0.164062 0.779297 0.162109 0.777344 0.158203 0.777344 0.156250 0.775391
0 0.109375 0.826172 0.107422 0.828125 0.105469 0.828125 0.103516 0.830078 0.099609 0.830078 0.097656 0.832031 0.095703 0.832031 0.091797 0.835938 0.091797 0.837891 0.087891 0.841797 0.087891 0.867188 0.089844 0.869141 0.089844 0.875000 0.091797 0.876953 0.091797 0.882812 0.093750 0.884766 0.093750 0.886719 0.095703 0.888672 0.095703 0.890625 0.101562 0.896484 0.101562 0.898438 0.107422 0.904297 0.107422 0.906250 0.113281 0.912109 0.128906 0.912109 0.130859 0.910156 0.132812 0.910156 0.134766 0.908203 0.136719 0.908203 0.136719 0.906250 0.142578 0.900391 0.144531 0.900391 0.144531 0.898438 0.156250 0.886719 0.156250 0.884766 0.160156 0.880859 0.160156 0.853516 0.158203 0.851562 0.158203 0.847656 0.156250 0.845703 0.156250 0.841797 0.154297 0.839844 0.154297 0.837891 0.152344 0.835938 0.152344 0.833984 0.150391 0.833984 0.146484 0.830078 0.142578 0.830078 0.140625 0.828125 0.136719 0.828125 0.134766 0.826172
0 0.630859 0.865234 0.628906 0.867188 0.626953 0.867188 0.625000 0.869141 0.623047 0.869141 0.619141 0.873047 0.617188 0.873047 0.613281 0.876953 0.613281 0.884766 0.615234 0.886719 0.617188 0.886719 0.619141 0.888672 0.623047 0.888672 0.625000 0.890625 0.636719 0.890625 0.642578 0.884766 0.642578 0.871094 0.640625 0.869141 0.640625 0.867188 0.638672 0.867188 0.636719 0.865234
0 0.550781 0.855469 0.548828 0.857422 0.546875 0.857422 0.544922 0.859375 0.542969 0.859375 0.541016 0.861328 0.539062 0.861328 0.535156 0.865234 0.533203 0.865234 0.531250 0.867188 0.529297 0.867188 0.525391 0.871094 0.523438 0.871094 0.513672 0.880859 0.513672 0.882812 0.511719 0.884766 0.511719 0.890625 0.517578 0.896484 0.523438 0.896484 0.525391 0.898438 0.533203 0.898438 0.535156 0.900391 0.539062 0.900391 0.541016 0.902344 0.546875 0.902344 0.548828 0.904297 0.552734 0.904297 0.554688 0.906250 0.556641 0.906250 0.558594 0.908203 0.562500 0.908203 0.568359 0.902344 0.570312 0.902344 0.572266 0.900391 0.574219 0.900391 0.578125 0.896484 0.580078 0.896484 0.582031 0.894531 0.582031 0.869141 0.580078 0.867188 0.580078 0.863281 0.574219 0.857422 0.568359 0.857422 0.566406 0.855469
0 0.191406 0.859375 0.189453 0.861328 0.187500 0.861328 0.173828 0.875000 0.173828 0.876953 0.171875 0.878906 0.171875 0.880859 0.169922 0.882812 0.169922 0.884766 0.167969 0.886719 0.167969 0.890625 0.166016 0.892578 0.166016 0.910156 0.167969 0.912109 0.167969 0.917969 0.169922 0.919922 0.169922 0.921875 0.175781 0.927734 0.175781 0.929688 0.177734 0.931641 0.177734 0.933594 0.179688 0.933594 0.183594 0.937500 0.185547 0.937500 0.189453 0.941406 0.207031 0.941406 0.207031 0.939453 0.208984 0.937500 0.210938 0.937500 0.218750 0.929688 0.218750 0.927734 0.220703 0.925781 0.222656 0.925781 0.222656 0.919922 0.224609 0.917969 0.224609 0.910156 0.222656 0.908203 0.222656 0.882812 0.220703 0.880859 0.220703 0.876953 0.218750 0.875000 0.218750 0.873047 0.216797 0.873047 0.214844 0.871094 0.214844 0.869141 0.212891 0.869141 0.210938 0.867188 0.210938 0.865234 0.207031 0.865234 0.205078 0.863281 0.203125 0.863281 0.201172 0.861328 0.199219 0.861328 0.197266 0.859375
0 0.265625 0.857422 0.263672 0.859375 0.259766 0.859375 0.257812 0.861328 0.253906 0.861328 0.250000 0.865234 0.248047 0.865234 0.244141 0.869141 0.242188 0.869141 0.238281 0.873047 0.236328 0.873047 0.236328 0.875000 0.230469 0.880859 0.230469 0.882812 0.224609 0.888672 0.224609 0.908203 0.226562 0.910156 0.226562 0.914062 0.228516 0.916016 0.228516 0.921875 0.232422 0.925781 0.232422 0.929688 0.234375 0.929688 0.236328 0.931641 0.236328 0.933594 0.240234 0.937500 0.240234 0.939453 0.244141 0.943359 0.244141 0.945312 0.246094 0.945312 0.250000 0.949219 0.257812 0.949219 0.259766 0.947266 0.275391 0.947266 0.279297 0.943359 0.281250 0.943359 0.285156 0.939453 0.285156 0.937500 0.289062 0.933594 0.289062 0.931641 0.292969 0.927734 0.292969 0.923828 0.294922 0.921875 0.296875 0.921875 0.296875 0.896484 0.294922 0.894531 0.294922 0.886719 0.292969 0.884766 0.292969 0.876953 0.291016 0.875000 0.291016 0.873047 0.289062 0.871094 0.289062 0.867188 0.285156 0.863281 0.285156 0.861328 0.283203 0.861328 0.279297 0.857422
0 0.439453 0.865234 0.433594 0.871094 0.431641 0.871094 0.425781 0.876953 0.423828 0.876953 0.423828 0.880859 0.419922 0.884766 0.419922 0.902344 0.421875 0.904297 0.421875 0.910156 0.423828 0.912109 0.423828 0.929688 0.425781 0.931641 0.425781 0.933594 0.427734 0.935547 0.427734 0.939453 0.431641 0.943359 0.431641 0.945312 0.433594 0.945312 0.437500 0.949219 0.466797 0.949219 0.468750 0.947266 0.470703 0.947266 0.472656 0.945312 0.474609 0.945312 0.480469 0.939453 0.480469 0.937500 0.484375 0.933594 0.484375 0.931641 0.486328 0.929688 0.486328 0.902344 0.484375 0.900391 0.484375 0.890625 0.482422 0.888672 0.482422 0.884766 0.480469 0.882812 0.480469 0.880859 0.478516 0.878906 0.478516 0.876953 0.476562 0.875000 0.476562 0.873047 0.472656 0.873047 0.470703 0.871094 0.468750 0.871094 0.466797 0.869141 0.458984 0.869141 0.457031 0.867188 0.455078 0.867188 0.453125 0.865234
0 0.333984 0.873047 0.332031 0.875000 0.328125 0.875000 0.326172 0.876953 0.324219 0.876953 0.322266 0.878906 0.322266 0.880859 0.318359 0.884766 0.318359 0.886719 0.316406 0.888672 0.316406 0.896484 0.314453 0.898438 0.314453 0.906250 0.312500 0.908203 0.312500 0.912109 0.310547 0.914062 0.310547 0.925781 0.312500 0.927734 0.312500 0.933594 0.314453 0.935547 0.314453 0.943359 0.318359 0.947266 0.318359 0.949219 0.322266 0.949219 0.326172 0.953125 0.328125 0.953125 0.330078 0.955078 0.347656 0.955078 0.349609 0.953125 0.351562 0.953125 0.353516 0.951172 0.355469 0.951172 0.361328 0.945312 0.363281 0.945312 0.363281 0.943359 0.365234 0.941406 0.367188 0.941406 0.367188 0.939453 0.371094 0.935547 0.371094 0.931641 0.373047 0.929688 0.373047 0.927734 0.375000 0.925781 0.375000 0.912109 0.373047 0.910156 0.373047 0.908203 0.371094 0.906250 0.371094 0.904297 0.367188 0.900391 0.367188 0.896484 0.365234 0.896484 0.363281 0.894531 0.363281 0.892578 0.359375 0.888672 0.359375 0.884766 0.357422 0.884766 0.355469 0.882812 0.355469 0.880859 0.353516 0.880859 0.349609 0.876953 0.345703 0.876953 0.343750 0.875000 0.341797 0.875000 0.339844 0.873047
0 0.003906 0.894531 0.001953 0.896484 0.000000 0.896484 0.000000 0.939453 0.003906 0.939453 0.005859 0.937500 0.009766 0.937500 0.017578 0.929688 0.017578 0.925781 0.019531 0.923828 0.019531 0.921875 0.021484 0.919922 0.021484 0.906250 0.019531 0.904297 0.019531 0.900391 0.015625 0.896484 0.013672 0.896484 0.011719 0.894531
0 0.578125 0.898438 0.574219 0.902344 0.572266 0.902344 0.570312 0.904297 0.568359 0.904297 0.564453 0.908203 0.564453 0.910156 0.560547 0.914062 0.560547 0.916016 0.556641 0.919922 0.556641 0.921875 0.554688 0.923828 0.554688 0.925781 0.552734 0.927734 0.552734 0.929688 0.550781 0.931641 0.550781 0.939453 0.552734 0.941406 0.552734 0.943359 0.554688 0.943359 0.556641 0.945312 0.558594 0.945312 0.560547 0.947266 0.564453 0.947266 0.566406 0.949219 0.576172 0.949219 0.578125 0.947266 0.580078 0.947266 0.582031 0.945312 0.583984 0.945312 0.585938 0.943359 0.585938 0.941406 0.587891 0.939453 0.589844 0.939453 0.589844 0.937500 0.593750 0.933594 0.593750 0.927734 0.595703 0.925781 0.595703 0.912109 0.593750 0.910156 0.593750 0.906250 0.589844 0.902344 0.589844 0.900391 0.587891 0.900391 0.585938 0.898438
0 0.029297 0.882812 0.027344 0.884766 0.023438 0.884766 0.023438 0.886719 0.021484 0.888672 0.021484 0.904297 0.023438 0.906250 0.023438 0.910156 0.025391 0.912109 0.025391 0.914062 0.027344 0.916016 0.027344 0.917969 0.029297 0.919922 0.029297 0.921875 0.031250 0.923828 0.031250 0.925781 0.033203 0.927734 0.033203 0.931641 0.035156 0.933594 0.035156 0.937500 0.037109 0.939453 0.037109 0.943359 0.039062 0.945312 0.039062 0.947266 0.041016 0.949219 0.041016 0.951172 0.042969 0.953125 0.042969 0.955078 0.044922 0.957031 0.044922 0.958984 0.046875 0.960938 0.046875 0.962891 0.048828 0.964844 0.048828 0.966797 0.050781 0.968750 0.050781 0.970703 0.054688 0.974609 0.054688 0.976562 0.056641 0.978516 0.056641 0.980469 0.062500 0.986328 0.062500 0.988281 0.064453 0.990234 0.066406 0.990234 0.070312 0.994141 0.082031 0.994141 0.085938 0.990234 0.087891 0.990234 0.097656 0.980469 0.097656 0.976562 0.099609 0.974609 0.099609 0.966797 0.101562 0.964844 0.101562 0.962891 0.103516 0.960938 0.103516 0.945312 0.101562 0.943359 0.101562 0.937500 0.099609 0.935547 0.099609 0.929688 0.095703 0.925781 0.095703 0.923828 0.091797 0.919922 0.091797 0.917969 0.089844 0.916016 0.089844 0.914062 0.087891 0.912109 0.085938 0.912109 0.082031 0.908203 0.080078 0.908203 0.074219 0.902344 0.072266 0.902344 0.068359 0.898438 0.066406 0.898438 0.062500 0.894531 0.060547 0.894531 0.058594 0.892578 0.056641 0.892578 0.052734 0.888672 0.050781 0.888672 0.048828 0.886719 0.046875 0.886719 0.044922 0.884766 0.042969 0.884766 0.041016 0.882812
0 0.205078 0.970703 0.201172 0.974609 0.197266 0.974609 0.197266 0.976562 0.195312 0.978516 0.193359 0.978516 0.189453 0.982422 0.189453 0.984375 0.187500 0.986328 0.185547 0.986328 0.181641 0.990234 0.181641 0.992188 0.179688 0.994141 0.177734 0.994141 0.173828 0.998047 0.234375 0.998047 0.234375 0.990234 0.232422 0.988281 0.232422 0.986328 0.230469 0.984375 0.230469 0.980469 0.224609 0.974609 0.220703 0.974609 0.218750 0.972656 0.218750 0.970703
0 0.500000 0.968750 0.498047 0.970703 0.492188 0.970703 0.490234 0.972656 0.486328 0.972656 0.484375 0.974609 0.482422 0.974609 0.478516 0.978516 0.476562 0.978516 0.472656 0.982422 0.468750 0.982422 0.464844 0.986328 0.462891 0.986328 0.462891 0.988281 0.460938 0.990234 0.460938 0.992188 0.462891 0.994141 0.462891 0.996094 0.464844 0.998047 0.550781 0.998047 0.550781 0.996094 0.548828 0.994141 0.548828 0.992188 0.546875 0.990234 0.546875 0.982422 0.544922 0.982422 0.542969 0.980469 0.542969 0.978516 0.539062 0.974609 0.535156 0.974609 0.531250 0.970703 0.521484 0.970703 0.519531 0.968750
0 0.617188 0.974609 0.615234 0.976562 0.613281 0.976562 0.607422 0.982422 0.607422 0.984375 0.601562 0.990234 0.601562 0.998047 0.701172 0.998047 0.699219 0.996094 0.699219 0.994141 0.697266 0.992188 0.695312 0.992188 0.691406 0.988281 0.689453 0.988281 0.685547 0.984375 0.683594 0.984375 0.681641 0.982422 0.677734 0.982422 0.675781 0.980469 0.669922 0.980469 0.667969 0.978516 0.660156 0.978516 0.658203 0.976562 0.638672 0.976562 0.636719 0.978516 0.625000 0.978516 0.623047 0.976562 0.621094 0.976562 0.619141 0.974609
0 0.296875 0.978516 0.294922 0.980469 0.291016 0.980469 0.289062 0.982422 0.285156 0.982422 0.281250 0.986328 0.279297 0.986328 0.279297 0.988281 0.277344 0.990234 0.275391 0.990234 0.275391 0.992188 0.273438 0.994141 0.273438 0.996094 0.275391 0.998047 0.333984 0.998047 0.332031 0.996094 0.332031 0.994141 0.328125 0.990234 0.328125 0.988281 0.322266 0.982422 0.318359 0.982422 0.314453 0.978516
