0 0.410156 0.000000 0.412109 0.001953 0.414062 0.001953 0.419922 0.007812 0.419922 0.011719 0.421875 0.013672 0.423828 0.013672 0.425781 0.015625 0.427734 0.015625 0.429688 0.017578 0.439453 0.017578 0.441406 0.015625 0.443359 0.015625 0.445312 0.013672 0.449219 0.013672 0.451172 0.011719 0.457031 0.011719 0.457031 0.009766 0.458984 0.007812 0.460938 0.007812 0.464844 0.003906 0.468750 0.003906 0.468750 0.000000
0 0.207031 0.003906 0.205078 0.005859 0.203125 0.005859 0.201172 0.007812 0.201172 0.015625 0.197266 0.019531 0.197266 0.023438 0.199219 0.025391 0.199219 0.027344 0.201172 0.029297 0.201172 0.031250 0.214844 0.031250 0.214844 0.029297 0.216797 0.027344 0.216797 0.025391 0.218750 0.023438 0.218750 0.009766 0.214844 0.005859 0.214844 0.003906
0 0.625000 0.025391 0.625000 0.027344 0.623047 0.029297 0.619141 0.029297 0.615234 0.033203 0.611328 0.033203 0.611328 0.035156 0.609375 0.037109 0.607422 0.037109 0.607422 0.039062 0.605469 0.041016 0.605469 0.042969 0.603516 0.044922 0.603516 0.046875 0.601562 0.048828 0.601562 0.054688 0.603516 0.054688 0.605469 0.056641 0.605469 0.058594 0.609375 0.058594 0.611328 0.060547 0.613281 0.060547 0.615234 0.062500 0.650391 0.062500 0.650391 0.060547 0.654297 0.056641 0.654297 0.035156 0.652344 0.033203 0.650391 0.033203 0.646484 0.029297 0.644531 0.029297 0.642578 0.027344 0.642578 0.025391
0 0.365234 0.066406 0.363281 0.068359 0.359375 0.068359 0.355469 0.072266 0.355469 0.078125 0.357422 0.080078 0.357422 0.082031 0.359375 0.083984 0.359375 0.085938 0.363281 0.089844 0.367188 0.089844 0.371094 0.093750 0.375000 0.093750 0.375000 0.091797 0.376953 0.089844 0.378906 0.089844 0.378906 0.087891 0.380859 0.085938 0.382812 0.085938 0.382812 0.083984 0.384766 0.082031 0.386719 0.082031 0.388672 0.080078 0.390625 0.080078 0.392578 0.078125 0.394531 0.078125 0.394531 0.076172 0.396484 0.074219 0.396484 0.068359 0.390625 0.068359 0.388672 0.066406
0 0.316406 0.175781 0.314453 0.177734 0.312500 0.177734 0.308594 0.181641 0.306641 0.181641 0.306641 0.183594 0.302734 0.187500 0.302734 0.193359 0.306641 0.197266 0.308594 0.197266 0.310547 0.199219 0.312500 0.199219 0.314453 0.201172 0.314453 0.203125 0.335938 0.203125 0.335938 0.201172 0.337891 0.199219 0.337891 0.185547 0.335938 0.183594 0.335938 0.181641 0.332031 0.177734 0.330078 0.177734 0.328125 0.175781
0 0.406250 0.193359 0.406250 0.195312 0.404297 0.197266 0.404297 0.205078 0.406250 0.207031 0.406250 0.208984 0.408203 0.210938 0.408203 0.218750 0.412109 0.222656 0.412109 0.224609 0.416016 0.228516 0.416016 0.230469 0.421875 0.230469 0.423828 0.228516 0.425781 0.228516 0.425781 0.226562 0.429688 0.222656 0.429688 0.208984 0.427734 0.207031 0.427734 0.205078 0.425781 0.203125 0.425781 0.201172 0.423828 0.199219 0.423828 0.197266 0.421875 0.197266 0.417969 0.193359
0 0.939453 0.251953 0.937500 0.253906 0.935547 0.253906 0.935547 0.255859 0.933594 0.257812 0.931641 0.257812 0.929688 0.259766 0.927734 0.259766 0.927734 0.265625 0.919922 0.273438 0.919922 0.279297 0.923828 0.283203 0.925781 0.283203 0.927734 0.285156 0.927734 0.287109 0.941406 0.287109 0.943359 0.285156 0.945312 0.285156 0.947266 0.283203 0.949219 0.283203 0.949219 0.281250 0.951172 0.279297 0.953125 0.279297 0.953125 0.273438 0.955078 0.271484 0.955078 0.257812 0.953125 0.255859 0.951172 0.255859 0.949219 0.253906 0.947266 0.253906 0.945312 0.251953
0 0.947266 0.363281 0.945312 0.365234 0.941406 0.365234 0.939453 0.367188 0.937500 0.367188 0.937500 0.376953 0.939453 0.378906 0.939453 0.382812 0.941406 0.384766 0.945312 0.384766 0.947266 0.386719 0.947266 0.388672 0.951172 0.388672 0.955078 0.392578 0.972656 0.392578 0.976562 0.388672 0.980469 0.388672 0.980469 0.386719 0.982422 0.384766 0.984375 0.384766 0.984375 0.382812 0.986328 0.380859 0.986328 0.375000 0.984375 0.373047 0.984375 0.371094 0.980469 0.371094 0.976562 0.367188 0.974609 0.367188 0.972656 0.365234 0.962891 0.365234 0.960938 0.363281
0 0.421875 0.378906 0.419922 0.380859 0.412109 0.380859 0.410156 0.382812 0.406250 0.382812 0.404297 0.384766 0.402344 0.384766 0.400391 0.386719 0.398438 0.386719 0.396484 0.388672 0.394531 0.388672 0.390625 0.392578 0.388672 0.392578 0.386719 0.394531 0.384766 0.394531 0.382812 0.396484 0.378906 0.396484 0.378906 0.398438 0.375000 0.402344 0.373047 0.402344 0.367188 0.408203 0.367188 0.410156 0.365234 0.412109 0.365234 0.417969 0.369141 0.421875 0.371094 0.421875 0.375000 0.425781 0.376953 0.425781 0.380859 0.429688 0.382812 0.429688 0.386719 0.433594 0.412109 0.433594 0.414062 0.431641 0.416016 0.431641 0.417969 0.429688 0.419922 0.429688 0.425781 0.423828 0.427734 0.423828 0.429688 0.421875 0.431641 0.421875 0.435547 0.417969 0.435547 0.416016 0.439453 0.412109 0.439453 0.400391 0.437500 0.398438 0.437500 0.384766 0.433594 0.384766 0.427734 0.378906
0 0.583984 0.498047 0.582031 0.500000 0.576172 0.500000 0.576172 0.501953 0.578125 0.503906 0.580078 0.503906 0.585938 0.509766 0.585938 0.511719 0.587891 0.513672 0.587891 0.517578 0.589844 0.519531 0.595703 0.519531 0.603516 0.527344 0.617188 0.527344 0.619141 0.525391 0.623047 0.525391 0.625000 0.523438 0.632812 0.523438 0.632812 0.509766 0.628906 0.505859 0.626953 0.505859 0.625000 0.503906 0.625000 0.501953 0.623047 0.501953 0.621094 0.500000 0.603516 0.500000 0.601562 0.498047
0 0.560547 0.498047 0.556641 0.501953 0.554688 0.501953 0.552734 0.503906 0.550781 0.503906 0.548828 0.505859 0.546875 0.505859 0.544922 0.507812 0.544922 0.509766 0.542969 0.511719 0.539062 0.511719 0.539062 0.515625 0.537109 0.517578 0.537109 0.519531 0.531250 0.525391 0.531250 0.527344 0.529297 0.529297 0.527344 0.529297 0.527344 0.539062 0.525391 0.541016 0.525391 0.546875 0.527344 0.548828 0.527344 0.556641 0.531250 0.560547 0.531250 0.562500 0.533203 0.562500 0.535156 0.564453 0.537109 0.564453 0.539062 0.566406 0.541016 0.566406 0.542969 0.568359 0.550781 0.568359 0.552734 0.566406 0.560547 0.566406 0.562500 0.564453 0.564453 0.564453 0.566406 0.562500 0.568359 0.562500 0.570312 0.560547 0.572266 0.560547 0.578125 0.554688 0.580078 0.554688 0.582031 0.552734 0.583984 0.552734 0.585938 0.550781 0.587891 0.550781 0.587891 0.548828 0.591797 0.544922 0.591797 0.531250 0.587891 0.527344 0.587891 0.519531 0.585938 0.517578 0.585938 0.513672 0.583984 0.511719 0.583984 0.509766 0.580078 0.505859 0.578125 0.505859 0.572266 0.500000 0.570312 0.500000 0.568359 0.498047
0 0.933594 0.597656 0.931641 0.599609 0.931641 0.605469 0.933594 0.607422 0.933594 0.609375 0.935547 0.611328 0.935547 0.613281 0.937500 0.613281 0.947266 0.623047 0.957031 0.623047 0.958984 0.621094 0.960938 0.621094 0.960938 0.619141 0.962891 0.617188 0.962891 0.615234 0.964844 0.613281 0.964844 0.611328 0.960938 0.607422 0.953125 0.607422 0.949219 0.603516 0.947266 0.603516 0.945312 0.601562 0.945312 0.599609 0.943359 0.599609 0.941406 0.597656
0 0.984375 0.642578 0.980469 0.646484 0.978516 0.646484 0.978516 0.660156 0.982422 0.660156 0.984375 0.662109 0.986328 0.662109 0.988281 0.664062 0.990234 0.664062 0.994141 0.667969 0.996094 0.667969 0.998047 0.669922 0.998047 0.644531 0.996094 0.642578
0 0.378906 0.630859 0.376953 0.632812 0.373047 0.632812 0.365234 0.640625 0.365234 0.675781 0.363281 0.677734 0.363281 0.687500 0.367188 0.691406 0.371094 0.691406 0.378906 0.699219 0.380859 0.699219 0.388672 0.707031 0.390625 0.707031 0.394531 0.710938 0.396484 0.710938 0.398438 0.712891 0.400391 0.712891 0.404297 0.716797 0.417969 0.716797 0.427734 0.707031 0.427734 0.654297 0.425781 0.652344 0.425781 0.650391 0.419922 0.644531 0.417969 0.644531 0.410156 0.636719 0.408203 0.636719 0.406250 0.634766 0.404297 0.634766 0.402344 0.632812 0.392578 0.632812 0.390625 0.630859
0 0.000000 0.597656 0.000000 0.767578 0.001953 0.767578 0.007812 0.761719 0.009766 0.761719 0.021484 0.750000 0.021484 0.746094 0.023438 0.744141 0.025391 0.744141 0.025391 0.740234 0.027344 0.738281 0.027344 0.736328 0.033203 0.730469 0.033203 0.728516 0.039062 0.722656 0.039062 0.718750 0.048828 0.708984 0.048828 0.701172 0.050781 0.699219 0.050781 0.683594 0.048828 0.681641 0.048828 0.677734 0.046875 0.675781 0.046875 0.669922 0.044922 0.667969 0.044922 0.658203 0.042969 0.656250 0.042969 0.650391 0.035156 0.642578 0.035156 0.638672 0.033203 0.636719 0.033203 0.632812 0.031250 0.630859 0.031250 0.628906 0.029297 0.626953 0.029297 0.625000 0.027344 0.623047 0.027344 0.617188 0.025391 0.615234 0.025391 0.611328 0.021484 0.607422 0.019531 0.607422 0.013672 0.601562 0.009766 0.601562 0.005859 0.597656
