0 0.681641 0.000000 0.675781 0.005859 0.675781 0.007812 0.673828 0.009766 0.673828 0.013672 0.671875 0.015625 0.671875 0.023438 0.673828 0.025391 0.675781 0.025391 0.677734 0.027344 0.679688 0.027344 0.681641 0.029297 0.708984 0.029297 0.710938 0.027344 0.716797 0.027344 0.716797 0.025391 0.718750 0.023438 0.720703 0.023438 0.720703 0.021484 0.722656 0.019531 0.722656 0.015625 0.724609 0.013672 0.724609 0.009766 0.726562 0.007812 0.726562 0.005859 0.730469 0.001953 0.730469 0.000000
0 0.244141 0.083984 0.242188 0.085938 0.240234 0.085938 0.234375 0.091797 0.234375 0.107422 0.246094 0.107422 0.250000 0.103516 0.251953 0.103516 0.253906 0.101562 0.259766 0.101562 0.261719 0.099609 0.263672 0.099609 0.269531 0.093750 0.269531 0.087891 0.267578 0.085938 0.261719 0.085938 0.259766 0.083984
0 0.201172 0.109375 0.199219 0.111328 0.195312 0.111328 0.193359 0.113281 0.193359 0.115234 0.189453 0.119141 0.189453 0.121094 0.187500 0.123047 0.187500 0.134766 0.189453 0.136719 0.193359 0.136719 0.195312 0.138672 0.203125 0.138672 0.208984 0.132812 0.208984 0.130859 0.212891 0.126953 0.212891 0.125000 0.216797 0.121094 0.216797 0.111328 0.214844 0.111328 0.212891 0.109375
0 0.246094 0.146484 0.244141 0.148438 0.240234 0.148438 0.238281 0.150391 0.236328 0.150391 0.236328 0.160156 0.238281 0.160156 0.240234 0.162109 0.244141 0.162109 0.246094 0.164062 0.253906 0.164062 0.255859 0.162109 0.257812 0.162109 0.261719 0.158203 0.261719 0.148438 0.259766 0.146484
0 0.250000 0.181641 0.248047 0.183594 0.248047 0.189453 0.253906 0.195312 0.255859 0.195312 0.257812 0.197266 0.259766 0.197266 0.261719 0.199219 0.277344 0.199219 0.279297 0.197266 0.279297 0.193359 0.277344 0.191406 0.275391 0.191406 0.273438 0.189453 0.269531 0.189453 0.267578 0.187500 0.263672 0.187500 0.261719 0.185547 0.259766 0.185547 0.257812 0.183594 0.255859 0.183594 0.253906 0.181641
0 0.000000 0.199219 0.000000 0.250000 0.005859 0.244141 0.007812 0.244141 0.009766 0.242188 0.011719 0.242188 0.011719 0.240234 0.013672 0.238281 0.015625 0.238281 0.019531 0.234375 0.023438 0.234375 0.027344 0.230469 0.029297 0.230469 0.031250 0.228516 0.035156 0.228516 0.037109 0.226562 0.042969 0.226562 0.042969 0.224609 0.044922 0.222656 0.046875 0.222656 0.046875 0.216797 0.039062 0.208984 0.033203 0.208984 0.031250 0.207031 0.029297 0.207031 0.027344 0.205078 0.015625 0.205078 0.013672 0.203125 0.011719 0.203125 0.009766 0.201172 0.005859 0.201172 0.003906 0.199219
0 0.906250 0.218750 0.904297 0.220703 0.898438 0.220703 0.896484 0.222656 0.890625 0.222656 0.888672 0.224609 0.886719 0.224609 0.884766 0.226562 0.882812 0.226562 0.880859 0.228516 0.880859 0.240234 0.886719 0.246094 0.888672 0.246094 0.890625 0.248047 0.892578 0.248047 0.894531 0.250000 0.898438 0.250000 0.900391 0.251953 0.902344 0.250000 0.919922 0.250000 0.921875 0.251953 0.927734 0.251953 0.929688 0.253906 0.931641 0.253906 0.933594 0.255859 0.939453 0.255859 0.941406 0.257812 0.943359 0.257812 0.945312 0.259766 0.947266 0.259766 0.949219 0.261719 0.951172 0.261719 0.958984 0.269531 0.958984 0.279297 0.962891 0.279297 0.964844 0.281250 0.974609 0.281250 0.976562 0.279297 0.978516 0.279297 0.978516 0.277344 0.982422 0.273438 0.982422 0.261719 0.980469 0.259766 0.980469 0.255859 0.978516 0.253906 0.978516 0.251953 0.974609 0.248047 0.974609 0.246094 0.966797 0.238281 0.964844 0.238281 0.960938 0.234375 0.958984 0.234375 0.955078 0.230469 0.953125 0.230469 0.951172 0.228516 0.947266 0.228516 0.945312 0.226562 0.943359 0.226562 0.941406 0.224609 0.939453 0.224609 0.937500 0.222656 0.931641 0.222656 0.929688 0.220703 0.919922 0.220703 0.917969 0.218750
0 0.902344 0.251953 0.900391 0.253906 0.898438 0.253906 0.900391 0.255859 0.900391 0.263672 0.902344 0.265625 0.902344 0.271484 0.904297 0.273438 0.904297 0.277344 0.906250 0.279297 0.908203 0.279297 0.910156 0.281250 0.955078 0.281250 0.957031 0.279297 0.957031 0.269531 0.951172 0.263672 0.949219 0.263672 0.947266 0.261719 0.945312 0.261719 0.943359 0.259766 0.941406 0.259766 0.939453 0.257812 0.933594 0.257812 0.931641 0.255859 0.929688 0.255859 0.927734 0.253906 0.921875 0.253906 0.919922 0.251953
0 0.503906 0.259766 0.501953 0.261719 0.498047 0.261719 0.498047 0.263672 0.496094 0.265625 0.498047 0.267578 0.498047 0.269531 0.501953 0.273438 0.503906 0.273438 0.507812 0.277344 0.525391 0.277344 0.527344 0.275391 0.533203 0.275391 0.535156 0.273438 0.544922 0.273438 0.546875 0.271484 0.546875 0.267578 0.544922 0.265625 0.541016 0.265625 0.539062 0.263672 0.533203 0.263672 0.531250 0.261719 0.519531 0.261719 0.517578 0.259766
0 0.585938 0.269531 0.583984 0.271484 0.583984 0.277344 0.587891 0.281250 0.589844 0.281250 0.593750 0.285156 0.605469 0.285156 0.607422 0.287109 0.615234 0.287109 0.615234 0.281250 0.613281 0.281250 0.611328 0.279297 0.607422 0.279297 0.605469 0.277344 0.603516 0.277344 0.601562 0.275391 0.599609 0.275391 0.593750 0.269531
0 0.595703 0.335938 0.593750 0.337891 0.589844 0.337891 0.585938 0.341797 0.585938 0.343750 0.582031 0.347656 0.576172 0.347656 0.574219 0.349609 0.566406 0.349609 0.564453 0.351562 0.558594 0.351562 0.556641 0.353516 0.550781 0.353516 0.548828 0.355469 0.537109 0.355469 0.535156 0.357422 0.527344 0.357422 0.525391 0.359375 0.521484 0.359375 0.519531 0.361328 0.517578 0.361328 0.509766 0.369141 0.509766 0.371094 0.505859 0.375000 0.505859 0.384766 0.507812 0.386719 0.507812 0.388672 0.511719 0.392578 0.513672 0.392578 0.515625 0.394531 0.517578 0.394531 0.519531 0.396484 0.523438 0.396484 0.525391 0.398438 0.582031 0.398438 0.591797 0.388672 0.593750 0.388672 0.599609 0.382812 0.601562 0.382812 0.605469 0.378906 0.607422 0.378906 0.609375 0.376953 0.611328 0.376953 0.613281 0.375000 0.615234 0.375000 0.617188 0.373047 0.623047 0.373047 0.625000 0.371094 0.626953 0.371094 0.626953 0.369141 0.628906 0.367188 0.628906 0.361328 0.626953 0.359375 0.626953 0.353516 0.625000 0.351562 0.625000 0.347656 0.623047 0.347656 0.619141 0.343750 0.617188 0.343750 0.615234 0.341797 0.613281 0.341797 0.609375 0.337891 0.607422 0.337891 0.605469 0.335938
0 0.136719 0.337891 0.134766 0.339844 0.128906 0.339844 0.126953 0.341797 0.119141 0.341797 0.117188 0.343750 0.097656 0.343750 0.095703 0.345703 0.089844 0.345703 0.087891 0.347656 0.085938 0.347656 0.083984 0.349609 0.082031 0.349609 0.074219 0.357422 0.074219 0.359375 0.068359 0.365234 0.068359 0.367188 0.064453 0.371094 0.064453 0.373047 0.062500 0.375000 0.062500 0.376953 0.060547 0.378906 0.060547 0.386719 0.062500 0.388672 0.062500 0.390625 0.068359 0.396484 0.070312 0.396484 0.072266 0.398438 0.074219 0.398438 0.076172 0.400391 0.082031 0.400391 0.083984 0.402344 0.097656 0.402344 0.099609 0.400391 0.107422 0.400391 0.109375 0.398438 0.113281 0.398438 0.117188 0.394531 0.119141 0.394531 0.121094 0.392578 0.123047 0.392578 0.125000 0.390625 0.126953 0.390625 0.130859 0.386719 0.132812 0.386719 0.136719 0.382812 0.138672 0.382812 0.142578 0.378906 0.144531 0.378906 0.148438 0.375000 0.150391 0.375000 0.152344 0.373047 0.154297 0.373047 0.156250 0.371094 0.158203 0.371094 0.160156 0.369141 0.164062 0.369141 0.166016 0.367188 0.167969 0.367188 0.169922 0.365234 0.171875 0.365234 0.173828 0.363281 0.179688 0.363281 0.183594 0.359375 0.185547 0.359375 0.185547 0.347656 0.181641 0.343750 0.175781 0.343750 0.173828 0.341797 0.164062 0.341797 0.162109 0.339844 0.144531 0.339844 0.142578 0.337891
0 0.880859 0.345703 0.878906 0.347656 0.876953 0.347656 0.875000 0.349609 0.873047 0.349609 0.871094 0.351562 0.869141 0.351562 0.869141 0.353516 0.867188 0.355469 0.867188 0.361328 0.865234 0.363281 0.865234 0.386719 0.867188 0.388672 0.867188 0.398438 0.869141 0.398438 0.871094 0.396484 0.876953 0.396484 0.878906 0.398438 0.880859 0.398438 0.888672 0.390625 0.890625 0.390625 0.892578 0.388672 0.894531 0.388672 0.896484 0.386719 0.898438 0.386719 0.900391 0.384766 0.906250 0.384766 0.908203 0.382812 0.912109 0.382812 0.914062 0.380859 0.916016 0.380859 0.916016 0.365234 0.914062 0.363281 0.914062 0.361328 0.912109 0.359375 0.912109 0.357422 0.900391 0.345703
0 0.921875 0.378906 0.919922 0.380859 0.917969 0.380859 0.916016 0.382812 0.914062 0.382812 0.912109 0.384766 0.908203 0.384766 0.906250 0.386719 0.900391 0.386719 0.898438 0.388672 0.896484 0.388672 0.894531 0.390625 0.892578 0.390625 0.890625 0.392578 0.888672 0.392578 0.882812 0.398438 0.882812 0.400391 0.884766 0.400391 0.888672 0.404297 0.890625 0.404297 0.894531 0.408203 0.894531 0.412109 0.896484 0.414062 0.896484 0.416016 0.923828 0.416016 0.925781 0.414062 0.927734 0.414062 0.929688 0.412109 0.931641 0.412109 0.935547 0.408203 0.935547 0.406250 0.937500 0.404297 0.937500 0.388672 0.933594 0.384766 0.933594 0.382812 0.931641 0.382812 0.929688 0.380859 0.927734 0.380859 0.925781 0.378906
0 0.742188 0.384766 0.738281 0.388672 0.732422 0.388672 0.730469 0.390625 0.728516 0.390625 0.724609 0.394531 0.732422 0.402344 0.732422 0.406250 0.734375 0.408203 0.734375 0.410156 0.732422 0.412109 0.734375 0.414062 0.753906 0.414062 0.755859 0.412109 0.757812 0.412109 0.769531 0.400391 0.769531 0.394531 0.767578 0.392578 0.767578 0.390625 0.765625 0.390625 0.763672 0.388672 0.759766 0.388672 0.757812 0.386719 0.751953 0.386719 0.750000 0.384766
0 0.173828 0.365234 0.171875 0.367188 0.169922 0.367188 0.167969 0.369141 0.166016 0.369141 0.164062 0.371094 0.160156 0.371094 0.158203 0.373047 0.156250 0.373047 0.154297 0.375000 0.152344 0.375000 0.150391 0.376953 0.148438 0.376953 0.144531 0.380859 0.142578 0.380859 0.138672 0.384766 0.136719 0.384766 0.121094 0.400391 0.121094 0.404297 0.119141 0.406250 0.119141 0.423828 0.128906 0.433594 0.130859 0.433594 0.132812 0.435547 0.134766 0.435547 0.138672 0.439453 0.140625 0.439453 0.142578 0.441406 0.144531 0.441406 0.148438 0.445312 0.150391 0.445312 0.152344 0.447266 0.154297 0.447266 0.156250 0.449219 0.158203 0.449219 0.160156 0.451172 0.162109 0.451172 0.164062 0.453125 0.167969 0.453125 0.169922 0.451172 0.171875 0.451172 0.183594 0.439453 0.183594 0.437500 0.185547 0.435547 0.185547 0.429688 0.187500 0.427734 0.187500 0.421875 0.189453 0.419922 0.189453 0.414062 0.191406 0.412109 0.191406 0.410156 0.193359 0.408203 0.193359 0.406250 0.195312 0.404297 0.195312 0.400391 0.197266 0.398438 0.197266 0.378906 0.195312 0.376953 0.195312 0.373047 0.191406 0.369141 0.187500 0.369141 0.185547 0.367188 0.181641 0.367188 0.179688 0.365234
0 0.871094 0.398438 0.869141 0.400391 0.867188 0.400391 0.865234 0.402344 0.859375 0.402344 0.857422 0.404297 0.855469 0.404297 0.855469 0.416016 0.857422 0.416016 0.859375 0.417969 0.859375 0.419922 0.863281 0.419922 0.865234 0.421875 0.890625 0.421875 0.894531 0.417969 0.894531 0.414062 0.892578 0.412109 0.892578 0.408203 0.890625 0.406250 0.888672 0.406250 0.884766 0.402344 0.882812 0.402344 0.880859 0.400391 0.878906 0.400391 0.876953 0.398438
0 0.697266 0.394531 0.693359 0.398438 0.691406 0.398438 0.689453 0.400391 0.687500 0.400391 0.683594 0.404297 0.679688 0.404297 0.671875 0.412109 0.671875 0.427734 0.673828 0.429688 0.673828 0.431641 0.675781 0.433594 0.675781 0.435547 0.677734 0.435547 0.681641 0.439453 0.699219 0.439453 0.701172 0.437500 0.705078 0.437500 0.707031 0.435547 0.708984 0.435547 0.712891 0.431641 0.714844 0.431641 0.730469 0.416016 0.730469 0.412109 0.732422 0.410156 0.732422 0.408203 0.730469 0.406250 0.730469 0.402344 0.724609 0.396484 0.720703 0.396484 0.718750 0.394531
0 0.628906 0.371094 0.626953 0.373047 0.625000 0.373047 0.623047 0.375000 0.617188 0.375000 0.615234 0.376953 0.613281 0.376953 0.611328 0.378906 0.609375 0.378906 0.607422 0.380859 0.605469 0.380859 0.601562 0.384766 0.599609 0.384766 0.593750 0.390625 0.591797 0.390625 0.583984 0.398438 0.583984 0.400391 0.580078 0.404297 0.580078 0.406250 0.578125 0.408203 0.578125 0.410156 0.576172 0.412109 0.576172 0.414062 0.574219 0.416016 0.574219 0.417969 0.570312 0.421875 0.570312 0.423828 0.568359 0.425781 0.568359 0.427734 0.566406 0.429688 0.566406 0.441406 0.578125 0.453125 0.580078 0.453125 0.585938 0.458984 0.587891 0.458984 0.589844 0.460938 0.591797 0.460938 0.595703 0.464844 0.597656 0.464844 0.603516 0.470703 0.605469 0.470703 0.607422 0.472656 0.609375 0.472656 0.611328 0.474609 0.613281 0.474609 0.615234 0.476562 0.617188 0.476562 0.619141 0.478516 0.638672 0.478516 0.642578 0.474609 0.644531 0.474609 0.646484 0.472656 0.646484 0.470703 0.648438 0.468750 0.648438 0.466797 0.650391 0.464844 0.650391 0.462891 0.652344 0.460938 0.652344 0.394531 0.650391 0.392578 0.650391 0.386719 0.646484 0.382812 0.646484 0.380859 0.644531 0.378906 0.644531 0.376953 0.640625 0.373047 0.638672 0.373047 0.636719 0.371094
0 0.916016 0.468750 0.914062 0.470703 0.912109 0.470703 0.910156 0.472656 0.910156 0.476562 0.921875 0.488281 0.921875 0.490234 0.925781 0.490234 0.927734 0.492188 0.931641 0.492188 0.933594 0.494141 0.945312 0.494141 0.947266 0.492188 0.964844 0.492188 0.966797 0.490234 0.970703 0.490234 0.972656 0.488281 0.974609 0.488281 0.974609 0.482422 0.972656 0.480469 0.970703 0.480469 0.968750 0.478516 0.964844 0.478516 0.962891 0.476562 0.945312 0.476562 0.943359 0.474609 0.939453 0.474609 0.937500 0.472656 0.935547 0.472656 0.933594 0.470703 0.931641 0.470703 0.929688 0.468750
0 0.214844 0.447266 0.210938 0.451172 0.205078 0.451172 0.203125 0.453125 0.201172 0.453125 0.201172 0.478516 0.203125 0.480469 0.203125 0.482422 0.205078 0.484375 0.205078 0.486328 0.208984 0.490234 0.208984 0.492188 0.212891 0.496094 0.214844 0.496094 0.216797 0.498047 0.216797 0.500000 0.218750 0.500000 0.222656 0.503906 0.224609 0.503906 0.236328 0.515625 0.238281 0.515625 0.240234 0.517578 0.240234 0.519531 0.244141 0.519531 0.246094 0.521484 0.250000 0.521484 0.251953 0.523438 0.275391 0.523438 0.277344 0.521484 0.279297 0.521484 0.281250 0.519531 0.281250 0.505859 0.279297 0.503906 0.279297 0.501953 0.273438 0.496094 0.273438 0.494141 0.269531 0.490234 0.269531 0.488281 0.267578 0.488281 0.265625 0.486328 0.265625 0.484375 0.261719 0.480469 0.261719 0.478516 0.257812 0.474609 0.257812 0.472656 0.238281 0.453125 0.236328 0.453125 0.230469 0.447266
0 0.478516 0.476562 0.476562 0.478516 0.474609 0.478516 0.472656 0.480469 0.470703 0.480469 0.468750 0.482422 0.466797 0.482422 0.464844 0.484375 0.464844 0.486328 0.462891 0.488281 0.462891 0.490234 0.460938 0.492188 0.460938 0.496094 0.458984 0.498047 0.458984 0.500000 0.457031 0.501953 0.457031 0.515625 0.458984 0.517578 0.458984 0.521484 0.460938 0.523438 0.460938 0.525391 0.462891 0.527344 0.462891 0.529297 0.468750 0.535156 0.470703 0.535156 0.472656 0.537109 0.476562 0.537109 0.478516 0.539062 0.488281 0.539062 0.490234 0.541016 0.501953 0.541016 0.503906 0.542969 0.511719 0.542969 0.513672 0.544922 0.527344 0.544922 0.529297 0.542969 0.533203 0.542969 0.535156 0.541016 0.537109 0.541016 0.539062 0.539062 0.541016 0.539062 0.544922 0.535156 0.544922 0.533203 0.546875 0.531250 0.546875 0.529297 0.548828 0.527344 0.548828 0.507812 0.546875 0.505859 0.546875 0.500000 0.544922 0.498047 0.544922 0.494141 0.542969 0.492188 0.542969 0.490234 0.537109 0.484375 0.535156 0.484375 0.531250 0.480469 0.529297 0.480469 0.527344 0.478516 0.523438 0.478516 0.521484 0.476562 0.498047 0.476562 0.496094 0.478516 0.490234 0.478516 0.488281 0.476562
0 0.912109 0.500000 0.910156 0.501953 0.908203 0.501953 0.908203 0.505859 0.912109 0.509766 0.916016 0.509766 0.917969 0.511719 0.921875 0.511719 0.923828 0.513672 0.929688 0.513672 0.933594 0.517578 0.935547 0.517578 0.939453 0.521484 0.941406 0.521484 0.943359 0.523438 0.947266 0.523438 0.949219 0.521484 0.951172 0.521484 0.951172 0.519531 0.958984 0.511719 0.958984 0.509766 0.960938 0.507812 0.960938 0.503906 0.958984 0.501953 0.935547 0.501953 0.933594 0.500000
0 0.380859 0.484375 0.378906 0.486328 0.376953 0.486328 0.375000 0.488281 0.373047 0.488281 0.371094 0.490234 0.371094 0.492188 0.369141 0.494141 0.369141 0.529297 0.371094 0.531250 0.371094 0.537109 0.373047 0.539062 0.373047 0.541016 0.375000 0.542969 0.375000 0.544922 0.376953 0.546875 0.376953 0.548828 0.388672 0.560547 0.390625 0.560547 0.394531 0.564453 0.406250 0.564453 0.406250 0.562500 0.410156 0.558594 0.410156 0.556641 0.412109 0.554688 0.412109 0.552734 0.416016 0.548828 0.416016 0.544922 0.417969 0.542969 0.417969 0.541016 0.421875 0.537109 0.421875 0.507812 0.419922 0.505859 0.419922 0.503906 0.417969 0.501953 0.417969 0.500000 0.416016 0.498047 0.416016 0.496094 0.414062 0.494141 0.412109 0.494141 0.410156 0.492188 0.408203 0.492188 0.406250 0.490234 0.404297 0.490234 0.402344 0.488281 0.400391 0.488281 0.398438 0.486328 0.394531 0.486328 0.392578 0.484375
0 0.000000 0.544922 0.000000 0.593750 0.003906 0.593750 0.005859 0.595703 0.011719 0.595703 0.013672 0.597656 0.017578 0.597656 0.019531 0.599609 0.023438 0.599609 0.025391 0.601562 0.031250 0.601562 0.033203 0.603516 0.037109 0.603516 0.039062 0.605469 0.054688 0.605469 0.056641 0.607422 0.060547 0.607422 0.062500 0.609375 0.068359 0.609375 0.070312 0.611328 0.076172 0.611328 0.080078 0.615234 0.082031 0.615234 0.083984 0.617188 0.085938 0.617188 0.089844 0.621094 0.091797 0.621094 0.093750 0.623047 0.111328 0.623047 0.113281 0.621094 0.117188 0.621094 0.119141 0.619141 0.121094 0.619141 0.123047 0.617188 0.125000 0.617188 0.132812 0.609375 0.132812 0.593750 0.130859 0.591797 0.130859 0.589844 0.121094 0.580078 0.119141 0.580078 0.117188 0.578125 0.113281 0.578125 0.111328 0.576172 0.109375 0.576172 0.107422 0.574219 0.103516 0.574219 0.101562 0.572266 0.099609 0.572266 0.097656 0.570312 0.093750 0.570312 0.091797 0.568359 0.085938 0.568359 0.083984 0.566406 0.078125 0.566406 0.076172 0.564453 0.072266 0.564453 0.070312 0.562500 0.068359 0.562500 0.066406 0.560547 0.060547 0.560547 0.058594 0.558594 0.054688 0.558594 0.052734 0.556641 0.046875 0.556641 0.044922 0.554688 0.041016 0.554688 0.039062 0.552734 0.035156 0.552734 0.033203 0.550781 0.029297 0.550781 0.027344 0.548828 0.021484 0.548828 0.019531 0.546875 0.013672 0.546875 0.011719 0.544922
0 0.289062 0.638672 0.287109 0.640625 0.285156 0.640625 0.283203 0.642578 0.281250 0.642578 0.279297 0.644531 0.277344 0.644531 0.275391 0.646484 0.273438 0.646484 0.271484 0.648438 0.269531 0.648438 0.259766 0.658203 0.259766 0.660156 0.257812 0.662109 0.257812 0.673828 0.265625 0.681641 0.267578 0.681641 0.269531 0.683594 0.294922 0.683594 0.296875 0.681641 0.300781 0.681641 0.302734 0.679688 0.302734 0.677734 0.306641 0.673828 0.304688 0.671875 0.304688 0.667969 0.302734 0.666016 0.302734 0.664062 0.300781 0.662109 0.300781 0.638672
0 0.324219 0.623047 0.322266 0.625000 0.320312 0.625000 0.316406 0.628906 0.314453 0.628906 0.312500 0.630859 0.308594 0.630859 0.302734 0.636719 0.302734 0.662109 0.304688 0.664062 0.304688 0.666016 0.306641 0.667969 0.306641 0.671875 0.308594 0.673828 0.308594 0.675781 0.314453 0.681641 0.314453 0.683594 0.316406 0.685547 0.316406 0.687500 0.318359 0.687500 0.324219 0.693359 0.326172 0.693359 0.328125 0.695312 0.330078 0.695312 0.332031 0.697266 0.349609 0.697266 0.351562 0.695312 0.353516 0.695312 0.355469 0.693359 0.357422 0.693359 0.369141 0.681641 0.369141 0.677734 0.371094 0.675781 0.371094 0.662109 0.369141 0.660156 0.369141 0.658203 0.367188 0.656250 0.367188 0.654297 0.365234 0.652344 0.365234 0.650391 0.363281 0.648438 0.363281 0.646484 0.361328 0.644531 0.361328 0.642578 0.353516 0.634766 0.353516 0.632812 0.345703 0.625000 0.343750 0.625000 0.341797 0.623047
0 0.029297 0.607422 0.027344 0.609375 0.023438 0.609375 0.015625 0.617188 0.013672 0.617188 0.013672 0.619141 0.009766 0.623047 0.009766 0.625000 0.007812 0.626953 0.007812 0.644531 0.009766 0.646484 0.009766 0.648438 0.011719 0.650391 0.011719 0.652344 0.017578 0.658203 0.017578 0.660156 0.023438 0.666016 0.023438 0.667969 0.031250 0.675781 0.031250 0.677734 0.035156 0.681641 0.035156 0.683594 0.039062 0.687500 0.039062 0.689453 0.041016 0.691406 0.041016 0.693359 0.042969 0.695312 0.042969 0.697266 0.044922 0.699219 0.044922 0.701172 0.050781 0.707031 0.050781 0.708984 0.056641 0.714844 0.060547 0.714844 0.062500 0.716797 0.064453 0.716797 0.066406 0.718750 0.074219 0.718750 0.076172 0.720703 0.085938 0.720703 0.087891 0.718750 0.093750 0.718750 0.095703 0.716797 0.099609 0.716797 0.103516 0.712891 0.105469 0.712891 0.115234 0.703125 0.115234 0.701172 0.117188 0.699219 0.117188 0.697266 0.119141 0.695312 0.119141 0.691406 0.121094 0.689453 0.121094 0.681641 0.123047 0.679688 0.123047 0.660156 0.121094 0.658203 0.121094 0.656250 0.119141 0.654297 0.119141 0.652344 0.113281 0.646484 0.113281 0.644531 0.105469 0.636719 0.103516 0.636719 0.101562 0.634766 0.101562 0.632812 0.095703 0.626953 0.095703 0.625000 0.093750 0.625000 0.091797 0.623047 0.089844 0.623047 0.085938 0.619141 0.083984 0.619141 0.082031 0.617188 0.080078 0.617188 0.076172 0.613281 0.070312 0.613281 0.068359 0.611328 0.062500 0.611328 0.060547 0.609375 0.056641 0.609375 0.054688 0.607422
0 0.765625 0.679688 0.763672 0.681641 0.736328 0.681641 0.734375 0.683594 0.726562 0.683594 0.724609 0.685547 0.724609 0.691406 0.726562 0.693359 0.728516 0.693359 0.730469 0.695312 0.736328 0.695312 0.738281 0.693359 0.742188 0.693359 0.744141 0.691406 0.750000 0.691406 0.751953 0.689453 0.763672 0.689453 0.765625 0.687500 0.773438 0.687500 0.775391 0.685547 0.781250 0.685547 0.783203 0.683594 0.783203 0.681641 0.781250 0.679688
0 0.960938 0.681641 0.960938 0.693359 0.962891 0.695312 0.962891 0.697266 0.964844 0.699219 0.964844 0.701172 0.966797 0.701172 0.972656 0.707031 0.986328 0.707031 0.988281 0.705078 0.988281 0.703125 0.986328 0.703125 0.984375 0.701172 0.980469 0.701172 0.970703 0.691406 0.970703 0.689453 0.968750 0.687500 0.968750 0.683594 0.966797 0.683594 0.964844 0.681641
0 0.775391 0.687500 0.773438 0.689453 0.765625 0.689453 0.763672 0.691406 0.751953 0.691406 0.750000 0.693359 0.744141 0.693359 0.742188 0.695312 0.738281 0.695312 0.736328 0.697266 0.734375 0.697266 0.732422 0.699219 0.730469 0.699219 0.728516 0.701172 0.728516 0.708984 0.730469 0.710938 0.732422 0.710938 0.734375 0.712891 0.736328 0.712891 0.738281 0.710938 0.740234 0.710938 0.746094 0.705078 0.748047 0.705078 0.750000 0.703125 0.751953 0.703125 0.753906 0.701172 0.755859 0.701172 0.757812 0.699219 0.773438 0.699219 0.775391 0.697266 0.777344 0.697266 0.779297 0.695312 0.781250 0.695312 0.781250 0.687500
0 0.531250 0.728516 0.529297 0.730469 0.527344 0.730469 0.523438 0.734375 0.523438 0.736328 0.521484 0.738281 0.521484 0.753906 0.523438 0.755859 0.523438 0.757812 0.527344 0.761719 0.527344 0.765625 0.531250 0.769531 0.531250 0.771484 0.535156 0.775391 0.535156 0.777344 0.539062 0.781250 0.539062 0.783203 0.541016 0.785156 0.541016 0.787109 0.544922 0.791016 0.544922 0.792969 0.546875 0.794922 0.546875 0.796875 0.556641 0.796875 0.558594 0.794922 0.562500 0.794922 0.564453 0.792969 0.566406 0.792969 0.576172 0.783203 0.576172 0.781250 0.580078 0.777344 0.580078 0.773438 0.582031 0.771484 0.582031 0.759766 0.580078 0.757812 0.580078 0.751953 0.576172 0.748047 0.576172 0.746094 0.574219 0.744141 0.574219 0.742188 0.572266 0.742188 0.568359 0.738281 0.564453 0.738281 0.558594 0.732422 0.554688 0.732422 0.552734 0.730469 0.550781 0.730469 0.548828 0.728516
0 0.658203 0.820312 0.656250 0.822266 0.652344 0.822266 0.648438 0.826172 0.646484 0.826172 0.644531 0.828125 0.644531 0.830078 0.642578 0.832031 0.642578 0.837891 0.644531 0.839844 0.644531 0.841797 0.646484 0.843750 0.654297 0.843750 0.656250 0.845703 0.662109 0.845703 0.664062 0.847656 0.667969 0.847656 0.673828 0.853516 0.673828 0.859375 0.679688 0.859375 0.681641 0.857422 0.687500 0.857422 0.689453 0.855469 0.701172 0.855469 0.703125 0.853516 0.705078 0.853516 0.705078 0.841797 0.703125 0.839844 0.703125 0.837891 0.699219 0.833984 0.699219 0.832031 0.697266 0.830078 0.695312 0.830078 0.691406 0.826172 0.689453 0.826172 0.687500 0.824219 0.683594 0.824219 0.681641 0.822266 0.675781 0.822266 0.673828 0.820312
0 0.048828 0.837891 0.046875 0.839844 0.037109 0.839844 0.035156 0.841797 0.035156 0.847656 0.037109 0.849609 0.044922 0.849609 0.046875 0.851562 0.050781 0.851562 0.054688 0.855469 0.056641 0.855469 0.060547 0.859375 0.064453 0.859375 0.066406 0.861328 0.070312 0.861328 0.072266 0.863281 0.082031 0.863281 0.083984 0.861328 0.097656 0.861328 0.097656 0.851562 0.091797 0.845703 0.085938 0.845703 0.083984 0.843750 0.078125 0.843750 0.076172 0.841797 0.070312 0.841797 0.068359 0.839844 0.064453 0.839844 0.062500 0.837891
0 0.000000 0.845703 0.000000 0.865234 0.001953 0.865234 0.003906 0.863281 0.005859 0.863281 0.007812 0.861328 0.009766 0.861328 0.011719 0.859375 0.011719 0.853516 0.007812 0.849609 0.005859 0.849609 0.003906 0.847656 0.001953 0.847656
0 0.958984 0.837891 0.957031 0.839844 0.951172 0.839844 0.949219 0.841797 0.945312 0.841797 0.943359 0.843750 0.941406 0.843750 0.939453 0.845703 0.937500 0.845703 0.933594 0.849609 0.931641 0.849609 0.925781 0.855469 0.925781 0.857422 0.921875 0.861328 0.921875 0.863281 0.917969 0.867188 0.917969 0.869141 0.916016 0.871094 0.916016 0.873047 0.914062 0.875000 0.914062 0.894531 0.931641 0.894531 0.933594 0.892578 0.935547 0.892578 0.939453 0.888672 0.941406 0.888672 0.949219 0.880859 0.949219 0.878906 0.953125 0.875000 0.953125 0.873047 0.964844 0.861328 0.966797 0.861328 0.968750 0.859375 0.970703 0.859375 0.972656 0.857422 0.974609 0.857422 0.982422 0.849609 0.982422 0.847656 0.980469 0.845703 0.980469 0.843750 0.978516 0.843750 0.976562 0.841797 0.974609 0.841797 0.972656 0.839844 0.968750 0.839844 0.966797 0.837891
0 0.125000 0.855469 0.123047 0.857422 0.123047 0.859375 0.130859 0.859375 0.132812 0.861328 0.132812 0.867188 0.126953 0.873047 0.152344 0.873047 0.154297 0.875000 0.177734 0.875000 0.179688 0.876953 0.187500 0.876953 0.189453 0.878906 0.207031 0.878906 0.210938 0.875000 0.210938 0.871094 0.207031 0.871094 0.205078 0.869141 0.203125 0.869141 0.199219 0.865234 0.199219 0.861328 0.203125 0.857422 0.130859 0.857422 0.128906 0.855469
0 0.212891 0.855469 0.210938 0.857422 0.207031 0.857422 0.205078 0.859375 0.203125 0.859375 0.201172 0.861328 0.201172 0.865234 0.203125 0.867188 0.205078 0.867188 0.207031 0.869141 0.210938 0.869141 0.212891 0.871094 0.216797 0.871094 0.218750 0.873047 0.224609 0.873047 0.226562 0.875000 0.232422 0.875000 0.234375 0.876953 0.242188 0.876953 0.244141 0.878906 0.253906 0.878906 0.255859 0.876953 0.255859 0.875000 0.257812 0.873047 0.257812 0.869141 0.253906 0.865234 0.251953 0.865234 0.248047 0.861328 0.246094 0.861328 0.244141 0.859375 0.242188 0.859375 0.240234 0.857422 0.238281 0.857422 0.236328 0.855469
0 0.101562 0.861328 0.099609 0.863281 0.083984 0.863281 0.082031 0.865234 0.078125 0.865234 0.076172 0.867188 0.072266 0.867188 0.070312 0.869141 0.070312 0.873047 0.072266 0.875000 0.076172 0.875000 0.078125 0.876953 0.085938 0.876953 0.087891 0.878906 0.107422 0.878906 0.109375 0.876953 0.113281 0.876953 0.115234 0.875000 0.117188 0.875000 0.119141 0.873047 0.123047 0.873047 0.125000 0.871094 0.126953 0.871094 0.130859 0.867188 0.130859 0.861328
0 0.630859 0.845703 0.628906 0.847656 0.626953 0.847656 0.625000 0.849609 0.621094 0.849609 0.619141 0.851562 0.617188 0.851562 0.615234 0.853516 0.613281 0.853516 0.607422 0.859375 0.605469 0.859375 0.605469 0.861328 0.603516 0.863281 0.603516 0.876953 0.607422 0.880859 0.607422 0.882812 0.613281 0.888672 0.615234 0.888672 0.619141 0.892578 0.636719 0.892578 0.638672 0.890625 0.642578 0.890625 0.644531 0.888672 0.646484 0.888672 0.648438 0.886719 0.652344 0.886719 0.656250 0.882812 0.658203 0.882812 0.660156 0.880859 0.662109 0.880859 0.667969 0.875000 0.666016 0.873047 0.666016 0.865234 0.669922 0.861328 0.671875 0.861328 0.671875 0.853516 0.667969 0.849609 0.664062 0.849609 0.662109 0.847656 0.656250 0.847656 0.654297 0.845703
0 0.710938 0.851562 0.708984 0.853516 0.707031 0.853516 0.705078 0.855469 0.703125 0.855469 0.701172 0.857422 0.689453 0.857422 0.687500 0.859375 0.681641 0.859375 0.679688 0.861328 0.673828 0.861328 0.671875 0.863281 0.669922 0.863281 0.667969 0.865234 0.667969 0.873047 0.671875 0.876953 0.673828 0.876953 0.675781 0.878906 0.677734 0.878906 0.679688 0.880859 0.685547 0.880859 0.687500 0.882812 0.693359 0.882812 0.695312 0.884766 0.701172 0.884766 0.703125 0.886719 0.714844 0.886719 0.716797 0.884766 0.718750 0.884766 0.722656 0.880859 0.724609 0.880859 0.728516 0.876953 0.730469 0.876953 0.734375 0.873047 0.734375 0.871094 0.736328 0.869141 0.738281 0.869141 0.738281 0.867188 0.742188 0.863281 0.744141 0.863281 0.744141 0.857422 0.740234 0.853516 0.738281 0.853516 0.736328 0.851562
0 0.005859 0.867188 0.003906 0.869141 0.003906 0.875000 0.007812 0.878906 0.009766 0.878906 0.011719 0.880859 0.013672 0.880859 0.015625 0.882812 0.033203 0.882812 0.035156 0.880859 0.042969 0.880859 0.046875 0.876953 0.046875 0.871094 0.044922 0.871094 0.042969 0.869141 0.017578 0.869141 0.015625 0.867188
0 0.814453 0.853516 0.808594 0.859375 0.806641 0.859375 0.804688 0.861328 0.802734 0.861328 0.800781 0.863281 0.798828 0.863281 0.792969 0.869141 0.792969 0.871094 0.791016 0.873047 0.791016 0.890625 0.792969 0.892578 0.792969 0.894531 0.794922 0.894531 0.796875 0.896484 0.796875 0.898438 0.802734 0.904297 0.802734 0.906250 0.804688 0.908203 0.804688 0.916016 0.806641 0.917969 0.806641 0.919922 0.830078 0.919922 0.832031 0.921875 0.835938 0.921875 0.839844 0.917969 0.841797 0.917969 0.843750 0.916016 0.843750 0.914062 0.847656 0.910156 0.849609 0.910156 0.849609 0.908203 0.853516 0.904297 0.853516 0.902344 0.855469 0.900391 0.855469 0.898438 0.857422 0.896484 0.857422 0.890625 0.859375 0.888672 0.859375 0.880859 0.861328 0.878906 0.861328 0.871094 0.859375 0.869141 0.859375 0.867188 0.855469 0.863281 0.853516 0.863281 0.851562 0.861328 0.849609 0.861328 0.847656 0.859375 0.845703 0.859375 0.843750 0.857422 0.839844 0.857422 0.837891 0.855469 0.830078 0.855469 0.828125 0.853516
0 0.912109 0.902344 0.910156 0.904297 0.908203 0.904297 0.906250 0.906250 0.904297 0.906250 0.902344 0.908203 0.902344 0.910156 0.900391 0.912109 0.900391 0.914062 0.898438 0.916016 0.898438 0.927734 0.900391 0.929688 0.900391 0.933594 0.904297 0.937500 0.906250 0.937500 0.908203 0.939453 0.910156 0.939453 0.917969 0.947266 0.917969 0.949219 0.923828 0.955078 0.923828 0.960938 0.925781 0.962891 0.925781 0.964844 0.927734 0.964844 0.929688 0.962891 0.933594 0.962891 0.943359 0.953125 0.943359 0.951172 0.945312 0.949219 0.945312 0.937500 0.943359 0.935547 0.943359 0.931641 0.941406 0.929688 0.941406 0.927734 0.939453 0.925781 0.939453 0.916016 0.937500 0.914062 0.937500 0.912109 0.935547 0.910156 0.935547 0.908203 0.931641 0.904297 0.927734 0.904297 0.925781 0.902344
0 0.806641 0.921875 0.804688 0.923828 0.802734 0.923828 0.800781 0.925781 0.798828 0.925781 0.794922 0.929688 0.794922 0.931641 0.791016 0.935547 0.791016 0.937500 0.789062 0.939453 0.789062 0.960938 0.791016 0.962891 0.791016 0.966797 0.792969 0.968750 0.792969 0.972656 0.794922 0.974609 0.794922 0.976562 0.798828 0.980469 0.798828 0.982422 0.800781 0.984375 0.800781 0.986328 0.802734 0.988281 0.810547 0.988281 0.812500 0.986328 0.816406 0.986328 0.820312 0.982422 0.822266 0.982422 0.828125 0.976562 0.830078 0.976562 0.830078 0.974609 0.835938 0.968750 0.835938 0.966797 0.839844 0.962891 0.839844 0.960938 0.841797 0.958984 0.841797 0.955078 0.843750 0.953125 0.843750 0.941406 0.841797 0.939453 0.841797 0.931641 0.837891 0.927734 0.837891 0.925781 0.835938 0.925781 0.833984 0.923828 0.832031 0.923828 0.830078 0.921875
0 0.892578 0.937500 0.890625 0.939453 0.888672 0.939453 0.886719 0.941406 0.884766 0.941406 0.882812 0.943359 0.880859 0.943359 0.878906 0.945312 0.876953 0.945312 0.875000 0.947266 0.875000 0.949219 0.873047 0.951172 0.873047 0.953125 0.871094 0.955078 0.871094 0.968750 0.873047 0.970703 0.873047 0.974609 0.880859 0.982422 0.882812 0.982422 0.886719 0.986328 0.888672 0.986328 0.890625 0.988281 0.908203 0.988281 0.914062 0.982422 0.916016 0.982422 0.916016 0.980469 0.919922 0.976562 0.919922 0.974609 0.923828 0.970703 0.923828 0.962891 0.921875 0.960938 0.921875 0.955078 0.916016 0.949219 0.916016 0.947266 0.910156 0.941406 0.908203 0.941406 0.906250 0.939453 0.904297 0.939453 0.902344 0.937500
0 0.433594 0.986328 0.431641 0.988281 0.421875 0.988281 0.419922 0.990234 0.402344 0.990234 0.398438 0.994141 0.398438 0.998047 0.472656 0.998047 0.472656 0.996094 0.470703 0.996094 0.466797 0.992188 0.464844 0.992188 0.462891 0.990234 0.460938 0.990234 0.458984 0.988281 0.457031 0.988281 0.455078 0.986328
