0 0.195312 0.000000 0.195312 0.005859 0.197266 0.007812 0.197266 0.011719 0.203125 0.017578 0.205078 0.017578 0.207031 0.019531 0.226562 0.019531 0.230469 0.015625 0.232422 0.015625 0.234375 0.013672 0.236328 0.013672 0.236328 0.011719 0.242188 0.005859 0.242188 0.000000
0 0.753906 0.152344 0.751953 0.154297 0.750000 0.154297 0.750000 0.156250 0.744141 0.162109 0.744141 0.166016 0.742188 0.167969 0.742188 0.169922 0.740234 0.171875 0.740234 0.175781 0.734375 0.181641 0.734375 0.185547 0.730469 0.189453 0.730469 0.197266 0.732422 0.199219 0.736328 0.199219 0.738281 0.201172 0.755859 0.201172 0.757812 0.199219 0.759766 0.199219 0.759766 0.195312 0.761719 0.193359 0.761719 0.156250 0.759766 0.154297 0.759766 0.152344
0 0.337891 0.218750 0.335938 0.220703 0.333984 0.220703 0.332031 0.222656 0.330078 0.222656 0.328125 0.224609 0.328125 0.226562 0.324219 0.230469 0.322266 0.230469 0.316406 0.236328 0.314453 0.236328 0.312500 0.238281 0.310547 0.238281 0.308594 0.240234 0.306641 0.240234 0.306641 0.242188 0.304688 0.244141 0.304688 0.259766 0.308594 0.259766 0.310547 0.261719 0.330078 0.261719 0.332031 0.259766 0.333984 0.259766 0.341797 0.251953 0.343750 0.251953 0.345703 0.250000 0.347656 0.250000 0.353516 0.244141 0.355469 0.244141 0.355469 0.242188 0.357422 0.240234 0.359375 0.240234 0.369141 0.230469 0.371094 0.230469 0.371094 0.222656 0.369141 0.222656 0.367188 0.220703 0.365234 0.220703 0.363281 0.218750
0 0.085938 0.230469 0.085938 0.234375 0.083984 0.236328 0.083984 0.253906 0.085938 0.253906 0.087891 0.255859 0.089844 0.255859 0.093750 0.259766 0.099609 0.259766 0.101562 0.261719 0.125000 0.261719 0.128906 0.257812 0.128906 0.250000 0.125000 0.246094 0.125000 0.244141 0.123047 0.244141 0.121094 0.242188 0.119141 0.242188 0.117188 0.240234 0.117188 0.238281 0.115234 0.238281 0.111328 0.234375 0.109375 0.234375 0.107422 0.232422 0.103516 0.232422 0.101562 0.230469
0 0.847656 0.306641 0.843750 0.310547 0.843750 0.314453 0.845703 0.316406 0.845703 0.318359 0.861328 0.318359 0.863281 0.320312 0.873047 0.320312 0.875000 0.318359 0.876953 0.318359 0.876953 0.312500 0.875000 0.310547 0.871094 0.310547 0.869141 0.308594 0.865234 0.308594 0.863281 0.306641
0 0.458984 0.349609 0.457031 0.351562 0.455078 0.351562 0.453125 0.353516 0.453125 0.355469 0.447266 0.361328 0.447266 0.363281 0.445312 0.365234 0.445312 0.367188 0.443359 0.369141 0.443359 0.378906 0.441406 0.380859 0.441406 0.384766 0.445312 0.388672 0.445312 0.390625 0.447266 0.390625 0.449219 0.392578 0.449219 0.394531 0.451172 0.394531 0.457031 0.400391 0.457031 0.402344 0.458984 0.402344 0.464844 0.408203 0.466797 0.408203 0.468750 0.410156 0.470703 0.410156 0.472656 0.412109 0.490234 0.412109 0.492188 0.410156 0.494141 0.410156 0.494141 0.390625 0.492188 0.388672 0.492188 0.386719 0.490234 0.384766 0.490234 0.380859 0.486328 0.376953 0.486328 0.375000 0.484375 0.373047 0.484375 0.371094 0.482422 0.369141 0.482422 0.367188 0.480469 0.365234 0.480469 0.363281 0.478516 0.361328 0.478516 0.359375 0.476562 0.357422 0.476562 0.355469 0.472656 0.351562 0.472656 0.349609
0 0.621094 0.384766 0.619141 0.386719 0.617188 0.386719 0.617188 0.390625 0.615234 0.392578 0.615234 0.398438 0.617188 0.400391 0.638672 0.400391 0.638672 0.386719 0.636719 0.386719 0.634766 0.384766
0 0.730469 0.394531 0.726562 0.398438 0.718750 0.398438 0.716797 0.400391 0.716797 0.402344 0.714844 0.404297 0.714844 0.410156 0.730469 0.410156 0.732422 0.412109 0.732422 0.414062 0.734375 0.414062 0.740234 0.419922 0.742188 0.419922 0.744141 0.417969 0.746094 0.417969 0.748047 0.416016 0.748047 0.414062 0.750000 0.412109 0.750000 0.398438 0.748047 0.398438 0.744141 0.394531
0 0.087891 0.392578 0.085938 0.394531 0.078125 0.394531 0.076172 0.396484 0.070312 0.396484 0.068359 0.398438 0.066406 0.398438 0.064453 0.400391 0.060547 0.400391 0.058594 0.402344 0.056641 0.402344 0.056641 0.404297 0.054688 0.406250 0.054688 0.416016 0.056641 0.417969 0.056641 0.421875 0.062500 0.427734 0.064453 0.427734 0.066406 0.429688 0.080078 0.429688 0.083984 0.425781 0.083984 0.423828 0.085938 0.421875 0.087891 0.421875 0.087891 0.417969 0.089844 0.416016 0.089844 0.414062 0.091797 0.412109 0.091797 0.410156 0.093750 0.408203 0.093750 0.396484 0.091797 0.394531 0.091797 0.392578
0 0.712891 0.412109 0.710938 0.414062 0.705078 0.414062 0.703125 0.416016 0.699219 0.416016 0.699219 0.417969 0.695312 0.421875 0.693359 0.421875 0.693359 0.423828 0.691406 0.425781 0.691406 0.441406 0.720703 0.441406 0.722656 0.439453 0.724609 0.439453 0.726562 0.437500 0.728516 0.437500 0.730469 0.435547 0.736328 0.435547 0.738281 0.433594 0.740234 0.433594 0.742188 0.431641 0.742188 0.423828 0.734375 0.416016 0.732422 0.416016 0.730469 0.414062 0.730469 0.412109
0 0.041016 0.447266 0.037109 0.451172 0.035156 0.451172 0.031250 0.455078 0.031250 0.457031 0.027344 0.460938 0.027344 0.470703 0.025391 0.472656 0.025391 0.482422 0.027344 0.484375 0.027344 0.486328 0.029297 0.486328 0.031250 0.488281 0.031250 0.492188 0.029297 0.494141 0.023438 0.494141 0.025391 0.494141 0.029297 0.498047 0.035156 0.498047 0.037109 0.500000 0.039062 0.500000 0.041016 0.501953 0.046875 0.501953 0.048828 0.503906 0.089844 0.503906 0.091797 0.501953 0.091797 0.500000 0.093750 0.498047 0.093750 0.496094 0.095703 0.494141 0.095703 0.482422 0.093750 0.480469 0.093750 0.476562 0.091797 0.476562 0.085938 0.470703 0.085938 0.468750 0.078125 0.460938 0.078125 0.458984 0.072266 0.453125 0.072266 0.451172 0.070312 0.449219 0.066406 0.449219 0.064453 0.447266
0 0.410156 0.513672 0.408203 0.515625 0.406250 0.515625 0.404297 0.517578 0.402344 0.517578 0.392578 0.527344 0.392578 0.535156 0.394531 0.537109 0.394531 0.539062 0.400391 0.544922 0.402344 0.544922 0.404297 0.546875 0.416016 0.546875 0.417969 0.544922 0.419922 0.544922 0.419922 0.533203 0.421875 0.531250 0.421875 0.519531 0.416016 0.513672
0 0.656250 0.537109 0.654297 0.539062 0.652344 0.539062 0.650391 0.541016 0.648438 0.541016 0.646484 0.542969 0.644531 0.542969 0.640625 0.546875 0.638672 0.546875 0.638672 0.548828 0.636719 0.550781 0.636719 0.556641 0.638672 0.556641 0.640625 0.558594 0.650391 0.558594 0.652344 0.556641 0.654297 0.556641 0.656250 0.554688 0.666016 0.554688 0.666016 0.544922 0.662109 0.541016 0.660156 0.541016
0 0.037109 0.736328 0.033203 0.740234 0.031250 0.740234 0.023438 0.748047 0.021484 0.748047 0.015625 0.753906 0.011719 0.753906 0.007812 0.757812 0.005859 0.757812 0.000000 0.763672 0.000000 0.771484 0.001953 0.773438 0.001953 0.777344 0.007812 0.783203 0.009766 0.783203 0.013672 0.787109 0.015625 0.787109 0.017578 0.789062 0.031250 0.789062 0.035156 0.785156 0.037109 0.785156 0.039062 0.783203 0.041016 0.783203 0.046875 0.777344 0.048828 0.777344 0.048828 0.775391 0.050781 0.773438 0.050781 0.769531 0.052734 0.767578 0.052734 0.744141 0.048828 0.740234 0.048828 0.738281 0.046875 0.738281 0.044922 0.736328
0 0.578125 0.822266 0.576172 0.824219 0.572266 0.824219 0.568359 0.828125 0.568359 0.830078 0.566406 0.832031 0.566406 0.847656 0.570312 0.851562 0.574219 0.851562 0.576172 0.853516 0.576172 0.855469 0.585938 0.855469 0.587891 0.853516 0.591797 0.853516 0.593750 0.851562 0.597656 0.851562 0.597656 0.849609 0.601562 0.845703 0.601562 0.835938 0.599609 0.833984 0.599609 0.832031 0.597656 0.830078 0.597656 0.828125 0.595703 0.826172 0.593750 0.826172 0.591797 0.824219 0.589844 0.824219 0.587891 0.822266
0 0.140625 0.837891 0.140625 0.839844 0.138672 0.841797 0.138672 0.853516 0.144531 0.859375 0.146484 0.859375 0.148438 0.861328 0.166016 0.861328 0.169922 0.857422 0.171875 0.857422 0.175781 0.853516 0.175781 0.851562 0.177734 0.849609 0.177734 0.843750 0.175781 0.841797 0.173828 0.841797 0.169922 0.837891
0 0.125000 0.929688 0.126953 0.931641 0.126953 0.933594 0.125000 0.935547 0.123047 0.935547 0.123047 0.937500 0.121094 0.939453 0.121094 0.941406 0.119141 0.943359 0.117188 0.943359 0.115234 0.945312 0.115234 0.949219 0.113281 0.951172 0.111328 0.951172 0.111328 0.953125 0.109375 0.955078 0.109375 0.972656 0.111328 0.972656 0.115234 0.976562 0.117188 0.976562 0.119141 0.978516 0.142578 0.978516 0.144531 0.976562 0.154297 0.976562 0.156250 0.974609 0.158203 0.974609 0.158203 0.972656 0.160156 0.970703 0.160156 0.962891 0.162109 0.960938 0.162109 0.958984 0.164062 0.957031 0.164062 0.943359 0.162109 0.941406 0.162109 0.939453 0.158203 0.935547 0.158203 0.933594 0.156250 0.933594 0.154297 0.931641 0.150391 0.931641 0.148438 0.929688
