0 0.941406 0.000000 0.939453 0.001953 0.939453 0.025391 0.941406 0.027344 0.941406 0.029297 0.947266 0.035156 0.947266 0.037109 0.949219 0.039062 0.949219 0.041016 0.953125 0.041016 0.955078 0.042969 0.958984 0.042969 0.960938 0.044922 0.976562 0.044922 0.980469 0.041016 0.984375 0.041016 0.986328 0.039062 0.988281 0.039062 0.994141 0.033203 0.996094 0.033203 0.998047 0.031250 0.998047 0.007812 0.996094 0.007812 0.990234 0.001953 0.986328 0.001953 0.984375 0.000000
0 0.980469 0.066406 0.978516 0.068359 0.978516 0.070312 0.976562 0.072266 0.974609 0.072266 0.974609 0.074219 0.972656 0.076172 0.972656 0.078125 0.970703 0.080078 0.970703 0.089844 0.976562 0.095703 0.976562 0.097656 0.978516 0.097656 0.982422 0.101562 0.986328 0.101562 0.988281 0.103516 0.998047 0.103516 0.996094 0.101562 0.996094 0.085938 0.994141 0.083984 0.994141 0.072266 0.992188 0.070312 0.990234 0.070312 0.986328 0.066406
0 0.421875 0.107422 0.417969 0.111328 0.412109 0.111328 0.408203 0.115234 0.408203 0.119141 0.406250 0.121094 0.406250 0.126953 0.410156 0.126953 0.414062 0.130859 0.419922 0.130859 0.425781 0.125000 0.427734 0.125000 0.433594 0.119141 0.435547 0.119141 0.439453 0.115234 0.439453 0.113281 0.437500 0.111328 0.437500 0.109375 0.433594 0.109375 0.431641 0.107422
0 0.175781 0.144531 0.175781 0.156250 0.177734 0.158203 0.189453 0.158203 0.191406 0.160156 0.193359 0.160156 0.193359 0.150391 0.191406 0.150391 0.185547 0.144531
0 0.685547 0.164062 0.683594 0.166016 0.683594 0.167969 0.681641 0.169922 0.681641 0.203125 0.687500 0.208984 0.687500 0.210938 0.689453 0.212891 0.691406 0.212891 0.693359 0.214844 0.697266 0.214844 0.699219 0.216797 0.710938 0.216797 0.712891 0.214844 0.712891 0.212891 0.714844 0.210938 0.714844 0.205078 0.716797 0.203125 0.716797 0.199219 0.714844 0.197266 0.714844 0.193359 0.712891 0.191406 0.712891 0.185547 0.710938 0.183594 0.710938 0.181641 0.708984 0.179688 0.708984 0.171875 0.701172 0.164062
0 0.621094 0.195312 0.619141 0.197266 0.617188 0.197266 0.613281 0.201172 0.613281 0.205078 0.619141 0.210938 0.626953 0.210938 0.628906 0.212891 0.632812 0.212891 0.634766 0.214844 0.636719 0.214844 0.638672 0.216797 0.642578 0.216797 0.644531 0.218750 0.646484 0.218750 0.646484 0.212891 0.644531 0.210938 0.644531 0.208984 0.642578 0.207031 0.640625 0.207031 0.636719 0.203125 0.636719 0.201172 0.634766 0.199219 0.632812 0.199219 0.628906 0.195312
0 0.048828 0.207031 0.048828 0.212891 0.050781 0.212891 0.052734 0.214844 0.052734 0.216797 0.054688 0.218750 0.056641 0.218750 0.062500 0.224609 0.074219 0.224609 0.074219 0.216797 0.066406 0.208984 0.054688 0.208984 0.052734 0.207031
0 0.931641 0.210938 0.929688 0.212891 0.927734 0.212891 0.925781 0.214844 0.923828 0.214844 0.921875 0.216797 0.919922 0.216797 0.919922 0.230469 0.921875 0.232422 0.921875 0.234375 0.923828 0.236328 0.927734 0.236328 0.931641 0.232422 0.933594 0.232422 0.939453 0.226562 0.941406 0.226562 0.943359 0.224609 0.945312 0.224609 0.947266 0.222656 0.947266 0.216797 0.949219 0.214844 0.949219 0.212891 0.947266 0.212891 0.945312 0.210938
0 0.365234 0.210938 0.365234 0.212891 0.363281 0.214844 0.363281 0.216797 0.361328 0.218750 0.351562 0.218750 0.349609 0.216797 0.349609 0.214844 0.339844 0.214844 0.337891 0.212891 0.326172 0.212891 0.322266 0.216797 0.320312 0.216797 0.316406 0.220703 0.316406 0.230469 0.318359 0.232422 0.320312 0.232422 0.322266 0.234375 0.322266 0.236328 0.324219 0.238281 0.324219 0.240234 0.326172 0.240234 0.328125 0.242188 0.328125 0.244141 0.330078 0.246094 0.330078 0.248047 0.332031 0.248047 0.333984 0.250000 0.333984 0.251953 0.335938 0.253906 0.337891 0.253906 0.341797 0.257812 0.343750 0.257812 0.345703 0.259766 0.347656 0.259766 0.349609 0.261719 0.355469 0.261719 0.357422 0.263672 0.363281 0.263672 0.365234 0.265625 0.392578 0.265625 0.394531 0.263672 0.396484 0.263672 0.398438 0.261719 0.400391 0.261719 0.402344 0.259766 0.402344 0.255859 0.406250 0.251953 0.406250 0.236328 0.404297 0.234375 0.402344 0.234375 0.400391 0.232422 0.400391 0.230469 0.398438 0.230469 0.396484 0.228516 0.394531 0.228516 0.390625 0.224609 0.388672 0.224609 0.384766 0.220703 0.380859 0.220703 0.378906 0.218750 0.378906 0.216797 0.376953 0.216797 0.375000 0.214844 0.373047 0.214844 0.371094 0.212891 0.369141 0.212891 0.367188 0.210938
0 0.923828 0.294922 0.921875 0.296875 0.919922 0.296875 0.914062 0.302734 0.914062 0.314453 0.916016 0.316406 0.917969 0.316406 0.921875 0.320312 0.929688 0.320312 0.931641 0.322266 0.929688 0.324219 0.921875 0.324219 0.927734 0.324219 0.929688 0.326172 0.935547 0.326172 0.937500 0.328125 0.947266 0.328125 0.949219 0.326172 0.953125 0.326172 0.955078 0.324219 0.957031 0.324219 0.958984 0.322266 0.958984 0.320312 0.960938 0.318359 0.960938 0.308594 0.957031 0.304688 0.955078 0.304688 0.953125 0.302734 0.953125 0.300781 0.949219 0.300781 0.947266 0.298828 0.945312 0.298828 0.943359 0.296875 0.935547 0.296875 0.933594 0.294922
0 0.119141 0.310547 0.115234 0.314453 0.117188 0.316406 0.117188 0.318359 0.125000 0.326172 0.125000 0.328125 0.126953 0.328125 0.128906 0.330078 0.128906 0.332031 0.130859 0.333984 0.132812 0.333984 0.134766 0.335938 0.136719 0.335938 0.138672 0.337891 0.140625 0.337891 0.142578 0.339844 0.148438 0.339844 0.150391 0.341797 0.158203 0.341797 0.160156 0.343750 0.164062 0.343750 0.166016 0.341797 0.166016 0.328125 0.156250 0.318359 0.154297 0.318359 0.152344 0.316406 0.148438 0.316406 0.144531 0.312500 0.138672 0.312500 0.136719 0.310547
0 0.546875 0.408203 0.544922 0.410156 0.542969 0.410156 0.541016 0.412109 0.542969 0.412109 0.544922 0.414062 0.546875 0.414062 0.548828 0.416016 0.548828 0.417969 0.550781 0.419922 0.552734 0.419922 0.556641 0.423828 0.558594 0.423828 0.562500 0.427734 0.564453 0.427734 0.566406 0.429688 0.572266 0.429688 0.574219 0.431641 0.599609 0.431641 0.599609 0.419922 0.597656 0.417969 0.597656 0.416016 0.595703 0.414062 0.591797 0.414062 0.589844 0.412109 0.576172 0.412109 0.574219 0.410156 0.566406 0.410156 0.564453 0.408203
0 0.474609 0.507812 0.472656 0.509766 0.472656 0.517578 0.476562 0.517578 0.478516 0.519531 0.478516 0.521484 0.480469 0.523438 0.482422 0.523438 0.484375 0.525391 0.486328 0.525391 0.490234 0.529297 0.492188 0.529297 0.494141 0.531250 0.500000 0.531250 0.501953 0.529297 0.503906 0.529297 0.507812 0.525391 0.507812 0.521484 0.505859 0.521484 0.503906 0.519531 0.503906 0.517578 0.501953 0.517578 0.500000 0.515625 0.500000 0.513672 0.496094 0.509766 0.492188 0.509766 0.490234 0.507812
0 0.900391 0.527344 0.900391 0.537109 0.902344 0.539062 0.904297 0.539062 0.910156 0.544922 0.912109 0.544922 0.914062 0.546875 0.914062 0.548828 0.917969 0.548828 0.919922 0.550781 0.925781 0.550781 0.927734 0.552734 0.931641 0.548828 0.931641 0.546875 0.927734 0.542969 0.927734 0.541016 0.925781 0.539062 0.923828 0.539062 0.921875 0.537109 0.921875 0.535156 0.919922 0.533203 0.917969 0.533203 0.914062 0.529297 0.912109 0.529297 0.910156 0.527344
0 0.003906 0.527344 0.003906 0.529297 0.005859 0.531250 0.005859 0.535156 0.007812 0.537109 0.007812 0.541016 0.015625 0.548828 0.017578 0.548828 0.019531 0.550781 0.021484 0.550781 0.027344 0.556641 0.031250 0.556641 0.035156 0.560547 0.039062 0.560547 0.039062 0.558594 0.037109 0.556641 0.037109 0.554688 0.035156 0.552734 0.035156 0.548828 0.031250 0.544922 0.031250 0.542969 0.029297 0.541016 0.027344 0.541016 0.025391 0.539062 0.023438 0.539062 0.021484 0.537109 0.019531 0.537109 0.017578 0.535156 0.017578 0.533203 0.015625 0.531250 0.011719 0.531250 0.009766 0.529297 0.009766 0.527344
0 0.507812 0.527344 0.503906 0.531250 0.501953 0.531250 0.496094 0.537109 0.494141 0.537109 0.492188 0.535156 0.488281 0.535156 0.488281 0.542969 0.486328 0.544922 0.486328 0.566406 0.490234 0.570312 0.492188 0.570312 0.496094 0.574219 0.513672 0.574219 0.515625 0.572266 0.517578 0.572266 0.519531 0.570312 0.521484 0.570312 0.521484 0.568359 0.525391 0.564453 0.525391 0.558594 0.527344 0.556641 0.529297 0.556641 0.529297 0.533203 0.527344 0.531250 0.525391 0.531250 0.523438 0.529297 0.521484 0.529297 0.519531 0.527344
0 0.556641 0.578125 0.554688 0.580078 0.537109 0.580078 0.533203 0.583984 0.531250 0.583984 0.529297 0.585938 0.527344 0.585938 0.521484 0.591797 0.517578 0.591797 0.515625 0.593750 0.515625 0.595703 0.513672 0.597656 0.513672 0.603516 0.511719 0.605469 0.511719 0.623047 0.515625 0.626953 0.517578 0.626953 0.519531 0.628906 0.548828 0.628906 0.550781 0.626953 0.552734 0.626953 0.554688 0.625000 0.558594 0.625000 0.560547 0.623047 0.564453 0.623047 0.566406 0.621094 0.572266 0.621094 0.576172 0.617188 0.585938 0.617188 0.587891 0.615234 0.589844 0.615234 0.595703 0.609375 0.595703 0.597656 0.591797 0.593750 0.591797 0.591797 0.585938 0.585938 0.582031 0.585938 0.580078 0.583984 0.578125 0.583984 0.574219 0.580078 0.572266 0.580078 0.570312 0.578125
0 0.914062 0.589844 0.914062 0.591797 0.912109 0.593750 0.912109 0.603516 0.917969 0.609375 0.919922 0.609375 0.921875 0.611328 0.923828 0.611328 0.925781 0.613281 0.925781 0.615234 0.933594 0.615234 0.937500 0.611328 0.937500 0.605469 0.939453 0.603516 0.939453 0.595703 0.937500 0.593750 0.937500 0.591797 0.935547 0.591797 0.933594 0.589844
0 0.089844 0.605469 0.087891 0.607422 0.085938 0.607422 0.082031 0.611328 0.082031 0.623047 0.083984 0.623047 0.085938 0.625000 0.085938 0.626953 0.091797 0.632812 0.093750 0.632812 0.095703 0.634766 0.097656 0.634766 0.099609 0.636719 0.107422 0.636719 0.107422 0.617188 0.105469 0.615234 0.105469 0.613281 0.101562 0.609375 0.095703 0.609375 0.093750 0.607422 0.091797 0.607422
0 0.349609 0.650391 0.349609 0.654297 0.351562 0.656250 0.351562 0.658203 0.359375 0.666016 0.359375 0.667969 0.361328 0.667969 0.363281 0.669922 0.363281 0.671875 0.365234 0.671875 0.373047 0.679688 0.378906 0.679688 0.378906 0.673828 0.373047 0.667969 0.373047 0.664062 0.371094 0.662109 0.369141 0.662109 0.365234 0.658203 0.363281 0.658203 0.357422 0.652344 0.353516 0.652344 0.351562 0.650391
0 0.269531 0.679688 0.267578 0.681641 0.265625 0.681641 0.263672 0.683594 0.263672 0.685547 0.261719 0.687500 0.261719 0.689453 0.259766 0.691406 0.259766 0.695312 0.257812 0.697266 0.257812 0.716797 0.267578 0.726562 0.271484 0.726562 0.273438 0.728516 0.292969 0.728516 0.292969 0.724609 0.294922 0.722656 0.294922 0.695312 0.291016 0.691406 0.291016 0.689453 0.289062 0.687500 0.289062 0.685547 0.287109 0.683594 0.283203 0.683594 0.281250 0.681641 0.275391 0.681641 0.273438 0.679688
0 0.953125 0.693359 0.953125 0.695312 0.951172 0.697266 0.947266 0.697266 0.945312 0.699219 0.943359 0.699219 0.943359 0.701172 0.941406 0.703125 0.941406 0.716797 0.943359 0.718750 0.947266 0.718750 0.951172 0.722656 0.955078 0.722656 0.957031 0.724609 0.970703 0.724609 0.970703 0.722656 0.972656 0.720703 0.974609 0.720703 0.978516 0.716797 0.980469 0.716797 0.980469 0.699219 0.978516 0.697266 0.978516 0.695312 0.966797 0.695312 0.964844 0.693359
0 0.396484 0.750000 0.394531 0.751953 0.392578 0.751953 0.390625 0.753906 0.386719 0.753906 0.382812 0.757812 0.380859 0.757812 0.373047 0.765625 0.373047 0.767578 0.375000 0.769531 0.382812 0.769531 0.384766 0.771484 0.390625 0.771484 0.392578 0.769531 0.394531 0.769531 0.396484 0.767578 0.400391 0.767578 0.402344 0.765625 0.404297 0.765625 0.404297 0.753906 0.400391 0.750000
0 0.607422 0.767578 0.605469 0.769531 0.605469 0.785156 0.607422 0.787109 0.607422 0.791016 0.609375 0.792969 0.609375 0.796875 0.611328 0.798828 0.611328 0.800781 0.613281 0.802734 0.613281 0.804688 0.619141 0.810547 0.626953 0.810547 0.630859 0.806641 0.632812 0.806641 0.632812 0.804688 0.634766 0.802734 0.634766 0.787109 0.632812 0.785156 0.632812 0.783203 0.630859 0.781250 0.630859 0.779297 0.626953 0.775391 0.626953 0.773438 0.625000 0.771484 0.623047 0.771484 0.621094 0.769531 0.619141 0.769531 0.617188 0.767578
0 0.080078 0.798828 0.076172 0.802734 0.072266 0.802734 0.070312 0.804688 0.070312 0.822266 0.072266 0.824219 0.072266 0.828125 0.074219 0.828125 0.080078 0.833984 0.083984 0.833984 0.091797 0.841797 0.091797 0.833984 0.093750 0.832031 0.093750 0.828125 0.095703 0.826172 0.095703 0.800781 0.093750 0.800781 0.091797 0.798828
0 0.220703 0.808594 0.220703 0.822266 0.222656 0.824219 0.222656 0.828125 0.224609 0.830078 0.224609 0.832031 0.230469 0.837891 0.230469 0.847656 0.234375 0.851562 0.234375 0.853516 0.236328 0.855469 0.236328 0.857422 0.246094 0.867188 0.248047 0.867188 0.250000 0.869141 0.251953 0.867188 0.251953 0.857422 0.250000 0.855469 0.250000 0.851562 0.246094 0.847656 0.246094 0.843750 0.242188 0.839844 0.242188 0.837891 0.240234 0.835938 0.240234 0.833984 0.234375 0.828125 0.234375 0.824219 0.232422 0.822266 0.232422 0.818359 0.230469 0.818359 0.228516 0.816406 0.228516 0.814453 0.226562 0.814453
0 0.916016 0.828125 0.916016 0.851562 0.917969 0.853516 0.917969 0.857422 0.919922 0.857422 0.921875 0.859375 0.921875 0.865234 0.923828 0.865234 0.925781 0.867188 0.925781 0.869141 0.931641 0.875000 0.931641 0.876953 0.933594 0.876953 0.939453 0.882812 0.943359 0.882812 0.945312 0.884766 0.945312 0.886719 0.951172 0.886719 0.953125 0.888672 0.966797 0.888672 0.968750 0.886719 0.968750 0.869141 0.966797 0.867188 0.966797 0.865234 0.962891 0.861328 0.962891 0.859375 0.949219 0.845703 0.947266 0.845703 0.945312 0.843750 0.945312 0.841797 0.941406 0.837891 0.939453 0.837891 0.935547 0.833984 0.935547 0.832031 0.933594 0.832031 0.929688 0.828125
0 0.199219 0.855469 0.195312 0.859375 0.189453 0.859375 0.189453 0.861328 0.185547 0.865234 0.185547 0.867188 0.183594 0.869141 0.183594 0.871094 0.181641 0.873047 0.181641 0.880859 0.179688 0.882812 0.179688 0.890625 0.191406 0.890625 0.193359 0.888672 0.195312 0.888672 0.197266 0.886719 0.199219 0.886719 0.199219 0.884766 0.201172 0.882812 0.203125 0.882812 0.205078 0.880859 0.207031 0.880859 0.208984 0.878906 0.210938 0.878906 0.212891 0.876953 0.212891 0.875000 0.214844 0.873047 0.214844 0.861328 0.210938 0.861328 0.207031 0.857422 0.201172 0.857422
0 0.730469 0.916016 0.734375 0.916016 0.736328 0.917969 0.738281 0.917969 0.740234 0.919922 0.742188 0.919922 0.744141 0.921875 0.746094 0.921875 0.748047 0.923828 0.750000 0.923828 0.751953 0.925781 0.753906 0.925781 0.767578 0.939453 0.771484 0.939453 0.773438 0.941406 0.781250 0.941406 0.781250 0.931641 0.777344 0.931641 0.773438 0.927734 0.771484 0.927734 0.765625 0.921875 0.763672 0.921875 0.759766 0.917969 0.755859 0.917969 0.753906 0.916016
0 0.052734 0.927734 0.050781 0.929688 0.050781 0.941406 0.060547 0.951172 0.062500 0.951172 0.064453 0.953125 0.066406 0.953125 0.068359 0.955078 0.070312 0.955078 0.072266 0.957031 0.089844 0.957031 0.091797 0.955078 0.093750 0.955078 0.093750 0.943359 0.091797 0.941406 0.091797 0.939453 0.089844 0.937500 0.089844 0.935547 0.087891 0.933594 0.080078 0.933594 0.078125 0.931641 0.070312 0.931641 0.068359 0.929688 0.062500 0.929688 0.060547 0.927734
0 0.474609 0.951172 0.474609 0.953125 0.468750 0.958984 0.468750 0.960938 0.464844 0.964844 0.464844 0.970703 0.501953 0.970703 0.503906 0.968750 0.509766 0.968750 0.509766 0.966797 0.511719 0.964844 0.511719 0.962891 0.509766 0.962891 0.507812 0.960938 0.505859 0.960938 0.503906 0.958984 0.501953 0.958984 0.496094 0.953125 0.494141 0.953125 0.492188 0.951172
0 0.738281 0.960938 0.736328 0.962891 0.736328 0.964844 0.734375 0.966797 0.734375 0.968750 0.730469 0.972656 0.730469 0.974609 0.726562 0.978516 0.726562 0.980469 0.724609 0.982422 0.724609 0.988281 0.722656 0.990234 0.722656 0.996094 0.785156 0.996094 0.785156 0.994141 0.783203 0.992188 0.783203 0.990234 0.779297 0.986328 0.779297 0.984375 0.777344 0.982422 0.777344 0.980469 0.775391 0.980469 0.769531 0.974609 0.769531 0.972656 0.767578 0.972656 0.765625 0.970703 0.761719 0.970703 0.757812 0.966797 0.751953 0.966797 0.750000 0.964844 0.748047 0.964844 0.744141 0.960938
