0 0.150391 0.000000 0.148438 0.001953 0.134766 0.001953 0.132812 0.003906 0.117188 0.003906 0.119141 0.003906 0.123047 0.007812 0.123047 0.009766 0.125000 0.009766 0.126953 0.011719 0.130859 0.011719 0.134766 0.015625 0.138672 0.015625 0.140625 0.017578 0.146484 0.017578 0.148438 0.019531 0.150391 0.019531 0.150391 0.015625 0.152344 0.013672 0.152344 0.011719 0.156250 0.007812 0.156250 0.005859 0.158203 0.003906 0.158203 0.001953 0.160156 0.000000
0 0.939453 0.000000 0.937500 0.001953 0.896484 0.001953 0.894531 0.003906 0.892578 0.003906 0.892578 0.027344 0.894531 0.029297 0.894531 0.031250 0.943359 0.031250 0.945312 0.029297 0.949219 0.029297 0.951172 0.027344 0.955078 0.027344 0.957031 0.025391 0.960938 0.025391 0.966797 0.019531 0.968750 0.019531 0.968750 0.017578 0.970703 0.015625 0.970703 0.011719 0.972656 0.009766 0.972656 0.001953 0.974609 0.000000
0 0.658203 0.000000 0.656250 0.001953 0.658203 0.003906 0.658203 0.019531 0.660156 0.021484 0.660156 0.023438 0.662109 0.025391 0.662109 0.035156 0.664062 0.037109 0.664062 0.041016 0.666016 0.042969 0.666016 0.046875 0.667969 0.048828 0.667969 0.058594 0.669922 0.060547 0.669922 0.064453 0.669922 0.056641 0.671875 0.054688 0.671875 0.052734 0.673828 0.050781 0.673828 0.048828 0.675781 0.046875 0.675781 0.042969 0.677734 0.041016 0.677734 0.039062 0.679688 0.037109 0.679688 0.027344 0.683594 0.023438 0.683594 0.017578 0.685547 0.015625 0.685547 0.007812 0.689453 0.003906 0.689453 0.000000
0 0.250000 0.037109 0.250000 0.048828 0.248047 0.050781 0.248047 0.054688 0.250000 0.056641 0.251953 0.056641 0.253906 0.058594 0.253906 0.060547 0.259766 0.066406 0.259766 0.068359 0.265625 0.074219 0.267578 0.074219 0.269531 0.076172 0.271484 0.076172 0.273438 0.078125 0.273438 0.080078 0.275391 0.082031 0.279297 0.082031 0.281250 0.083984 0.292969 0.083984 0.294922 0.082031 0.294922 0.066406 0.291016 0.062500 0.291016 0.060547 0.289062 0.060547 0.285156 0.056641 0.285156 0.052734 0.283203 0.050781 0.283203 0.048828 0.281250 0.046875 0.279297 0.046875 0.275391 0.042969 0.271484 0.042969 0.269531 0.041016 0.263672 0.041016 0.261719 0.039062 0.255859 0.039062 0.253906 0.037109
0 0.777344 0.089844 0.775391 0.091797 0.771484 0.091797 0.769531 0.093750 0.763672 0.093750 0.761719 0.095703 0.759766 0.095703 0.753906 0.101562 0.753906 0.105469 0.757812 0.109375 0.757812 0.111328 0.761719 0.111328 0.763672 0.113281 0.765625 0.113281 0.767578 0.115234 0.769531 0.115234 0.771484 0.117188 0.773438 0.117188 0.775391 0.119141 0.781250 0.119141 0.785156 0.123047 0.789062 0.123047 0.791016 0.125000 0.792969 0.125000 0.796875 0.128906 0.798828 0.128906 0.800781 0.130859 0.806641 0.130859 0.806641 0.113281 0.808594 0.111328 0.808594 0.099609 0.806641 0.097656 0.806641 0.095703 0.804688 0.093750 0.804688 0.091797 0.802734 0.089844
0 0.781250 0.140625 0.781250 0.142578 0.779297 0.144531 0.779297 0.150391 0.781250 0.152344 0.783203 0.152344 0.785156 0.154297 0.787109 0.154297 0.789062 0.156250 0.791016 0.156250 0.792969 0.158203 0.794922 0.158203 0.798828 0.162109 0.802734 0.162109 0.804688 0.164062 0.808594 0.164062 0.812500 0.167969 0.812500 0.175781 0.814453 0.175781 0.818359 0.171875 0.818359 0.167969 0.820312 0.166016 0.820312 0.164062 0.822266 0.162109 0.824219 0.162109 0.824219 0.142578 0.820312 0.142578 0.818359 0.140625
0 0.359375 0.150391 0.357422 0.152344 0.355469 0.152344 0.353516 0.154297 0.351562 0.154297 0.351562 0.156250 0.347656 0.160156 0.347656 0.166016 0.353516 0.171875 0.361328 0.171875 0.363281 0.173828 0.367188 0.173828 0.371094 0.177734 0.378906 0.177734 0.380859 0.175781 0.384766 0.175781 0.388672 0.171875 0.390625 0.171875 0.396484 0.166016 0.396484 0.160156 0.394531 0.158203 0.392578 0.158203 0.390625 0.156250 0.388672 0.156250 0.386719 0.154297 0.382812 0.154297 0.380859 0.152344 0.378906 0.152344 0.376953 0.150391
0 0.876953 0.162109 0.873047 0.166016 0.871094 0.166016 0.871094 0.167969 0.867188 0.171875 0.867188 0.173828 0.865234 0.175781 0.865234 0.191406 0.902344 0.191406 0.904297 0.193359 0.910156 0.193359 0.912109 0.195312 0.912109 0.197266 0.931641 0.197266 0.931641 0.189453 0.929688 0.187500 0.927734 0.187500 0.925781 0.185547 0.925781 0.183594 0.923828 0.181641 0.921875 0.181641 0.919922 0.179688 0.919922 0.177734 0.917969 0.177734 0.916016 0.175781 0.914062 0.175781 0.908203 0.169922 0.904297 0.169922 0.902344 0.167969 0.900391 0.167969 0.896484 0.164062 0.892578 0.164062 0.890625 0.162109
0 0.546875 0.164062 0.544922 0.166016 0.542969 0.166016 0.539062 0.169922 0.537109 0.169922 0.537109 0.171875 0.533203 0.175781 0.533203 0.189453 0.535156 0.191406 0.535156 0.197266 0.537109 0.199219 0.537109 0.201172 0.539062 0.203125 0.539062 0.205078 0.541016 0.207031 0.542969 0.207031 0.544922 0.208984 0.544922 0.210938 0.546875 0.212891 0.568359 0.212891 0.570312 0.210938 0.574219 0.210938 0.576172 0.208984 0.580078 0.208984 0.583984 0.205078 0.585938 0.205078 0.589844 0.201172 0.589844 0.189453 0.587891 0.187500 0.585938 0.187500 0.583984 0.185547 0.564453 0.185547 0.560547 0.181641 0.560547 0.177734 0.558594 0.175781 0.558594 0.167969 0.554688 0.164062
0 0.726562 0.216797 0.720703 0.222656 0.716797 0.222656 0.714844 0.224609 0.683594 0.224609 0.683594 0.230469 0.685547 0.230469 0.689453 0.234375 0.693359 0.234375 0.695312 0.236328 0.734375 0.236328 0.734375 0.230469 0.736328 0.228516 0.736328 0.220703 0.734375 0.218750 0.732422 0.218750 0.730469 0.216797
0 0.363281 0.207031 0.359375 0.210938 0.359375 0.212891 0.357422 0.214844 0.357422 0.236328 0.359375 0.238281 0.359375 0.240234 0.361328 0.242188 0.363281 0.242188 0.367188 0.246094 0.369141 0.246094 0.371094 0.248047 0.375000 0.248047 0.376953 0.250000 0.396484 0.250000 0.398438 0.248047 0.402344 0.248047 0.408203 0.242188 0.408203 0.240234 0.410156 0.238281 0.410156 0.236328 0.412109 0.234375 0.412109 0.218750 0.410156 0.216797 0.410156 0.214844 0.408203 0.212891 0.408203 0.210938 0.406250 0.208984 0.376953 0.208984 0.375000 0.207031
0 0.193359 0.246094 0.191406 0.248047 0.191406 0.275391 0.193359 0.273438 0.195312 0.273438 0.199219 0.269531 0.203125 0.269531 0.205078 0.267578 0.208984 0.267578 0.210938 0.265625 0.210938 0.250000 0.208984 0.248047 0.207031 0.248047 0.205078 0.246094
0 0.505859 0.304688 0.503906 0.306641 0.501953 0.306641 0.500000 0.308594 0.496094 0.308594 0.496094 0.314453 0.498047 0.316406 0.498047 0.320312 0.500000 0.322266 0.500000 0.328125 0.503906 0.328125 0.505859 0.326172 0.509766 0.326172 0.511719 0.324219 0.521484 0.324219 0.523438 0.322266 0.529297 0.322266 0.533203 0.318359 0.535156 0.318359 0.537109 0.316406 0.539062 0.316406 0.539062 0.306641 0.537109 0.306641 0.535156 0.304688
0 0.357422 0.371094 0.355469 0.373047 0.351562 0.373047 0.349609 0.375000 0.343750 0.375000 0.341797 0.376953 0.335938 0.376953 0.333984 0.378906 0.332031 0.378906 0.330078 0.380859 0.330078 0.388672 0.328125 0.390625 0.328125 0.396484 0.326172 0.398438 0.326172 0.406250 0.324219 0.408203 0.324219 0.416016 0.326172 0.416016 0.328125 0.414062 0.330078 0.414062 0.332031 0.412109 0.335938 0.412109 0.337891 0.410156 0.339844 0.410156 0.343750 0.406250 0.347656 0.406250 0.351562 0.402344 0.353516 0.402344 0.357422 0.398438 0.363281 0.398438 0.365234 0.396484 0.375000 0.396484 0.376953 0.394531 0.380859 0.394531 0.382812 0.392578 0.384766 0.392578 0.386719 0.390625 0.388672 0.390625 0.392578 0.386719 0.394531 0.386719 0.396484 0.384766 0.398438 0.384766 0.400391 0.382812 0.400391 0.380859 0.398438 0.378906 0.396484 0.378906 0.394531 0.376953 0.394531 0.375000 0.392578 0.375000 0.390625 0.373047 0.386719 0.373047 0.384766 0.371094
0 0.738281 0.386719 0.738281 0.388672 0.734375 0.392578 0.732422 0.392578 0.730469 0.394531 0.728516 0.394531 0.722656 0.400391 0.720703 0.400391 0.716797 0.404297 0.716797 0.410156 0.732422 0.425781 0.734375 0.425781 0.736328 0.427734 0.744141 0.427734 0.744141 0.402344 0.746094 0.400391 0.746094 0.390625 0.744141 0.388672 0.744141 0.386719
0 0.837891 0.535156 0.835938 0.537109 0.833984 0.537109 0.832031 0.539062 0.830078 0.539062 0.828125 0.541016 0.826172 0.541016 0.828125 0.542969 0.830078 0.542969 0.832031 0.544922 0.833984 0.544922 0.835938 0.546875 0.837891 0.546875 0.839844 0.548828 0.843750 0.548828 0.847656 0.552734 0.849609 0.552734 0.851562 0.554688 0.853516 0.554688 0.855469 0.556641 0.857422 0.556641 0.861328 0.560547 0.867188 0.560547 0.869141 0.562500 0.871094 0.562500 0.875000 0.566406 0.876953 0.566406 0.878906 0.568359 0.880859 0.568359 0.882812 0.570312 0.886719 0.570312 0.886719 0.556641 0.884766 0.556641 0.878906 0.550781 0.876953 0.550781 0.875000 0.548828 0.873047 0.548828 0.869141 0.544922 0.865234 0.544922 0.863281 0.542969 0.859375 0.542969 0.857422 0.541016 0.851562 0.541016 0.847656 0.537109 0.843750 0.537109 0.841797 0.535156
0 0.037109 0.558594 0.033203 0.562500 0.033203 0.564453 0.029297 0.568359 0.029297 0.570312 0.027344 0.572266 0.027344 0.576172 0.025391 0.578125 0.023438 0.578125 0.023438 0.580078 0.021484 0.582031 0.021484 0.587891 0.023438 0.587891 0.025391 0.589844 0.029297 0.589844 0.031250 0.591797 0.033203 0.591797 0.035156 0.593750 0.037109 0.593750 0.039062 0.595703 0.041016 0.595703 0.042969 0.597656 0.042969 0.580078 0.044922 0.578125 0.044922 0.574219 0.046875 0.572266 0.046875 0.570312 0.048828 0.568359 0.048828 0.566406 0.050781 0.564453 0.050781 0.558594
0 0.306641 0.605469 0.306641 0.607422 0.304688 0.609375 0.302734 0.609375 0.300781 0.611328 0.298828 0.611328 0.298828 0.613281 0.296875 0.615234 0.296875 0.625000 0.298828 0.626953 0.298828 0.628906 0.300781 0.630859 0.304688 0.630859 0.306641 0.632812 0.306641 0.634766 0.308594 0.634766 0.310547 0.636719 0.312500 0.636719 0.314453 0.638672 0.316406 0.638672 0.318359 0.640625 0.320312 0.640625 0.324219 0.644531 0.322266 0.642578 0.326172 0.638672 0.328125 0.638672 0.330078 0.636719 0.330078 0.634766 0.332031 0.632812 0.332031 0.630859 0.333984 0.628906 0.333984 0.626953 0.335938 0.625000 0.335938 0.613281 0.333984 0.611328 0.332031 0.611328 0.328125 0.607422 0.326172 0.607422 0.324219 0.605469
0 0.998047 0.628906 0.996094 0.630859 0.990234 0.630859 0.988281 0.632812 0.984375 0.632812 0.982422 0.634766 0.982422 0.636719 0.980469 0.638672 0.978516 0.638672 0.972656 0.644531 0.972656 0.658203 0.974609 0.658203 0.976562 0.660156 0.976562 0.662109 0.978516 0.662109 0.984375 0.667969 0.986328 0.667969 0.990234 0.671875 0.990234 0.673828 0.992188 0.675781 0.994141 0.675781 0.994141 0.654297 0.996094 0.652344 0.996094 0.630859
0 0.865234 0.732422 0.863281 0.734375 0.865234 0.734375 0.867188 0.732422 0.869141 0.732422
0 0.892578 0.701172 0.890625 0.703125 0.882812 0.703125 0.880859 0.705078 0.871094 0.705078 0.867188 0.708984 0.865234 0.708984 0.859375 0.714844 0.857422 0.714844 0.855469 0.716797 0.851562 0.716797 0.849609 0.718750 0.847656 0.718750 0.845703 0.720703 0.845703 0.724609 0.847656 0.726562 0.851562 0.726562 0.853516 0.728516 0.871094 0.728516 0.873047 0.730469 0.875000 0.730469 0.875000 0.728516 0.876953 0.726562 0.880859 0.726562 0.882812 0.724609 0.886719 0.724609 0.888672 0.722656 0.890625 0.722656 0.894531 0.718750 0.898438 0.718750 0.900391 0.716797 0.902344 0.716797 0.904297 0.714844 0.908203 0.714844 0.914062 0.708984 0.916016 0.708984 0.917969 0.707031 0.917969 0.705078 0.919922 0.703125 0.919922 0.701172
0 0.812500 0.734375 0.808594 0.738281 0.806641 0.738281 0.806641 0.740234 0.826172 0.759766 0.828125 0.759766 0.830078 0.757812 0.833984 0.757812 0.835938 0.755859 0.835938 0.753906 0.837891 0.751953 0.839844 0.751953 0.839844 0.750000 0.841797 0.748047 0.841797 0.746094 0.843750 0.744141 0.843750 0.736328 0.841797 0.734375
0 0.222656 0.781250 0.212891 0.791016 0.212891 0.792969 0.218750 0.792969 0.222656 0.796875 0.234375 0.796875 0.234375 0.789062 0.232422 0.787109 0.230469 0.787109 0.226562 0.783203 0.224609 0.783203
0 0.876953 0.765625 0.875000 0.767578 0.873047 0.767578 0.871094 0.769531 0.869141 0.769531 0.869141 0.771484 0.865234 0.775391 0.865234 0.777344 0.861328 0.781250 0.861328 0.783203 0.859375 0.785156 0.859375 0.789062 0.857422 0.791016 0.857422 0.822266 0.859375 0.824219 0.869141 0.824219 0.871094 0.826172 0.892578 0.826172 0.894531 0.824219 0.896484 0.824219 0.898438 0.822266 0.902344 0.822266 0.904297 0.820312 0.910156 0.820312 0.912109 0.818359 0.916016 0.818359 0.917969 0.816406 0.919922 0.816406 0.921875 0.814453 0.923828 0.814453 0.927734 0.810547 0.927734 0.806641 0.929688 0.804688 0.929688 0.800781 0.933594 0.796875 0.933594 0.787109 0.931641 0.785156 0.931641 0.783203 0.929688 0.781250 0.929688 0.779297 0.927734 0.779297 0.925781 0.777344 0.925781 0.775391 0.923828 0.775391 0.921875 0.773438 0.916016 0.773438 0.912109 0.769531 0.910156 0.769531 0.908203 0.767578 0.900391 0.767578 0.898438 0.765625
0 0.505859 0.804688 0.517578 0.816406 0.517578 0.818359 0.523438 0.818359 0.525391 0.820312 0.529297 0.820312 0.531250 0.822266 0.572266 0.822266 0.574219 0.820312 0.576172 0.820312 0.580078 0.816406 0.580078 0.814453 0.578125 0.812500 0.572266 0.812500 0.570312 0.810547 0.568359 0.810547 0.566406 0.808594 0.558594 0.808594 0.556641 0.806641 0.529297 0.806641 0.527344 0.804688
0 0.205078 0.814453 0.203125 0.816406 0.203125 0.818359 0.197266 0.824219 0.195312 0.824219 0.191406 0.828125 0.189453 0.828125 0.189453 0.839844 0.191406 0.841797 0.191406 0.843750 0.193359 0.845703 0.193359 0.847656 0.195312 0.849609 0.195312 0.851562 0.197266 0.851562 0.199219 0.853516 0.199219 0.855469 0.201172 0.855469 0.205078 0.859375 0.210938 0.859375 0.212891 0.861328 0.226562 0.861328 0.228516 0.859375 0.230469 0.859375 0.236328 0.853516 0.240234 0.853516 0.246094 0.847656 0.246094 0.835938 0.242188 0.832031 0.242188 0.830078 0.234375 0.822266 0.232422 0.822266 0.230469 0.820312 0.228516 0.820312 0.224609 0.816406 0.218750 0.816406 0.216797 0.814453
0 0.529297 0.830078 0.527344 0.832031 0.523438 0.832031 0.521484 0.833984 0.519531 0.833984 0.517578 0.835938 0.517578 0.837891 0.501953 0.853516 0.500000 0.853516 0.500000 0.857422 0.496094 0.861328 0.496094 0.863281 0.492188 0.867188 0.492188 0.873047 0.498047 0.878906 0.498047 0.876953 0.500000 0.875000 0.501953 0.875000 0.501953 0.873047 0.509766 0.865234 0.511719 0.865234 0.513672 0.863281 0.515625 0.863281 0.521484 0.857422 0.523438 0.857422 0.527344 0.853516 0.529297 0.853516 0.533203 0.849609 0.533203 0.847656 0.535156 0.845703 0.535156 0.837891 0.531250 0.833984 0.531250 0.830078
0 0.488281 0.882812 0.486328 0.884766 0.480469 0.884766 0.480469 0.886719 0.478516 0.888672 0.476562 0.888672 0.474609 0.890625 0.472656 0.890625 0.472656 0.892578 0.470703 0.894531 0.468750 0.894531 0.464844 0.898438 0.464844 0.900391 0.460938 0.904297 0.460938 0.906250 0.455078 0.912109 0.455078 0.914062 0.453125 0.916016 0.453125 0.917969 0.451172 0.919922 0.451172 0.921875 0.447266 0.925781 0.447266 0.933594 0.460938 0.933594 0.472656 0.921875 0.472656 0.919922 0.474609 0.917969 0.476562 0.917969 0.478516 0.916016 0.478516 0.912109 0.480469 0.910156 0.480469 0.908203 0.482422 0.906250 0.482422 0.902344 0.484375 0.900391 0.484375 0.894531 0.488281 0.890625
0 0.080078 0.896484 0.080078 0.917969 0.082031 0.919922 0.083984 0.917969 0.083984 0.916016 0.087891 0.912109 0.087891 0.900391 0.085938 0.898438 0.083984 0.898438 0.082031 0.896484
0 0.455078 0.876953 0.447266 0.884766 0.445312 0.884766 0.439453 0.890625 0.437500 0.890625 0.433594 0.894531 0.429688 0.894531 0.425781 0.898438 0.423828 0.898438 0.421875 0.900391 0.419922 0.900391 0.419922 0.902344 0.417969 0.904297 0.406250 0.904297 0.404297 0.906250 0.400391 0.906250 0.398438 0.908203 0.396484 0.908203 0.392578 0.912109 0.390625 0.912109 0.388672 0.914062 0.382812 0.914062 0.380859 0.916016 0.375000 0.916016 0.373047 0.917969 0.371094 0.917969 0.369141 0.919922 0.367188 0.919922 0.365234 0.921875 0.365234 0.933594 0.371094 0.939453 0.373047 0.939453 0.375000 0.941406 0.380859 0.941406 0.382812 0.943359 0.394531 0.943359 0.396484 0.941406 0.398438 0.941406 0.402344 0.937500 0.404297 0.937500 0.406250 0.935547 0.408203 0.935547 0.410156 0.933594 0.412109 0.933594 0.414062 0.931641 0.416016 0.931641 0.417969 0.929688 0.421875 0.929688 0.423828 0.927734 0.427734 0.927734 0.429688 0.925781 0.431641 0.925781 0.431641 0.923828 0.435547 0.919922 0.435547 0.917969 0.437500 0.916016 0.439453 0.916016 0.439453 0.914062 0.441406 0.912109 0.441406 0.908203 0.443359 0.906250 0.445312 0.906250 0.445312 0.904297 0.449219 0.900391 0.451172 0.900391 0.453125 0.898438 0.455078 0.898438 0.458984 0.894531 0.460938 0.894531 0.462891 0.892578 0.466797 0.892578 0.466797 0.890625 0.468750 0.888672 0.468750 0.876953
0 0.945312 0.892578 0.931641 0.906250 0.929688 0.906250 0.917969 0.917969 0.916016 0.917969 0.906250 0.927734 0.933594 0.927734 0.935547 0.925781 0.939453 0.925781 0.943359 0.921875 0.945312 0.921875 0.947266 0.919922 0.949219 0.919922 0.953125 0.916016 0.955078 0.916016 0.955078 0.914062 0.957031 0.912109 0.958984 0.912109 0.958984 0.908203 0.960938 0.906250 0.960938 0.902344 0.964844 0.898438 0.964844 0.896484 0.966797 0.894531 0.966797 0.892578
0 0.207031 0.947266 0.207031 0.953125 0.208984 0.955078 0.208984 0.960938 0.210938 0.962891 0.210938 0.964844 0.212891 0.966797 0.212891 0.968750 0.216797 0.972656 0.216797 0.974609 0.218750 0.976562 0.218750 0.978516 0.222656 0.982422 0.222656 0.984375 0.224609 0.986328 0.224609 0.988281 0.226562 0.990234 0.226562 0.992188 0.238281 0.992188 0.240234 0.990234 0.251953 0.990234 0.253906 0.988281 0.263672 0.988281 0.257812 0.982422 0.255859 0.982422 0.253906 0.980469 0.253906 0.978516 0.251953 0.978516 0.250000 0.976562 0.250000 0.974609 0.244141 0.968750 0.244141 0.966797 0.236328 0.958984 0.234375 0.958984 0.228516 0.953125 0.224609 0.953125 0.222656 0.951172 0.220703 0.951172 0.216797 0.947266
