0 0.777344 0.000000 0.775391 0.001953 0.773438 0.001953 0.773438 0.015625 0.775391 0.017578 0.775391 0.021484 0.777344 0.023438 0.777344 0.025391 0.787109 0.035156 0.791016 0.035156 0.792969 0.037109 0.835938 0.037109 0.837891 0.035156 0.839844 0.035156 0.839844 0.017578 0.837891 0.015625 0.837891 0.011719 0.835938 0.009766 0.835938 0.005859 0.833984 0.003906 0.833984 0.001953 0.832031 0.001953 0.830078 0.000000
0 0.279297 0.000000 0.277344 0.001953 0.273438 0.001953 0.273438 0.003906 0.267578 0.009766 0.267578 0.011719 0.265625 0.013672 0.265625 0.027344 0.267578 0.029297 0.267578 0.031250 0.273438 0.037109 0.275391 0.037109 0.277344 0.039062 0.322266 0.039062 0.322266 0.023438 0.320312 0.021484 0.320312 0.019531 0.318359 0.019531 0.316406 0.017578 0.316406 0.015625 0.302734 0.001953 0.300781 0.001953 0.298828 0.000000
0 0.000000 0.000000 0.000000 0.007812 0.001953 0.009766 0.001953 0.058594 0.003906 0.056641 0.005859 0.056641 0.015625 0.046875 0.017578 0.046875 0.021484 0.042969 0.021484 0.041016 0.023438 0.039062 0.025391 0.039062 0.027344 0.037109 0.027344 0.035156 0.029297 0.033203 0.029297 0.031250 0.033203 0.027344 0.033203 0.001953 0.031250 0.000000
0 0.437500 0.017578 0.435547 0.019531 0.433594 0.019531 0.423828 0.029297 0.423828 0.035156 0.421875 0.037109 0.421875 0.039062 0.419922 0.041016 0.419922 0.052734 0.423828 0.052734 0.427734 0.056641 0.441406 0.056641 0.443359 0.058594 0.462891 0.058594 0.470703 0.050781 0.470703 0.048828 0.472656 0.046875 0.472656 0.039062 0.474609 0.037109 0.474609 0.035156 0.472656 0.033203 0.472656 0.031250 0.470703 0.029297 0.470703 0.025391 0.468750 0.023438 0.468750 0.021484 0.464844 0.021484 0.462891 0.019531 0.458984 0.019531 0.457031 0.017578
0 0.107422 0.023438 0.107422 0.025391 0.105469 0.027344 0.103516 0.027344 0.101562 0.029297 0.099609 0.029297 0.093750 0.035156 0.093750 0.058594 0.097656 0.062500 0.097656 0.064453 0.101562 0.068359 0.105469 0.068359 0.107422 0.070312 0.125000 0.070312 0.126953 0.068359 0.128906 0.068359 0.130859 0.066406 0.130859 0.037109 0.132812 0.035156 0.132812 0.025391 0.130859 0.023438
0 0.765625 0.070312 0.763672 0.072266 0.763672 0.074219 0.761719 0.076172 0.761719 0.078125 0.757812 0.082031 0.757812 0.099609 0.759766 0.101562 0.759766 0.105469 0.763672 0.109375 0.765625 0.109375 0.769531 0.113281 0.773438 0.113281 0.775391 0.115234 0.794922 0.115234 0.794922 0.113281 0.796875 0.111328 0.796875 0.105469 0.794922 0.103516 0.794922 0.074219 0.791016 0.074219 0.789062 0.072266 0.773438 0.072266 0.771484 0.070312
0 0.300781 0.085938 0.298828 0.087891 0.294922 0.087891 0.294922 0.105469 0.296875 0.107422 0.296875 0.109375 0.298828 0.111328 0.298828 0.113281 0.300781 0.113281 0.304688 0.117188 0.306641 0.117188 0.308594 0.119141 0.320312 0.119141 0.322266 0.121094 0.326172 0.121094 0.328125 0.123047 0.333984 0.123047 0.335938 0.125000 0.339844 0.125000 0.343750 0.128906 0.345703 0.128906 0.349609 0.132812 0.349609 0.134766 0.351562 0.134766 0.353516 0.136719 0.361328 0.136719 0.363281 0.134766 0.365234 0.134766 0.367188 0.132812 0.369141 0.132812 0.373047 0.128906 0.373047 0.111328 0.371094 0.109375 0.371094 0.107422 0.367188 0.103516 0.367188 0.101562 0.361328 0.095703 0.359375 0.095703 0.355469 0.091797 0.353516 0.091797 0.351562 0.089844 0.347656 0.089844 0.345703 0.087891 0.343750 0.087891 0.341797 0.085938
0 0.597656 0.117188 0.595703 0.119141 0.593750 0.119141 0.591797 0.121094 0.589844 0.121094 0.589844 0.125000 0.587891 0.126953 0.587891 0.130859 0.585938 0.132812 0.585938 0.136719 0.583984 0.138672 0.583984 0.156250 0.591797 0.164062 0.591797 0.166016 0.595703 0.166016 0.597656 0.167969 0.601562 0.167969 0.603516 0.169922 0.611328 0.169922 0.613281 0.171875 0.628906 0.171875 0.628906 0.169922 0.634766 0.164062 0.636719 0.164062 0.636719 0.162109 0.638672 0.160156 0.640625 0.160156 0.642578 0.158203 0.644531 0.158203 0.644531 0.156250 0.650391 0.150391 0.650391 0.126953 0.648438 0.125000 0.640625 0.125000 0.638672 0.123047 0.628906 0.123047 0.626953 0.121094 0.619141 0.121094 0.617188 0.119141 0.609375 0.119141 0.607422 0.117188
0 0.308594 0.121094 0.308594 0.142578 0.310547 0.144531 0.310547 0.146484 0.312500 0.148438 0.312500 0.150391 0.314453 0.152344 0.314453 0.154297 0.316406 0.156250 0.316406 0.158203 0.320312 0.162109 0.320312 0.166016 0.322266 0.167969 0.322266 0.171875 0.326172 0.175781 0.326172 0.177734 0.332031 0.183594 0.332031 0.185547 0.333984 0.187500 0.335938 0.187500 0.339844 0.191406 0.341797 0.191406 0.345703 0.195312 0.371094 0.195312 0.373047 0.193359 0.375000 0.193359 0.376953 0.191406 0.376953 0.177734 0.375000 0.175781 0.375000 0.173828 0.373047 0.171875 0.373047 0.167969 0.371094 0.166016 0.371094 0.164062 0.369141 0.164062 0.367188 0.162109 0.367188 0.158203 0.361328 0.152344 0.361328 0.150391 0.359375 0.148438 0.359375 0.146484 0.351562 0.138672 0.351562 0.136719 0.349609 0.136719 0.347656 0.134766 0.347656 0.132812 0.345703 0.130859 0.343750 0.130859 0.339844 0.126953 0.335938 0.126953 0.333984 0.125000 0.328125 0.125000 0.326172 0.123047 0.322266 0.123047 0.320312 0.121094
0 0.892578 0.160156 0.884766 0.167969 0.884766 0.171875 0.882812 0.173828 0.882812 0.175781 0.880859 0.177734 0.880859 0.189453 0.882812 0.191406 0.882812 0.193359 0.888672 0.199219 0.892578 0.199219 0.894531 0.201172 0.896484 0.201172 0.898438 0.203125 0.900391 0.203125 0.902344 0.205078 0.925781 0.205078 0.931641 0.199219 0.931641 0.195312 0.933594 0.193359 0.933594 0.181641 0.935547 0.179688 0.935547 0.173828 0.933594 0.171875 0.933594 0.166016 0.931641 0.164062 0.931641 0.160156
0 0.134766 0.179688 0.132812 0.181641 0.123047 0.181641 0.119141 0.185547 0.119141 0.187500 0.113281 0.193359 0.113281 0.195312 0.109375 0.199219 0.109375 0.201172 0.107422 0.203125 0.107422 0.205078 0.105469 0.207031 0.105469 0.238281 0.107422 0.240234 0.107422 0.244141 0.111328 0.248047 0.111328 0.250000 0.113281 0.251953 0.113281 0.253906 0.115234 0.255859 0.130859 0.255859 0.132812 0.253906 0.138672 0.253906 0.138672 0.251953 0.140625 0.250000 0.148438 0.250000 0.154297 0.244141 0.156250 0.244141 0.158203 0.242188 0.158203 0.232422 0.160156 0.230469 0.160156 0.224609 0.162109 0.222656 0.162109 0.214844 0.164062 0.212891 0.164062 0.207031 0.166016 0.205078 0.166016 0.197266 0.167969 0.195312 0.167969 0.189453 0.169922 0.187500 0.166016 0.183594 0.162109 0.183594 0.160156 0.181641 0.156250 0.181641 0.154297 0.179688
0 0.656250 0.230469 0.652344 0.234375 0.650391 0.234375 0.648438 0.236328 0.648438 0.238281 0.646484 0.240234 0.646484 0.242188 0.644531 0.244141 0.644531 0.251953 0.646484 0.251953 0.648438 0.253906 0.650391 0.253906 0.652344 0.255859 0.654297 0.255859 0.658203 0.259766 0.662109 0.259766 0.666016 0.263672 0.667969 0.263672 0.669922 0.265625 0.671875 0.265625 0.673828 0.267578 0.677734 0.267578 0.679688 0.269531 0.693359 0.269531 0.697266 0.265625 0.699219 0.265625 0.701172 0.263672 0.701172 0.261719 0.705078 0.257812 0.707031 0.257812 0.708984 0.255859 0.708984 0.253906 0.714844 0.248047 0.714844 0.246094 0.712891 0.244141 0.712891 0.236328 0.708984 0.232422 0.691406 0.232422 0.689453 0.230469
0 0.005859 0.234375 0.005859 0.244141 0.007812 0.246094 0.007812 0.257812 0.009766 0.259766 0.009766 0.271484 0.011719 0.273438 0.011719 0.285156 0.013672 0.287109 0.013672 0.298828 0.015625 0.300781 0.017578 0.298828 0.025391 0.298828 0.027344 0.296875 0.029297 0.296875 0.031250 0.294922 0.033203 0.294922 0.037109 0.291016 0.039062 0.291016 0.044922 0.285156 0.046875 0.285156 0.046875 0.275391 0.044922 0.273438 0.044922 0.271484 0.042969 0.269531 0.042969 0.255859 0.041016 0.253906 0.041016 0.248047 0.031250 0.238281 0.029297 0.238281 0.025391 0.234375
0 0.210938 0.251953 0.208984 0.253906 0.207031 0.253906 0.203125 0.257812 0.203125 0.259766 0.201172 0.261719 0.199219 0.261719 0.199219 0.267578 0.197266 0.269531 0.197266 0.292969 0.201172 0.296875 0.201172 0.298828 0.207031 0.304688 0.208984 0.304688 0.210938 0.306641 0.212891 0.306641 0.214844 0.308594 0.218750 0.308594 0.222656 0.312500 0.238281 0.312500 0.240234 0.310547 0.244141 0.310547 0.246094 0.308594 0.248047 0.308594 0.250000 0.306641 0.251953 0.306641 0.255859 0.302734 0.257812 0.302734 0.259766 0.300781 0.259766 0.294922 0.261719 0.292969 0.261719 0.275391 0.259766 0.273438 0.259766 0.269531 0.255859 0.265625 0.255859 0.261719 0.251953 0.257812 0.250000 0.257812 0.248047 0.255859 0.246094 0.255859 0.244141 0.253906 0.238281 0.253906 0.236328 0.251953
0 0.437500 0.267578 0.435547 0.269531 0.433594 0.269531 0.433594 0.271484 0.429688 0.275391 0.429688 0.277344 0.425781 0.281250 0.425781 0.285156 0.423828 0.287109 0.423828 0.296875 0.421875 0.298828 0.421875 0.318359 0.423828 0.320312 0.423828 0.322266 0.427734 0.326172 0.429688 0.326172 0.433594 0.330078 0.439453 0.330078 0.443359 0.326172 0.447266 0.326172 0.449219 0.324219 0.449219 0.322266 0.451172 0.320312 0.455078 0.320312 0.455078 0.318359 0.458984 0.314453 0.460938 0.314453 0.462891 0.312500 0.466797 0.312500 0.468750 0.310547 0.472656 0.310547 0.472656 0.298828 0.470703 0.296875 0.470703 0.294922 0.468750 0.294922 0.453125 0.279297 0.451172 0.279297 0.439453 0.267578
0 0.984375 0.269531 0.978516 0.275391 0.978516 0.292969 0.980469 0.294922 0.980469 0.298828 0.982422 0.300781 0.982422 0.304688 0.986328 0.308594 0.986328 0.312500 0.988281 0.314453 0.988281 0.316406 0.990234 0.318359 0.990234 0.320312 0.990234 0.294922 0.988281 0.292969 0.988281 0.269531
0 0.574219 0.296875 0.572266 0.298828 0.566406 0.298828 0.562500 0.302734 0.560547 0.302734 0.556641 0.306641 0.554688 0.306641 0.552734 0.308594 0.550781 0.308594 0.550781 0.310547 0.548828 0.312500 0.546875 0.312500 0.544922 0.314453 0.544922 0.316406 0.542969 0.318359 0.541016 0.318359 0.541016 0.320312 0.539062 0.322266 0.539062 0.326172 0.537109 0.328125 0.537109 0.343750 0.539062 0.345703 0.539062 0.349609 0.544922 0.355469 0.544922 0.357422 0.550781 0.363281 0.550781 0.365234 0.560547 0.375000 0.562500 0.375000 0.564453 0.376953 0.566406 0.376953 0.568359 0.378906 0.595703 0.378906 0.597656 0.376953 0.601562 0.376953 0.603516 0.375000 0.607422 0.375000 0.609375 0.373047 0.611328 0.373047 0.611328 0.371094 0.613281 0.369141 0.615234 0.369141 0.617188 0.367188 0.617188 0.365234 0.619141 0.363281 0.619141 0.361328 0.621094 0.359375 0.621094 0.355469 0.623047 0.353516 0.623047 0.332031 0.621094 0.330078 0.621094 0.324219 0.619141 0.322266 0.619141 0.320312 0.615234 0.316406 0.615234 0.314453 0.611328 0.310547 0.611328 0.308594 0.609375 0.306641 0.607422 0.306641 0.605469 0.304688 0.605469 0.302734 0.603516 0.302734 0.601562 0.300781 0.595703 0.300781 0.593750 0.298828 0.587891 0.298828 0.585938 0.296875
0 0.337891 0.343750 0.337891 0.345703 0.335938 0.347656 0.333984 0.347656 0.332031 0.349609 0.330078 0.349609 0.324219 0.355469 0.322266 0.355469 0.316406 0.361328 0.316406 0.371094 0.318359 0.373047 0.318359 0.375000 0.320312 0.375000 0.322266 0.376953 0.322266 0.378906 0.326172 0.378906 0.332031 0.384766 0.333984 0.384766 0.335938 0.386719 0.337891 0.386719 0.339844 0.388672 0.341797 0.388672 0.343750 0.390625 0.345703 0.390625 0.347656 0.392578 0.351562 0.392578 0.353516 0.394531 0.378906 0.394531 0.378906 0.357422 0.376953 0.357422 0.369141 0.349609 0.367188 0.349609 0.361328 0.343750
0 0.826172 0.369141 0.824219 0.371094 0.820312 0.371094 0.818359 0.373047 0.816406 0.373047 0.814453 0.375000 0.810547 0.375000 0.808594 0.376953 0.806641 0.376953 0.804688 0.378906 0.802734 0.378906 0.796875 0.384766 0.794922 0.384766 0.792969 0.386719 0.792969 0.388672 0.791016 0.390625 0.791016 0.408203 0.794922 0.412109 0.794922 0.414062 0.796875 0.416016 0.796875 0.417969 0.798828 0.419922 0.800781 0.419922 0.802734 0.421875 0.802734 0.423828 0.804688 0.423828 0.806641 0.425781 0.810547 0.425781 0.812500 0.427734 0.839844 0.427734 0.843750 0.423828 0.845703 0.423828 0.847656 0.421875 0.847656 0.417969 0.851562 0.414062 0.851562 0.412109 0.853516 0.410156 0.853516 0.406250 0.855469 0.404297 0.855469 0.382812 0.841797 0.369141
0 0.126953 0.375000 0.125000 0.376953 0.125000 0.386719 0.126953 0.388672 0.126953 0.396484 0.128906 0.398438 0.128906 0.408203 0.130859 0.410156 0.132812 0.410156 0.136719 0.414062 0.138672 0.414062 0.142578 0.417969 0.148438 0.417969 0.152344 0.421875 0.154297 0.421875 0.156250 0.423828 0.160156 0.423828 0.164062 0.427734 0.187500 0.427734 0.189453 0.425781 0.191406 0.425781 0.193359 0.423828 0.193359 0.404297 0.189453 0.400391 0.189453 0.398438 0.185547 0.394531 0.185547 0.392578 0.181641 0.388672 0.179688 0.388672 0.173828 0.382812 0.171875 0.382812 0.167969 0.378906 0.166016 0.378906 0.164062 0.376953 0.158203 0.376953 0.156250 0.375000
0 0.982422 0.412109 0.980469 0.414062 0.978516 0.414062 0.976562 0.416016 0.968750 0.416016 0.966797 0.417969 0.964844 0.417969 0.960938 0.421875 0.958984 0.421875 0.957031 0.423828 0.953125 0.423828 0.949219 0.427734 0.945312 0.427734 0.943359 0.429688 0.941406 0.429688 0.939453 0.431641 0.935547 0.431641 0.927734 0.439453 0.927734 0.441406 0.929688 0.443359 0.929688 0.447266 0.931641 0.449219 0.931641 0.451172 0.933594 0.451172 0.935547 0.453125 0.937500 0.453125 0.941406 0.457031 0.964844 0.457031 0.966797 0.455078 0.980469 0.455078 0.982422 0.453125 0.982422 0.449219 0.984375 0.447266 0.984375 0.441406 0.986328 0.439453 0.986328 0.435547 0.988281 0.433594 0.988281 0.429688 0.990234 0.427734 0.990234 0.423828 0.992188 0.421875 0.992188 0.417969 0.994141 0.416016 0.994141 0.412109
0 0.634766 0.419922 0.630859 0.423828 0.628906 0.423828 0.628906 0.425781 0.626953 0.427734 0.625000 0.427734 0.623047 0.429688 0.623047 0.435547 0.621094 0.437500 0.621094 0.443359 0.619141 0.445312 0.619141 0.451172 0.617188 0.453125 0.617188 0.466797 0.619141 0.468750 0.619141 0.470703 0.621094 0.472656 0.621094 0.474609 0.623047 0.474609 0.625000 0.476562 0.625000 0.478516 0.628906 0.478516 0.632812 0.482422 0.636719 0.482422 0.638672 0.484375 0.644531 0.484375 0.648438 0.480469 0.650391 0.480469 0.652344 0.478516 0.652344 0.476562 0.654297 0.474609 0.656250 0.474609 0.656250 0.470703 0.658203 0.468750 0.658203 0.464844 0.660156 0.462891 0.660156 0.439453 0.658203 0.437500 0.658203 0.435547 0.656250 0.433594 0.656250 0.431641 0.644531 0.419922
0 0.126953 0.445312 0.125000 0.447266 0.121094 0.447266 0.119141 0.449219 0.117188 0.449219 0.111328 0.455078 0.111328 0.460938 0.109375 0.462891 0.109375 0.474609 0.113281 0.478516 0.113281 0.480469 0.117188 0.484375 0.119141 0.484375 0.121094 0.486328 0.123047 0.486328 0.125000 0.488281 0.126953 0.488281 0.128906 0.490234 0.150391 0.490234 0.152344 0.492188 0.154297 0.492188 0.156250 0.490234 0.160156 0.490234 0.162109 0.488281 0.167969 0.488281 0.169922 0.486328 0.173828 0.486328 0.173828 0.478516 0.171875 0.476562 0.171875 0.474609 0.166016 0.468750 0.166016 0.466797 0.160156 0.460938 0.160156 0.458984 0.152344 0.451172 0.150391 0.451172 0.148438 0.449219 0.148438 0.447266 0.146484 0.447266 0.144531 0.445312
0 0.533203 0.431641 0.531250 0.433594 0.535156 0.437500 0.533203 0.439453 0.525391 0.439453 0.525391 0.449219 0.523438 0.451172 0.523438 0.492188 0.527344 0.496094 0.527344 0.498047 0.529297 0.500000 0.529297 0.501953 0.531250 0.503906 0.533203 0.503906 0.535156 0.505859 0.537109 0.505859 0.539062 0.507812 0.542969 0.507812 0.544922 0.509766 0.546875 0.509766 0.548828 0.511719 0.570312 0.511719 0.572266 0.509766 0.574219 0.509766 0.576172 0.507812 0.578125 0.507812 0.593750 0.492188 0.593750 0.474609 0.591797 0.472656 0.591797 0.468750 0.589844 0.466797 0.589844 0.460938 0.587891 0.460938 0.585938 0.458984 0.585938 0.457031 0.583984 0.455078 0.583984 0.451172 0.580078 0.447266 0.580078 0.445312 0.578125 0.443359 0.578125 0.441406 0.574219 0.437500 0.572266 0.437500 0.570312 0.435547 0.568359 0.435547 0.566406 0.433594 0.562500 0.433594 0.560547 0.431641
0 0.994141 0.476562 0.990234 0.480469 0.986328 0.480469 0.984375 0.482422 0.982422 0.482422 0.982422 0.486328 0.980469 0.488281 0.980469 0.492188 0.978516 0.494141 0.978516 0.503906 0.980469 0.505859 0.980469 0.507812 0.984375 0.511719 0.984375 0.513672 0.986328 0.513672 0.988281 0.515625 0.990234 0.515625 0.992188 0.517578 0.996094 0.517578 0.998047 0.519531 0.998047 0.517578 0.996094 0.515625 0.996094 0.476562
0 0.382812 0.484375 0.378906 0.488281 0.376953 0.488281 0.373047 0.492188 0.373047 0.494141 0.371094 0.496094 0.371094 0.498047 0.369141 0.500000 0.369141 0.515625 0.371094 0.517578 0.371094 0.521484 0.375000 0.525391 0.376953 0.525391 0.378906 0.527344 0.404297 0.527344 0.406250 0.525391 0.408203 0.525391 0.410156 0.523438 0.412109 0.523438 0.412109 0.521484 0.419922 0.513672 0.421875 0.513672 0.421875 0.503906 0.423828 0.501953 0.423828 0.494141 0.425781 0.492188 0.423828 0.490234 0.421875 0.490234 0.419922 0.488281 0.417969 0.488281 0.416016 0.486328 0.402344 0.486328 0.400391 0.484375
0 0.769531 0.496094 0.767578 0.498047 0.765625 0.498047 0.761719 0.501953 0.759766 0.501953 0.757812 0.503906 0.753906 0.503906 0.750000 0.507812 0.748047 0.507812 0.744141 0.511719 0.740234 0.511719 0.740234 0.513672 0.738281 0.515625 0.736328 0.515625 0.734375 0.517578 0.734375 0.519531 0.732422 0.521484 0.732422 0.523438 0.728516 0.527344 0.728516 0.529297 0.726562 0.531250 0.726562 0.533203 0.728516 0.535156 0.730469 0.535156 0.732422 0.537109 0.734375 0.537109 0.736328 0.539062 0.775391 0.539062 0.777344 0.537109 0.791016 0.537109 0.792969 0.535156 0.796875 0.535156 0.798828 0.533203 0.800781 0.533203 0.802734 0.531250 0.804688 0.531250 0.806641 0.529297 0.808594 0.529297 0.810547 0.527344 0.812500 0.527344 0.814453 0.525391 0.814453 0.523438 0.816406 0.521484 0.816406 0.500000 0.814453 0.498047 0.810547 0.498047 0.808594 0.496094
0 0.218750 0.486328 0.214844 0.490234 0.214844 0.494141 0.210938 0.498047 0.210938 0.509766 0.208984 0.511719 0.208984 0.527344 0.212891 0.531250 0.212891 0.533203 0.216797 0.537109 0.216797 0.539062 0.222656 0.544922 0.222656 0.546875 0.226562 0.550781 0.226562 0.552734 0.230469 0.556641 0.230469 0.558594 0.236328 0.564453 0.246094 0.564453 0.250000 0.560547 0.251953 0.560547 0.253906 0.558594 0.253906 0.556641 0.257812 0.552734 0.257812 0.548828 0.259766 0.546875 0.259766 0.535156 0.257812 0.533203 0.257812 0.531250 0.255859 0.529297 0.255859 0.527344 0.253906 0.525391 0.253906 0.523438 0.250000 0.519531 0.250000 0.517578 0.244141 0.511719 0.244141 0.509766 0.236328 0.501953 0.236328 0.500000 0.232422 0.496094 0.232422 0.494141 0.228516 0.490234 0.228516 0.488281 0.226562 0.486328
0 0.089844 0.539062 0.083984 0.544922 0.083984 0.546875 0.082031 0.548828 0.080078 0.548828 0.080078 0.560547 0.082031 0.562500 0.082031 0.566406 0.085938 0.570312 0.085938 0.572266 0.087891 0.574219 0.089844 0.574219 0.091797 0.576172 0.093750 0.576172 0.095703 0.578125 0.095703 0.580078 0.123047 0.580078 0.125000 0.578125 0.128906 0.578125 0.132812 0.574219 0.142578 0.574219 0.144531 0.572266 0.144531 0.570312 0.148438 0.566406 0.148438 0.556641 0.140625 0.548828 0.140625 0.546875 0.132812 0.539062
0 0.330078 0.529297 0.326172 0.533203 0.310547 0.533203 0.308594 0.535156 0.306641 0.535156 0.302734 0.539062 0.302734 0.541016 0.300781 0.542969 0.298828 0.542969 0.298828 0.546875 0.296875 0.548828 0.296875 0.574219 0.302734 0.580078 0.326172 0.580078 0.328125 0.582031 0.332031 0.582031 0.335938 0.585938 0.339844 0.585938 0.341797 0.587891 0.343750 0.587891 0.347656 0.591797 0.359375 0.591797 0.361328 0.589844 0.363281 0.589844 0.367188 0.585938 0.369141 0.585938 0.371094 0.583984 0.373047 0.583984 0.380859 0.576172 0.380859 0.568359 0.378906 0.566406 0.378906 0.564453 0.376953 0.562500 0.376953 0.560547 0.375000 0.560547 0.371094 0.556641 0.371094 0.554688 0.369141 0.552734 0.369141 0.550781 0.367188 0.550781 0.363281 0.546875 0.361328 0.546875 0.355469 0.541016 0.353516 0.541016 0.349609 0.537109 0.345703 0.537109 0.343750 0.535156 0.343750 0.533203 0.339844 0.533203 0.337891 0.531250 0.335938 0.531250 0.333984 0.529297
0 0.718750 0.546875 0.716797 0.548828 0.714844 0.548828 0.712891 0.550781 0.710938 0.550781 0.707031 0.554688 0.705078 0.554688 0.701172 0.558594 0.701172 0.562500 0.699219 0.564453 0.697266 0.564453 0.697266 0.566406 0.695312 0.568359 0.695312 0.580078 0.697266 0.580078 0.701172 0.583984 0.705078 0.583984 0.708984 0.587891 0.712891 0.587891 0.714844 0.589844 0.716797 0.589844 0.718750 0.591797 0.738281 0.591797 0.744141 0.585938 0.744141 0.583984 0.746094 0.582031 0.746094 0.580078 0.748047 0.578125 0.748047 0.570312 0.746094 0.568359 0.746094 0.566406 0.742188 0.562500 0.742188 0.560547 0.740234 0.558594 0.740234 0.556641 0.738281 0.554688 0.738281 0.552734 0.736328 0.550781 0.728516 0.550781 0.726562 0.548828 0.722656 0.548828 0.720703 0.546875
0 0.837891 0.542969 0.833984 0.546875 0.832031 0.546875 0.820312 0.558594 0.820312 0.562500 0.818359 0.564453 0.818359 0.587891 0.824219 0.593750 0.824219 0.595703 0.826172 0.595703 0.830078 0.599609 0.833984 0.599609 0.835938 0.601562 0.841797 0.601562 0.843750 0.603516 0.845703 0.603516 0.847656 0.605469 0.865234 0.605469 0.867188 0.603516 0.867188 0.601562 0.873047 0.595703 0.873047 0.593750 0.875000 0.591797 0.875000 0.587891 0.878906 0.583984 0.878906 0.578125 0.880859 0.576172 0.880859 0.550781 0.876953 0.550781 0.875000 0.548828 0.871094 0.548828 0.867188 0.544922 0.855469 0.544922 0.853516 0.542969
0 0.302734 0.582031 0.302734 0.583984 0.300781 0.585938 0.298828 0.585938 0.294922 0.589844 0.294922 0.591797 0.292969 0.593750 0.292969 0.595703 0.291016 0.597656 0.291016 0.603516 0.289062 0.605469 0.289062 0.621094 0.294922 0.626953 0.294922 0.628906 0.298828 0.632812 0.314453 0.632812 0.316406 0.634766 0.320312 0.634766 0.326172 0.640625 0.326172 0.642578 0.341797 0.642578 0.343750 0.640625 0.347656 0.640625 0.357422 0.630859 0.357422 0.605469 0.355469 0.603516 0.355469 0.601562 0.351562 0.597656 0.351562 0.595703 0.349609 0.593750 0.347656 0.593750 0.343750 0.589844 0.341797 0.589844 0.339844 0.587891 0.335938 0.587891 0.332031 0.583984 0.328125 0.583984 0.326172 0.582031
0 0.447266 0.601562 0.445312 0.603516 0.445312 0.605469 0.441406 0.609375 0.441406 0.630859 0.445312 0.634766 0.445312 0.638672 0.449219 0.642578 0.460938 0.642578 0.462891 0.640625 0.464844 0.640625 0.466797 0.638672 0.466797 0.636719 0.470703 0.632812 0.470703 0.630859 0.472656 0.628906 0.472656 0.609375 0.470703 0.609375 0.468750 0.607422 0.466797 0.607422 0.462891 0.603516 0.460938 0.603516 0.458984 0.601562
0 0.628906 0.617188 0.626953 0.619141 0.626953 0.621094 0.625000 0.623047 0.623047 0.623047 0.623047 0.628906 0.621094 0.630859 0.621094 0.636719 0.619141 0.638672 0.619141 0.642578 0.615234 0.646484 0.615234 0.652344 0.613281 0.654297 0.613281 0.660156 0.617188 0.664062 0.621094 0.664062 0.623047 0.666016 0.626953 0.666016 0.628906 0.667969 0.630859 0.667969 0.632812 0.669922 0.646484 0.669922 0.648438 0.667969 0.650391 0.667969 0.650391 0.666016 0.656250 0.660156 0.656250 0.656250 0.658203 0.654297 0.658203 0.652344 0.660156 0.650391 0.660156 0.648438 0.664062 0.644531 0.664062 0.642578 0.666016 0.640625 0.666016 0.634766 0.667969 0.632812 0.666016 0.632812 0.652344 0.619141 0.646484 0.619141 0.644531 0.617188
0 0.294922 0.634766 0.294922 0.640625 0.292969 0.642578 0.292969 0.664062 0.296875 0.667969 0.296875 0.671875 0.298828 0.671875 0.300781 0.673828 0.300781 0.679688 0.302734 0.681641 0.302734 0.683594 0.306641 0.687500 0.306641 0.689453 0.308594 0.689453 0.312500 0.693359 0.314453 0.693359 0.318359 0.697266 0.320312 0.697266 0.322266 0.699219 0.324219 0.699219 0.326172 0.701172 0.326172 0.703125 0.330078 0.703125 0.332031 0.705078 0.333984 0.703125 0.337891 0.703125 0.339844 0.701172 0.343750 0.701172 0.343750 0.699219 0.345703 0.697266 0.345703 0.675781 0.341797 0.671875 0.341797 0.666016 0.339844 0.664062 0.339844 0.662109 0.337891 0.662109 0.335938 0.660156 0.335938 0.658203 0.332031 0.654297 0.332031 0.652344 0.328125 0.648438 0.328125 0.644531 0.326172 0.644531 0.324219 0.642578 0.324219 0.640625 0.320312 0.636719 0.316406 0.636719 0.314453 0.634766
0 0.378906 0.667969 0.376953 0.669922 0.376953 0.673828 0.375000 0.675781 0.375000 0.683594 0.373047 0.685547 0.373047 0.699219 0.375000 0.701172 0.375000 0.703125 0.376953 0.705078 0.378906 0.705078 0.380859 0.707031 0.382812 0.707031 0.388672 0.712891 0.390625 0.712891 0.394531 0.716797 0.396484 0.716797 0.398438 0.714844 0.408203 0.714844 0.410156 0.712891 0.419922 0.712891 0.419922 0.699219 0.417969 0.699219 0.416016 0.697266 0.416016 0.695312 0.414062 0.693359 0.414062 0.691406 0.410156 0.687500 0.410156 0.685547 0.406250 0.681641 0.404297 0.681641 0.402344 0.679688 0.402344 0.677734 0.398438 0.673828 0.396484 0.673828 0.392578 0.669922 0.390625 0.669922 0.388672 0.667969
0 0.740234 0.699219 0.738281 0.701172 0.736328 0.701172 0.734375 0.703125 0.730469 0.703125 0.728516 0.705078 0.728516 0.707031 0.726562 0.708984 0.726562 0.716797 0.728516 0.718750 0.728516 0.720703 0.730469 0.722656 0.730469 0.724609 0.734375 0.728516 0.736328 0.728516 0.738281 0.730469 0.742188 0.730469 0.744141 0.732422 0.748047 0.732422 0.751953 0.736328 0.792969 0.736328 0.794922 0.734375 0.791016 0.730469 0.791016 0.728516 0.787109 0.724609 0.787109 0.722656 0.783203 0.718750 0.783203 0.716797 0.781250 0.714844 0.781250 0.712891 0.777344 0.708984 0.777344 0.707031 0.773438 0.703125 0.771484 0.703125 0.769531 0.701172 0.767578 0.701172 0.765625 0.699219
0 0.451172 0.701172 0.449219 0.703125 0.447266 0.703125 0.445312 0.705078 0.443359 0.705078 0.441406 0.707031 0.439453 0.707031 0.435547 0.710938 0.433594 0.710938 0.433594 0.714844 0.431641 0.716797 0.431641 0.726562 0.435547 0.730469 0.435547 0.734375 0.437500 0.736328 0.439453 0.736328 0.445312 0.742188 0.447266 0.742188 0.449219 0.744141 0.451172 0.744141 0.453125 0.746094 0.455078 0.746094 0.457031 0.748047 0.460938 0.748047 0.462891 0.750000 0.476562 0.750000 0.478516 0.748047 0.480469 0.748047 0.480469 0.746094 0.486328 0.740234 0.486328 0.728516 0.488281 0.726562 0.488281 0.712891 0.486328 0.710938 0.486328 0.708984 0.484375 0.707031 0.482422 0.707031 0.480469 0.705078 0.476562 0.705078 0.474609 0.703125 0.470703 0.703125 0.468750 0.701172
0 0.396484 0.769531 0.394531 0.771484 0.392578 0.771484 0.388672 0.775391 0.388672 0.779297 0.386719 0.781250 0.386719 0.787109 0.388672 0.789062 0.388672 0.794922 0.392578 0.798828 0.392578 0.804688 0.394531 0.806641 0.394531 0.808594 0.398438 0.812500 0.398438 0.814453 0.402344 0.818359 0.402344 0.820312 0.404297 0.822266 0.406250 0.822266 0.408203 0.820312 0.412109 0.820312 0.416016 0.824219 0.417969 0.824219 0.419922 0.826172 0.423828 0.826172 0.425781 0.828125 0.429688 0.828125 0.431641 0.830078 0.443359 0.830078 0.445312 0.832031 0.455078 0.832031 0.458984 0.828125 0.458984 0.826172 0.462891 0.822266 0.462891 0.812500 0.460938 0.810547 0.458984 0.810547 0.455078 0.806641 0.453125 0.806641 0.451172 0.804688 0.451172 0.802734 0.447266 0.798828 0.445312 0.798828 0.443359 0.796875 0.443359 0.794922 0.441406 0.792969 0.439453 0.792969 0.437500 0.791016 0.437500 0.789062 0.429688 0.781250 0.429688 0.779297 0.427734 0.777344 0.425781 0.777344 0.423828 0.775391 0.423828 0.773438 0.421875 0.773438 0.417969 0.769531
0 0.292969 0.779297 0.291016 0.781250 0.289062 0.781250 0.287109 0.783203 0.285156 0.783203 0.285156 0.787109 0.283203 0.789062 0.283203 0.791016 0.279297 0.794922 0.279297 0.814453 0.281250 0.816406 0.281250 0.818359 0.283203 0.820312 0.287109 0.820312 0.289062 0.822266 0.292969 0.822266 0.296875 0.826172 0.318359 0.826172 0.320312 0.824219 0.322266 0.824219 0.326172 0.820312 0.326172 0.818359 0.328125 0.816406 0.328125 0.814453 0.330078 0.812500 0.330078 0.800781 0.326172 0.796875 0.326172 0.794922 0.322266 0.791016 0.322266 0.789062 0.320312 0.787109 0.320312 0.785156 0.314453 0.779297
0 0.755859 0.794922 0.751953 0.798828 0.751953 0.800781 0.748047 0.804688 0.748047 0.806641 0.746094 0.808594 0.746094 0.810547 0.744141 0.812500 0.744141 0.816406 0.740234 0.820312 0.740234 0.828125 0.738281 0.830078 0.738281 0.845703 0.742188 0.849609 0.742188 0.851562 0.748047 0.851562 0.750000 0.853516 0.771484 0.853516 0.773438 0.851562 0.777344 0.851562 0.781250 0.847656 0.783203 0.847656 0.789062 0.841797 0.791016 0.841797 0.798828 0.833984 0.798828 0.832031 0.800781 0.830078 0.802734 0.830078 0.802734 0.828125 0.804688 0.826172 0.804688 0.822266 0.806641 0.820312 0.806641 0.818359 0.808594 0.816406 0.808594 0.814453 0.810547 0.812500 0.810547 0.810547 0.808594 0.808594 0.806641 0.808594 0.802734 0.804688 0.800781 0.804688 0.798828 0.802734 0.796875 0.802734 0.794922 0.800781 0.791016 0.800781 0.789062 0.798828 0.785156 0.798828 0.783203 0.796875 0.781250 0.796875 0.779297 0.794922
0 0.001953 0.806641 0.001953 0.808594 0.000000 0.810547 0.000000 0.871094 0.005859 0.871094 0.007812 0.869141 0.009766 0.869141 0.013672 0.865234 0.017578 0.865234 0.023438 0.859375 0.025391 0.859375 0.029297 0.855469 0.029297 0.853516 0.031250 0.851562 0.033203 0.851562 0.033203 0.847656 0.039062 0.841797 0.039062 0.839844 0.041016 0.837891 0.041016 0.824219 0.037109 0.820312 0.037109 0.816406 0.035156 0.816406 0.033203 0.814453 0.033203 0.812500 0.029297 0.812500 0.023438 0.806641
0 0.652344 0.808594 0.650391 0.810547 0.648438 0.810547 0.648438 0.812500 0.646484 0.814453 0.646484 0.818359 0.642578 0.822266 0.642578 0.824219 0.638672 0.828125 0.638672 0.832031 0.636719 0.833984 0.636719 0.843750 0.634766 0.845703 0.634766 0.851562 0.636719 0.853516 0.636719 0.855469 0.638672 0.855469 0.642578 0.859375 0.642578 0.861328 0.646484 0.865234 0.648438 0.865234 0.650391 0.867188 0.652344 0.867188 0.654297 0.869141 0.679688 0.869141 0.683594 0.865234 0.683594 0.863281 0.687500 0.859375 0.689453 0.859375 0.689453 0.855469 0.691406 0.853516 0.693359 0.853516 0.695312 0.851562 0.695312 0.849609 0.697266 0.847656 0.697266 0.841797 0.693359 0.837891 0.693359 0.835938 0.691406 0.833984 0.691406 0.832031 0.689453 0.830078 0.689453 0.828125 0.685547 0.824219 0.685547 0.822266 0.683594 0.820312 0.683594 0.818359 0.681641 0.816406 0.681641 0.814453 0.679688 0.812500 0.679688 0.810547 0.675781 0.810547 0.673828 0.808594
0 0.822266 0.916016 0.820312 0.917969 0.818359 0.917969 0.814453 0.921875 0.812500 0.921875 0.810547 0.923828 0.810547 0.925781 0.808594 0.927734 0.806641 0.927734 0.806641 0.929688 0.804688 0.931641 0.804688 0.935547 0.802734 0.937500 0.802734 0.939453 0.800781 0.941406 0.800781 0.958984 0.804688 0.962891 0.806641 0.962891 0.808594 0.964844 0.812500 0.964844 0.814453 0.966797 0.816406 0.966797 0.818359 0.968750 0.832031 0.968750 0.833984 0.970703 0.853516 0.970703 0.857422 0.966797 0.857422 0.939453 0.855469 0.937500 0.855469 0.935547 0.853516 0.933594 0.853516 0.931641 0.851562 0.929688 0.851562 0.927734 0.849609 0.925781 0.849609 0.923828 0.847656 0.921875 0.847656 0.919922 0.845703 0.917969 0.841797 0.917969 0.839844 0.916016
0 0.037109 0.919922 0.035156 0.921875 0.033203 0.921875 0.031250 0.923828 0.029297 0.923828 0.027344 0.925781 0.027344 0.927734 0.025391 0.929688 0.025391 0.931641 0.021484 0.935547 0.021484 0.937500 0.019531 0.939453 0.019531 0.941406 0.017578 0.943359 0.017578 0.947266 0.015625 0.949219 0.015625 0.955078 0.013672 0.957031 0.013672 0.962891 0.015625 0.964844 0.015625 0.966797 0.021484 0.972656 0.021484 0.974609 0.023438 0.974609 0.025391 0.976562 0.027344 0.976562 0.033203 0.982422 0.035156 0.982422 0.037109 0.984375 0.039062 0.984375 0.041016 0.986328 0.056641 0.986328 0.058594 0.984375 0.060547 0.984375 0.062500 0.982422 0.066406 0.982422 0.068359 0.980469 0.070312 0.980469 0.070312 0.978516 0.072266 0.976562 0.074219 0.976562 0.078125 0.972656 0.078125 0.966797 0.080078 0.964844 0.080078 0.958984 0.082031 0.957031 0.082031 0.937500 0.080078 0.935547 0.080078 0.933594 0.078125 0.931641 0.078125 0.927734 0.076172 0.925781 0.074219 0.925781 0.070312 0.921875 0.050781 0.921875 0.048828 0.919922
0 0.449219 0.937500 0.449219 0.939453 0.445312 0.943359 0.445312 0.947266 0.443359 0.949219 0.443359 0.974609 0.445312 0.976562 0.445312 0.980469 0.447266 0.980469 0.449219 0.982422 0.451172 0.982422 0.453125 0.984375 0.457031 0.984375 0.458984 0.986328 0.462891 0.986328 0.464844 0.988281 0.470703 0.988281 0.472656 0.986328 0.474609 0.986328 0.474609 0.984375 0.476562 0.982422 0.476562 0.980469 0.478516 0.978516 0.478516 0.970703 0.480469 0.968750 0.480469 0.966797 0.482422 0.964844 0.482422 0.955078 0.480469 0.953125 0.480469 0.951172 0.478516 0.949219 0.478516 0.947266 0.476562 0.947266 0.472656 0.943359 0.472656 0.941406 0.470703 0.941406 0.468750 0.939453 0.458984 0.939453 0.457031 0.937500
0 0.275391 0.962891 0.275391 0.964844 0.273438 0.966797 0.271484 0.966797 0.269531 0.968750 0.269531 0.970703 0.267578 0.972656 0.267578 0.976562 0.263672 0.980469 0.263672 0.994141 0.265625 0.992188 0.289062 0.992188 0.291016 0.990234 0.310547 0.990234 0.306641 0.986328 0.306641 0.984375 0.304688 0.982422 0.302734 0.982422 0.285156 0.964844 0.283203 0.964844 0.281250 0.962891
0 0.388672 0.966797 0.386719 0.968750 0.384766 0.968750 0.382812 0.970703 0.380859 0.970703 0.378906 0.972656 0.378906 0.974609 0.375000 0.978516 0.375000 0.980469 0.373047 0.982422 0.373047 0.986328 0.371094 0.988281 0.371094 0.990234 0.392578 0.990234 0.394531 0.992188 0.417969 0.992188 0.419922 0.994141 0.421875 0.994141 0.421875 0.984375 0.419922 0.982422 0.419922 0.980469 0.417969 0.978516 0.417969 0.976562 0.416016 0.974609 0.416016 0.972656 0.414062 0.972656 0.412109 0.970703 0.410156 0.970703 0.406250 0.966797
0 0.724609 0.978516 0.722656 0.980469 0.712891 0.980469 0.708984 0.984375 0.707031 0.984375 0.701172 0.990234 0.701172 0.994141 0.703125 0.992188 0.734375 0.992188 0.736328 0.990234 0.761719 0.990234 0.753906 0.982422 0.751953 0.982422 0.748047 0.978516
