0 0.796875 0.097656 0.794922 0.099609 0.792969 0.099609 0.792969 0.101562 0.791016 0.103516 0.791016 0.125000 0.796875 0.130859 0.796875 0.132812 0.806641 0.142578 0.833984 0.142578 0.835938 0.140625 0.835938 0.138672 0.837891 0.136719 0.837891 0.134766 0.839844 0.132812 0.839844 0.105469 0.837891 0.103516 0.837891 0.101562 0.820312 0.101562 0.818359 0.099609 0.814453 0.099609 0.812500 0.097656
0 0.869141 0.148438 0.867188 0.150391 0.867188 0.171875 0.869141 0.173828 0.869141 0.177734 0.871094 0.179688 0.871094 0.181641 0.875000 0.185547 0.875000 0.187500 0.876953 0.189453 0.876953 0.193359 0.878906 0.195312 0.892578 0.195312 0.892578 0.171875 0.890625 0.169922 0.890625 0.167969 0.888672 0.166016 0.888672 0.160156 0.884766 0.156250 0.884766 0.152344 0.882812 0.150391 0.880859 0.150391 0.878906 0.148438
0 0.929688 0.207031 0.927734 0.208984 0.927734 0.210938 0.925781 0.212891 0.925781 0.230469 0.927734 0.230469 0.929688 0.232422 0.929688 0.234375 0.931641 0.236328 0.931641 0.238281 0.933594 0.238281 0.935547 0.240234 0.935547 0.242188 0.939453 0.246094 0.939453 0.248047 0.945312 0.253906 0.945312 0.255859 0.947266 0.255859 0.949219 0.257812 0.949219 0.259766 0.951172 0.259766 0.953125 0.261719 0.953125 0.263672 0.955078 0.263672 0.957031 0.265625 0.960938 0.265625 0.962891 0.267578 0.972656 0.267578 0.972656 0.250000 0.968750 0.246094 0.968750 0.244141 0.966797 0.242188 0.966797 0.240234 0.964844 0.238281 0.964844 0.234375 0.962891 0.232422 0.962891 0.230469 0.957031 0.224609 0.957031 0.222656 0.955078 0.222656 0.949219 0.216797 0.949219 0.214844 0.947266 0.214844 0.945312 0.212891 0.943359 0.212891 0.941406 0.210938 0.939453 0.210938 0.937500 0.208984 0.935547 0.208984 0.933594 0.207031
0 0.990234 0.253906 0.988281 0.255859 0.986328 0.255859 0.984375 0.257812 0.982422 0.257812 0.980469 0.259766 0.978516 0.259766 0.976562 0.261719 0.976562 0.271484 0.978516 0.273438 0.978516 0.281250 0.984375 0.287109 0.984375 0.289062 0.988281 0.292969 0.988281 0.294922 0.990234 0.296875 0.990234 0.298828 0.994141 0.302734 0.994141 0.304688 0.994141 0.281250 0.996094 0.279297 0.996094 0.253906
0 0.244141 0.287109 0.248047 0.291016 0.248047 0.292969 0.250000 0.294922 0.250000 0.296875 0.251953 0.298828 0.251953 0.300781 0.253906 0.302734 0.253906 0.306641 0.257812 0.310547 0.257812 0.314453 0.259766 0.316406 0.259766 0.318359 0.263672 0.322266 0.263672 0.324219 0.265625 0.326172 0.265625 0.328125 0.269531 0.332031 0.269531 0.333984 0.271484 0.335938 0.271484 0.339844 0.275391 0.343750 0.275391 0.347656 0.283203 0.355469 0.285156 0.355469 0.291016 0.361328 0.292969 0.361328 0.294922 0.359375 0.296875 0.359375 0.296875 0.357422 0.298828 0.355469 0.298828 0.353516 0.300781 0.351562 0.300781 0.337891 0.277344 0.314453 0.277344 0.312500 0.273438 0.308594 0.273438 0.306641 0.269531 0.302734 0.269531 0.300781 0.267578 0.298828 0.267578 0.296875 0.265625 0.296875 0.263672 0.294922 0.261719 0.294922 0.257812 0.291016 0.255859 0.291016 0.251953 0.287109
0 0.443359 0.388672 0.441406 0.390625 0.441406 0.392578 0.439453 0.394531 0.439453 0.406250 0.441406 0.406250 0.445312 0.410156 0.449219 0.410156 0.451172 0.412109 0.455078 0.412109 0.457031 0.414062 0.460938 0.414062 0.464844 0.410156 0.466797 0.410156 0.468750 0.408203 0.470703 0.408203 0.470703 0.402344 0.468750 0.400391 0.466797 0.400391 0.464844 0.398438 0.464844 0.396484 0.462891 0.394531 0.457031 0.394531 0.453125 0.390625 0.451172 0.390625 0.449219 0.388672
0 0.500000 0.386719 0.500000 0.390625 0.501953 0.392578 0.501953 0.396484 0.503906 0.398438 0.503906 0.404297 0.507812 0.408203 0.509766 0.408203 0.511719 0.410156 0.513672 0.410156 0.517578 0.414062 0.519531 0.414062 0.521484 0.416016 0.525391 0.416016 0.527344 0.417969 0.529297 0.417969 0.529297 0.412109 0.527344 0.410156 0.527344 0.408203 0.523438 0.404297 0.523438 0.400391 0.521484 0.398438 0.521484 0.394531 0.519531 0.394531 0.513672 0.388672 0.505859 0.388672 0.503906 0.386719
0 0.033203 0.392578 0.027344 0.398438 0.027344 0.408203 0.025391 0.410156 0.025391 0.414062 0.023438 0.416016 0.023438 0.421875 0.021484 0.423828 0.021484 0.441406 0.025391 0.445312 0.025391 0.447266 0.031250 0.453125 0.031250 0.455078 0.035156 0.458984 0.037109 0.458984 0.041016 0.462891 0.042969 0.462891 0.044922 0.464844 0.058594 0.464844 0.058594 0.439453 0.056641 0.437500 0.056641 0.433594 0.054688 0.431641 0.054688 0.427734 0.052734 0.425781 0.052734 0.421875 0.050781 0.419922 0.050781 0.414062 0.048828 0.412109 0.048828 0.404297 0.046875 0.402344 0.046875 0.394531 0.044922 0.392578
0 0.679688 0.412109 0.677734 0.414062 0.675781 0.414062 0.673828 0.416016 0.671875 0.416016 0.669922 0.417969 0.667969 0.417969 0.664062 0.421875 0.662109 0.421875 0.662109 0.453125 0.664062 0.455078 0.664062 0.492188 0.666016 0.494141 0.666016 0.500000 0.667969 0.500000 0.667969 0.498047 0.669922 0.496094 0.669922 0.494141 0.671875 0.492188 0.673828 0.492188 0.675781 0.490234 0.675781 0.488281 0.685547 0.478516 0.685547 0.476562 0.687500 0.474609 0.687500 0.472656 0.689453 0.470703 0.689453 0.468750 0.691406 0.466797 0.693359 0.466797 0.693359 0.464844 0.697266 0.460938 0.699219 0.460938 0.699219 0.458984 0.703125 0.455078 0.703125 0.453125 0.707031 0.449219 0.707031 0.445312 0.710938 0.441406 0.710938 0.427734 0.705078 0.421875 0.705078 0.419922 0.703125 0.417969 0.701172 0.417969 0.699219 0.416016 0.697266 0.416016 0.695312 0.414062 0.691406 0.414062 0.689453 0.412109
0 0.558594 0.599609 0.558594 0.603516 0.556641 0.605469 0.554688 0.605469 0.554688 0.607422 0.552734 0.609375 0.552734 0.634766 0.556641 0.638672 0.568359 0.638672 0.572266 0.634766 0.572266 0.630859 0.576172 0.626953 0.576172 0.621094 0.578125 0.619141 0.578125 0.609375 0.576172 0.609375 0.574219 0.607422 0.572266 0.607422 0.568359 0.603516 0.566406 0.603516 0.562500 0.599609
0 0.367188 0.640625 0.367188 0.658203 0.371094 0.662109 0.371094 0.664062 0.375000 0.667969 0.375000 0.669922 0.376953 0.671875 0.376953 0.673828 0.378906 0.675781 0.378906 0.677734 0.380859 0.679688 0.380859 0.681641 0.382812 0.683594 0.382812 0.685547 0.384766 0.687500 0.384766 0.685547 0.382812 0.683594 0.382812 0.679688 0.380859 0.677734 0.380859 0.658203 0.378906 0.656250 0.378906 0.652344 0.376953 0.650391 0.376953 0.648438 0.371094 0.642578 0.371094 0.640625
0 0.000000 0.648438 0.000000 0.693359 0.007812 0.685547 0.007812 0.658203 0.005859 0.656250 0.005859 0.654297 0.003906 0.654297 0.001953 0.652344 0.001953 0.650391
0 0.386719 0.699219 0.384766 0.701172 0.384766 0.703125 0.382812 0.705078 0.382812 0.708984 0.380859 0.710938 0.380859 0.720703 0.378906 0.722656 0.378906 0.734375 0.376953 0.736328 0.376953 0.738281 0.375000 0.740234 0.375000 0.742188 0.373047 0.744141 0.373047 0.750000 0.373047 0.748047 0.375000 0.746094 0.376953 0.746094 0.378906 0.744141 0.412109 0.744141 0.412109 0.730469 0.410156 0.728516 0.410156 0.726562 0.402344 0.718750 0.400391 0.718750 0.398438 0.716797 0.398438 0.714844 0.396484 0.712891 0.394531 0.712891 0.392578 0.710938 0.392578 0.707031 0.390625 0.707031 0.388672 0.705078 0.388672 0.701172
0 0.781250 0.720703 0.781250 0.744141 0.789062 0.751953 0.791016 0.751953 0.794922 0.755859 0.796875 0.755859 0.800781 0.759766 0.802734 0.759766 0.804688 0.761719 0.806641 0.761719 0.810547 0.765625 0.812500 0.765625 0.814453 0.767578 0.814453 0.769531 0.818359 0.769531 0.820312 0.771484 0.822266 0.771484 0.824219 0.773438 0.826172 0.773438 0.828125 0.775391 0.830078 0.775391 0.832031 0.777344 0.832031 0.761719 0.826172 0.755859 0.826172 0.753906 0.822266 0.750000 0.820312 0.750000 0.818359 0.748047 0.818359 0.746094 0.816406 0.746094 0.812500 0.742188 0.812500 0.740234 0.798828 0.726562 0.798828 0.724609 0.796875 0.726562 0.794922 0.726562 0.791016 0.722656 0.787109 0.722656 0.785156 0.720703
0 0.748047 0.730469 0.748047 0.732422 0.750000 0.734375 0.750000 0.736328 0.751953 0.738281 0.751953 0.740234 0.755859 0.744141 0.755859 0.746094 0.757812 0.748047 0.757812 0.750000 0.761719 0.753906 0.761719 0.757812 0.763672 0.759766 0.763672 0.763672 0.765625 0.765625 0.765625 0.769531 0.773438 0.777344 0.775391 0.777344 0.777344 0.779297 0.779297 0.779297 0.781250 0.781250 0.792969 0.781250 0.794922 0.779297 0.796875 0.779297 0.798828 0.777344 0.798828 0.769531 0.796875 0.767578 0.796875 0.763672 0.775391 0.742188 0.773438 0.742188 0.769531 0.738281 0.765625 0.738281 0.763672 0.736328 0.757812 0.736328 0.755859 0.734375 0.751953 0.734375
0 0.861328 0.785156 0.861328 0.818359 0.865234 0.822266 0.865234 0.830078 0.867188 0.832031 0.867188 0.835938 0.869141 0.837891 0.869141 0.839844 0.871094 0.841797 0.871094 0.847656 0.882812 0.847656 0.882812 0.839844 0.884766 0.837891 0.884766 0.812500 0.882812 0.810547 0.882812 0.804688 0.880859 0.802734 0.880859 0.796875 0.876953 0.792969 0.876953 0.789062 0.875000 0.787109 0.873047 0.787109 0.871094 0.785156
0 0.505859 0.781250 0.503906 0.783203 0.496094 0.783203 0.494141 0.785156 0.488281 0.785156 0.484375 0.789062 0.482422 0.789062 0.478516 0.792969 0.476562 0.792969 0.468750 0.800781 0.468750 0.804688 0.466797 0.806641 0.466797 0.810547 0.464844 0.812500 0.464844 0.826172 0.462891 0.828125 0.462891 0.830078 0.460938 0.832031 0.460938 0.843750 0.462891 0.845703 0.462891 0.847656 0.464844 0.849609 0.464844 0.859375 0.470703 0.865234 0.474609 0.861328 0.476562 0.861328 0.480469 0.857422 0.484375 0.857422 0.486328 0.855469 0.488281 0.855469 0.492188 0.851562 0.494141 0.851562 0.496094 0.849609 0.500000 0.849609 0.503906 0.845703 0.505859 0.845703 0.507812 0.843750 0.507812 0.841797 0.509766 0.839844 0.511719 0.839844 0.525391 0.826172 0.527344 0.826172 0.535156 0.818359 0.535156 0.785156 0.533203 0.783203 0.533203 0.781250
0 0.906250 0.824219 0.904297 0.826172 0.900391 0.826172 0.894531 0.832031 0.894531 0.833984 0.892578 0.835938 0.892578 0.837891 0.890625 0.839844 0.890625 0.841797 0.888672 0.843750 0.888672 0.845703 0.886719 0.847656 0.886719 0.851562 0.884766 0.853516 0.884766 0.863281 0.882812 0.865234 0.882812 0.867188 0.892578 0.867188 0.894531 0.865234 0.898438 0.865234 0.900391 0.863281 0.906250 0.863281 0.910156 0.859375 0.912109 0.859375 0.914062 0.857422 0.916016 0.857422 0.919922 0.853516 0.921875 0.853516 0.925781 0.849609 0.927734 0.849609 0.929688 0.847656 0.929688 0.845703 0.931641 0.843750 0.931641 0.833984 0.929688 0.833984 0.927734 0.832031 0.927734 0.830078 0.923828 0.826172 0.919922 0.826172 0.917969 0.824219
0 0.322266 0.828125 0.324219 0.830078 0.324219 0.833984 0.326172 0.835938 0.326172 0.837891 0.328125 0.839844 0.328125 0.841797 0.330078 0.843750 0.330078 0.845703 0.332031 0.847656 0.332031 0.849609 0.333984 0.851562 0.333984 0.853516 0.335938 0.855469 0.335938 0.857422 0.339844 0.861328 0.341797 0.861328 0.343750 0.863281 0.345703 0.863281 0.351562 0.869141 0.355469 0.869141 0.359375 0.873047 0.361328 0.873047 0.363281 0.875000 0.365234 0.875000 0.365234 0.867188 0.363281 0.865234 0.361328 0.865234 0.359375 0.863281 0.357422 0.863281 0.353516 0.859375 0.351562 0.859375 0.349609 0.857422 0.347656 0.857422 0.345703 0.855469 0.345703 0.853516 0.339844 0.847656 0.339844 0.845703 0.337891 0.843750 0.337891 0.839844 0.335938 0.837891 0.335938 0.835938 0.333984 0.833984 0.333984 0.832031 0.330078 0.832031 0.328125 0.830078 0.324219 0.830078
0 0.494141 0.906250 0.492188 0.908203 0.492188 0.925781 0.490234 0.927734 0.490234 0.929688 0.488281 0.931641 0.488281 0.943359 0.490234 0.943359 0.492188 0.945312 0.507812 0.945312 0.509766 0.943359 0.511719 0.945312 0.511719 0.925781 0.509766 0.923828 0.509766 0.921875 0.507812 0.919922 0.507812 0.916016 0.505859 0.916016 0.503906 0.914062 0.503906 0.912109 0.501953 0.910156 0.501953 0.908203 0.500000 0.906250
0 0.013672 0.945312 0.011719 0.947266 0.011719 0.949219 0.009766 0.951172 0.009766 0.953125 0.007812 0.955078 0.007812 0.957031 0.005859 0.958984 0.005859 0.960938 0.007812 0.960938 0.009766 0.962891 0.011719 0.962891 0.015625 0.966797 0.015625 0.968750 0.017578 0.968750 0.019531 0.970703 0.021484 0.970703 0.023438 0.972656 0.029297 0.972656 0.031250 0.974609 0.035156 0.974609 0.035156 0.968750 0.037109 0.966797 0.037109 0.953125 0.035156 0.951172 0.031250 0.951172 0.029297 0.949219 0.027344 0.949219 0.025391 0.947266 0.017578 0.947266 0.015625 0.945312
0 0.761719 0.947266 0.759766 0.949219 0.753906 0.949219 0.751953 0.951172 0.750000 0.951172 0.746094 0.955078 0.744141 0.955078 0.738281 0.960938 0.736328 0.960938 0.730469 0.966797 0.730469 0.970703 0.726562 0.974609 0.726562 0.976562 0.724609 0.978516 0.724609 0.982422 0.720703 0.986328 0.720703 0.996094 0.722656 0.996094 0.724609 0.994141 0.775391 0.994141 0.777344 0.992188 0.824219 0.992188 0.824219 0.988281 0.822266 0.986328 0.822266 0.982422 0.820312 0.980469 0.820312 0.978516 0.816406 0.974609 0.816406 0.972656 0.814453 0.970703 0.814453 0.968750 0.808594 0.962891 0.808594 0.960938 0.802734 0.955078 0.796875 0.955078 0.791016 0.949219 0.789062 0.949219 0.787109 0.947266
