0 0.484375 0.000000 0.484375 0.003906 0.496094 0.015625 0.498047 0.015625 0.501953 0.019531 0.503906 0.019531 0.505859 0.021484 0.519531 0.021484 0.523438 0.017578 0.525391 0.017578 0.527344 0.015625 0.529297 0.015625 0.531250 0.013672 0.531250 0.011719 0.535156 0.007812 0.537109 0.007812 0.537109 0.005859 0.539062 0.003906 0.539062 0.001953 0.541016 0.000000
0 0.169922 0.000000 0.167969 0.001953 0.166016 0.001953 0.166016 0.005859 0.164062 0.007812 0.164062 0.031250 0.166016 0.033203 0.177734 0.033203 0.179688 0.031250 0.181641 0.031250 0.183594 0.029297 0.185547 0.029297 0.189453 0.025391 0.191406 0.025391 0.195312 0.021484 0.197266 0.021484 0.205078 0.013672 0.205078 0.011719 0.208984 0.007812 0.210938 0.007812 0.210938 0.005859 0.212891 0.003906 0.212891 0.001953 0.214844 0.000000
0 0.277344 0.105469 0.277344 0.107422 0.275391 0.109375 0.275391 0.121094 0.277344 0.123047 0.277344 0.125000 0.283203 0.130859 0.285156 0.130859 0.287109 0.132812 0.296875 0.132812 0.296875 0.130859 0.298828 0.128906 0.298828 0.125000 0.300781 0.123047 0.300781 0.111328 0.302734 0.109375 0.300781 0.107422 0.300781 0.105469
0 0.083984 0.156250 0.080078 0.160156 0.080078 0.162109 0.074219 0.167969 0.074219 0.179688 0.076172 0.179688 0.078125 0.181641 0.080078 0.181641 0.083984 0.185547 0.085938 0.185547 0.087891 0.187500 0.101562 0.187500 0.101562 0.185547 0.103516 0.183594 0.103516 0.169922 0.097656 0.164062 0.095703 0.164062 0.089844 0.158203 0.087891 0.158203 0.085938 0.156250
0 0.175781 0.269531 0.169922 0.275391 0.167969 0.275391 0.166016 0.277344 0.164062 0.277344 0.162109 0.279297 0.162109 0.281250 0.160156 0.283203 0.160156 0.287109 0.162109 0.289062 0.164062 0.289062 0.166016 0.291016 0.169922 0.291016 0.171875 0.292969 0.175781 0.292969 0.177734 0.291016 0.179688 0.292969 0.181641 0.292969 0.183594 0.294922 0.187500 0.294922 0.191406 0.298828 0.193359 0.298828 0.195312 0.300781 0.201172 0.300781 0.203125 0.302734 0.207031 0.302734 0.207031 0.273438 0.199219 0.273438 0.197266 0.271484 0.191406 0.271484 0.189453 0.269531
0 0.144531 0.302734 0.142578 0.304688 0.140625 0.304688 0.140625 0.318359 0.142578 0.320312 0.142578 0.322266 0.150391 0.330078 0.152344 0.330078 0.154297 0.332031 0.181641 0.332031 0.183594 0.330078 0.187500 0.330078 0.189453 0.328125 0.195312 0.328125 0.197266 0.326172 0.197266 0.324219 0.195312 0.322266 0.193359 0.322266 0.183594 0.312500 0.183594 0.310547 0.181641 0.308594 0.179688 0.308594 0.177734 0.306641 0.175781 0.306641 0.173828 0.304688 0.173828 0.302734
0 0.300781 0.298828 0.298828 0.300781 0.281250 0.300781 0.277344 0.304688 0.275391 0.304688 0.273438 0.306641 0.271484 0.306641 0.269531 0.308594 0.267578 0.308594 0.267578 0.310547 0.263672 0.314453 0.261719 0.314453 0.255859 0.320312 0.255859 0.339844 0.257812 0.341797 0.257812 0.347656 0.259766 0.349609 0.302734 0.349609 0.306641 0.345703 0.308594 0.345703 0.308594 0.343750 0.310547 0.341797 0.310547 0.339844 0.312500 0.337891 0.312500 0.310547 0.310547 0.308594 0.310547 0.306641 0.308594 0.304688 0.308594 0.302734 0.304688 0.298828
0 0.681641 0.314453 0.679688 0.316406 0.677734 0.316406 0.675781 0.318359 0.675781 0.324219 0.673828 0.326172 0.673828 0.328125 0.671875 0.330078 0.671875 0.335938 0.673828 0.335938 0.679688 0.341797 0.681641 0.341797 0.683594 0.343750 0.685547 0.343750 0.689453 0.347656 0.710938 0.347656 0.712891 0.345703 0.714844 0.345703 0.716797 0.343750 0.718750 0.343750 0.718750 0.337891 0.720703 0.335938 0.720703 0.332031 0.714844 0.326172 0.712891 0.326172 0.707031 0.320312 0.703125 0.320312 0.699219 0.316406 0.695312 0.316406 0.693359 0.314453
0 0.574219 0.355469 0.576172 0.355469 0.578125 0.357422 0.576172 0.355469
0 0.560547 0.324219 0.560547 0.335938 0.566406 0.341797 0.566406 0.343750 0.568359 0.343750 0.572266 0.347656 0.572266 0.349609 0.574219 0.351562 0.578125 0.351562 0.583984 0.345703 0.583984 0.328125 0.580078 0.324219
0 0.490234 0.302734 0.488281 0.304688 0.488281 0.306641 0.486328 0.308594 0.486328 0.310547 0.482422 0.314453 0.482422 0.316406 0.480469 0.318359 0.480469 0.320312 0.482422 0.320312 0.486328 0.324219 0.486328 0.326172 0.488281 0.328125 0.488281 0.330078 0.492188 0.333984 0.492188 0.337891 0.494141 0.339844 0.494141 0.343750 0.500000 0.349609 0.500000 0.351562 0.505859 0.357422 0.505859 0.359375 0.509766 0.363281 0.509766 0.365234 0.515625 0.371094 0.515625 0.373047 0.517578 0.375000 0.519531 0.375000 0.523438 0.378906 0.525391 0.378906 0.531250 0.384766 0.533203 0.384766 0.535156 0.386719 0.535156 0.388672 0.541016 0.394531 0.544922 0.394531 0.546875 0.396484 0.550781 0.396484 0.552734 0.398438 0.560547 0.398438 0.562500 0.396484 0.564453 0.396484 0.564453 0.394531 0.566406 0.392578 0.566406 0.390625 0.568359 0.388672 0.568359 0.371094 0.566406 0.369141 0.566406 0.365234 0.562500 0.361328 0.562500 0.359375 0.558594 0.355469 0.558594 0.353516 0.556641 0.351562 0.554688 0.351562 0.550781 0.347656 0.550781 0.345703 0.537109 0.332031 0.535156 0.332031 0.531250 0.328125 0.531250 0.326172 0.529297 0.324219 0.527344 0.324219 0.525391 0.322266 0.525391 0.320312 0.523438 0.320312 0.519531 0.316406 0.517578 0.316406 0.513672 0.312500 0.511719 0.312500 0.509766 0.310547 0.507812 0.310547 0.505859 0.308594 0.503906 0.308594 0.501953 0.306641 0.498047 0.306641 0.496094 0.304688 0.492188 0.304688
0 0.134766 0.345703 0.132812 0.347656 0.130859 0.347656 0.130859 0.365234 0.134766 0.369141 0.134766 0.373047 0.138672 0.376953 0.140625 0.376953 0.142578 0.378906 0.142578 0.380859 0.148438 0.380859 0.150391 0.382812 0.154297 0.382812 0.156250 0.384766 0.160156 0.384766 0.164062 0.388672 0.175781 0.388672 0.175781 0.373047 0.177734 0.371094 0.179688 0.373047 0.177734 0.371094 0.175781 0.371094 0.171875 0.367188 0.171875 0.365234 0.167969 0.361328 0.166016 0.361328 0.158203 0.353516 0.158203 0.351562 0.156250 0.351562 0.150391 0.345703
0 0.619141 0.326172 0.619141 0.328125 0.621094 0.330078 0.621094 0.339844 0.623047 0.341797 0.623047 0.349609 0.625000 0.351562 0.625000 0.369141 0.626953 0.371094 0.626953 0.378906 0.628906 0.380859 0.628906 0.384766 0.630859 0.386719 0.630859 0.388672 0.632812 0.390625 0.632812 0.392578 0.634766 0.394531 0.634766 0.396484 0.640625 0.402344 0.642578 0.402344 0.648438 0.408203 0.652344 0.408203 0.654297 0.410156 0.656250 0.410156 0.658203 0.412109 0.662109 0.412109 0.664062 0.414062 0.687500 0.414062 0.689453 0.412109 0.693359 0.412109 0.697266 0.408203 0.699219 0.408203 0.703125 0.404297 0.703125 0.390625 0.697266 0.384766 0.697266 0.382812 0.681641 0.367188 0.679688 0.367188 0.675781 0.363281 0.675781 0.361328 0.673828 0.361328 0.671875 0.359375 0.669922 0.359375 0.667969 0.357422 0.666016 0.357422 0.664062 0.355469 0.664062 0.353516 0.660156 0.353516 0.654297 0.347656 0.652344 0.347656 0.650391 0.345703 0.646484 0.345703 0.644531 0.343750 0.644531 0.341797 0.642578 0.341797 0.640625 0.339844 0.638672 0.339844 0.628906 0.330078 0.626953 0.330078 0.625000 0.328125 0.625000 0.326172
0 0.308594 0.380859 0.306641 0.382812 0.304688 0.382812 0.302734 0.384766 0.298828 0.384766 0.292969 0.390625 0.292969 0.392578 0.291016 0.394531 0.291016 0.406250 0.292969 0.406250 0.294922 0.408203 0.294922 0.410156 0.296875 0.412109 0.296875 0.414062 0.304688 0.421875 0.306641 0.421875 0.310547 0.425781 0.314453 0.425781 0.316406 0.427734 0.316406 0.429688 0.318359 0.431641 0.320312 0.431641 0.322266 0.433594 0.322266 0.435547 0.326172 0.435547 0.328125 0.437500 0.330078 0.437500 0.332031 0.435547 0.333984 0.435547 0.335938 0.433594 0.337891 0.433594 0.339844 0.431641 0.339844 0.429688 0.341797 0.427734 0.341797 0.425781 0.343750 0.423828 0.343750 0.421875 0.345703 0.419922 0.345703 0.404297 0.347656 0.402344 0.347656 0.390625 0.345703 0.390625 0.343750 0.388672 0.343750 0.386719 0.341797 0.384766 0.339844 0.384766 0.337891 0.382812 0.332031 0.382812 0.330078 0.380859
0 0.291016 0.480469 0.289062 0.482422 0.273438 0.482422 0.271484 0.484375 0.269531 0.484375 0.269531 0.486328 0.267578 0.488281 0.267578 0.501953 0.271484 0.505859 0.271484 0.507812 0.277344 0.513672 0.300781 0.513672 0.304688 0.509766 0.308594 0.509766 0.310547 0.507812 0.312500 0.507812 0.314453 0.505859 0.316406 0.505859 0.318359 0.503906 0.320312 0.503906 0.322266 0.501953 0.322266 0.490234 0.320312 0.490234 0.318359 0.488281 0.318359 0.486328 0.316406 0.484375 0.314453 0.484375 0.310547 0.480469
0 0.404297 0.521484 0.404297 0.537109 0.406250 0.539062 0.406250 0.542969 0.410156 0.546875 0.410156 0.548828 0.414062 0.552734 0.414062 0.554688 0.416016 0.552734 0.417969 0.552734 0.429688 0.564453 0.445312 0.564453 0.447266 0.562500 0.453125 0.562500 0.455078 0.560547 0.455078 0.544922 0.453125 0.542969 0.453125 0.541016 0.447266 0.535156 0.445312 0.535156 0.441406 0.531250 0.439453 0.531250 0.435547 0.527344 0.433594 0.527344 0.429688 0.523438 0.427734 0.523438 0.425781 0.521484
0 0.353516 0.582031 0.353516 0.595703 0.355469 0.597656 0.355469 0.599609 0.357422 0.599609 0.359375 0.601562 0.361328 0.601562 0.363281 0.603516 0.363281 0.605469 0.365234 0.607422 0.369141 0.607422 0.371094 0.609375 0.386719 0.609375 0.388672 0.607422 0.388672 0.605469 0.390625 0.603516 0.390625 0.585938 0.388672 0.583984 0.384766 0.583984 0.382812 0.582031 0.380859 0.582031 0.378906 0.583984 0.371094 0.583984 0.369141 0.582031
0 0.003906 0.597656 0.000000 0.601562 0.000000 0.625000 0.003906 0.628906 0.005859 0.628906 0.009766 0.632812 0.025391 0.632812 0.031250 0.638672 0.033203 0.638672 0.037109 0.642578 0.039062 0.642578 0.042969 0.646484 0.042969 0.648438 0.044922 0.650391 0.056641 0.650391 0.058594 0.652344 0.064453 0.652344 0.068359 0.648438 0.068359 0.646484 0.070312 0.644531 0.070312 0.640625 0.072266 0.638672 0.072266 0.632812 0.070312 0.630859 0.068359 0.630859 0.066406 0.628906 0.066406 0.626953 0.064453 0.625000 0.062500 0.625000 0.056641 0.619141 0.056641 0.617188 0.054688 0.617188 0.042969 0.605469 0.039062 0.605469 0.037109 0.603516 0.035156 0.603516 0.033203 0.601562 0.029297 0.601562 0.027344 0.599609 0.017578 0.599609 0.015625 0.597656
0 0.949219 0.605469 0.947266 0.607422 0.945312 0.607422 0.945312 0.609375 0.941406 0.613281 0.939453 0.613281 0.939453 0.615234 0.937500 0.617188 0.935547 0.617188 0.935547 0.619141 0.933594 0.621094 0.933594 0.625000 0.931641 0.626953 0.931641 0.644531 0.933594 0.646484 0.935547 0.646484 0.937500 0.648438 0.937500 0.650391 0.939453 0.650391 0.941406 0.652344 0.945312 0.652344 0.947266 0.654297 0.949219 0.654297 0.951172 0.656250 0.953125 0.656250 0.955078 0.658203 0.953125 0.660156 0.947266 0.660156 0.972656 0.660156 0.974609 0.658203 0.976562 0.658203 0.976562 0.656250 0.982422 0.650391 0.982422 0.646484 0.984375 0.644531 0.984375 0.638672 0.986328 0.636719 0.986328 0.632812 0.988281 0.630859 0.988281 0.628906 0.990234 0.626953 0.990234 0.611328 0.986328 0.607422 0.980469 0.607422 0.978516 0.605469
0 0.101562 0.673828 0.099609 0.675781 0.099609 0.681641 0.101562 0.683594 0.101562 0.685547 0.103516 0.687500 0.103516 0.691406 0.105469 0.691406 0.111328 0.697266 0.113281 0.697266 0.115234 0.699219 0.117188 0.699219 0.121094 0.703125 0.125000 0.703125 0.126953 0.705078 0.128906 0.705078 0.130859 0.707031 0.144531 0.707031 0.152344 0.714844 0.154297 0.714844 0.156250 0.716797 0.156250 0.718750 0.158203 0.718750 0.160156 0.720703 0.164062 0.720703 0.166016 0.722656 0.173828 0.722656 0.173828 0.720703 0.177734 0.716797 0.177734 0.710938 0.175781 0.708984 0.175781 0.707031 0.169922 0.701172 0.169922 0.699219 0.167969 0.699219 0.162109 0.693359 0.160156 0.693359 0.156250 0.689453 0.154297 0.689453 0.148438 0.683594 0.146484 0.683594 0.144531 0.681641 0.142578 0.681641 0.138672 0.677734 0.134766 0.677734 0.130859 0.673828
0 0.488281 0.707031 0.484375 0.710938 0.484375 0.714844 0.480469 0.718750 0.480469 0.722656 0.478516 0.724609 0.478516 0.726562 0.474609 0.730469 0.474609 0.734375 0.472656 0.736328 0.472656 0.742188 0.470703 0.744141 0.470703 0.767578 0.492188 0.767578 0.494141 0.765625 0.500000 0.765625 0.501953 0.763672 0.505859 0.763672 0.507812 0.761719 0.509766 0.761719 0.513672 0.757812 0.515625 0.757812 0.515625 0.755859 0.517578 0.753906 0.517578 0.751953 0.519531 0.750000 0.519531 0.746094 0.521484 0.744141 0.521484 0.742188 0.523438 0.740234 0.523438 0.734375 0.525391 0.732422 0.525391 0.714844 0.523438 0.712891 0.521484 0.712891 0.519531 0.710938 0.519531 0.708984 0.515625 0.708984 0.513672 0.707031
0 0.869141 0.707031 0.861328 0.714844 0.859375 0.714844 0.859375 0.716797 0.857422 0.718750 0.857422 0.720703 0.853516 0.724609 0.853516 0.738281 0.855469 0.740234 0.855469 0.744141 0.857422 0.746094 0.857422 0.748047 0.865234 0.755859 0.865234 0.757812 0.867188 0.757812 0.869141 0.759766 0.871094 0.759766 0.873047 0.761719 0.873047 0.763672 0.875000 0.763672 0.876953 0.765625 0.878906 0.765625 0.882812 0.769531 0.888672 0.769531 0.890625 0.771484 0.916016 0.771484 0.917969 0.769531 0.921875 0.769531 0.925781 0.765625 0.927734 0.765625 0.927734 0.763672 0.929688 0.761719 0.929688 0.757812 0.933594 0.753906 0.933594 0.742188 0.935547 0.740234 0.935547 0.722656 0.931641 0.718750 0.931641 0.716797 0.929688 0.714844 0.927734 0.714844 0.921875 0.708984 0.912109 0.708984 0.910156 0.707031
0 0.148438 0.742188 0.144531 0.746094 0.144531 0.748047 0.138672 0.753906 0.138672 0.757812 0.134766 0.761719 0.134766 0.765625 0.132812 0.767578 0.132812 0.769531 0.130859 0.771484 0.130859 0.777344 0.126953 0.781250 0.126953 0.783203 0.125000 0.785156 0.125000 0.787109 0.123047 0.789062 0.123047 0.800781 0.125000 0.802734 0.126953 0.802734 0.128906 0.804688 0.144531 0.804688 0.146484 0.802734 0.150391 0.802734 0.152344 0.800781 0.160156 0.800781 0.162109 0.798828 0.169922 0.798828 0.173828 0.794922 0.177734 0.794922 0.181641 0.791016 0.183594 0.791016 0.183594 0.771484 0.181641 0.769531 0.181641 0.765625 0.177734 0.761719 0.177734 0.759766 0.173828 0.759766 0.171875 0.757812 0.171875 0.755859 0.167969 0.755859 0.164062 0.751953 0.162109 0.751953 0.160156 0.750000 0.160156 0.748047 0.156250 0.744141 0.156250 0.742188
0 0.000000 0.798828 0.000000 0.812500 0.001953 0.814453 0.001953 0.830078 0.003906 0.832031 0.003906 0.833984 0.011719 0.841797 0.013672 0.841797 0.015625 0.843750 0.021484 0.843750 0.023438 0.845703 0.033203 0.845703 0.035156 0.843750 0.037109 0.843750 0.037109 0.841797 0.039062 0.839844 0.041016 0.839844 0.041016 0.837891 0.042969 0.835938 0.042969 0.824219 0.041016 0.824219 0.039062 0.822266 0.039062 0.820312 0.031250 0.812500 0.029297 0.812500 0.027344 0.810547 0.025391 0.810547 0.021484 0.806641 0.019531 0.806641 0.013672 0.800781 0.011719 0.800781 0.009766 0.798828
0 0.171875 0.816406 0.162109 0.826172 0.160156 0.826172 0.160156 0.828125 0.156250 0.832031 0.154297 0.832031 0.154297 0.833984 0.150391 0.837891 0.150391 0.839844 0.146484 0.843750 0.146484 0.849609 0.156250 0.859375 0.158203 0.859375 0.160156 0.861328 0.162109 0.859375 0.177734 0.859375 0.179688 0.857422 0.181641 0.857422 0.181641 0.855469 0.183594 0.853516 0.187500 0.853516 0.187500 0.830078 0.183594 0.826172 0.183594 0.820312 0.181641 0.818359 0.181641 0.816406
0 0.345703 0.812500 0.343750 0.814453 0.343750 0.816406 0.341797 0.818359 0.341797 0.839844 0.343750 0.841797 0.343750 0.843750 0.345703 0.845703 0.345703 0.847656 0.347656 0.849609 0.349609 0.849609 0.351562 0.851562 0.351562 0.853516 0.353516 0.855469 0.355469 0.855469 0.361328 0.861328 0.365234 0.861328 0.367188 0.863281 0.369141 0.863281 0.371094 0.865234 0.376953 0.865234 0.378906 0.867188 0.402344 0.867188 0.416016 0.853516 0.416016 0.851562 0.417969 0.849609 0.417969 0.847656 0.419922 0.845703 0.419922 0.826172 0.417969 0.824219 0.417969 0.822266 0.414062 0.818359 0.410156 0.818359 0.408203 0.816406 0.404297 0.816406 0.402344 0.814453 0.398438 0.814453 0.396484 0.812500
0 0.277344 0.841797 0.275391 0.843750 0.273438 0.843750 0.263672 0.853516 0.261719 0.853516 0.261719 0.857422 0.259766 0.859375 0.259766 0.861328 0.253906 0.867188 0.253906 0.869141 0.251953 0.871094 0.250000 0.871094 0.244141 0.876953 0.242188 0.876953 0.238281 0.880859 0.236328 0.880859 0.236328 0.882812 0.238281 0.884766 0.246094 0.884766 0.248047 0.886719 0.275391 0.886719 0.279297 0.882812 0.283203 0.882812 0.285156 0.880859 0.285156 0.878906 0.289062 0.875000 0.289062 0.841797
