0 0.738281 0.000000 0.740234 0.001953 0.740234 0.003906 0.750000 0.013672 0.751953 0.013672 0.755859 0.017578 0.759766 0.017578 0.761719 0.015625 0.763672 0.015625 0.767578 0.011719 0.767578 0.009766 0.771484 0.005859 0.771484 0.003906 0.773438 0.001953 0.771484 0.000000
0 0.730469 0.021484 0.730469 0.023438 0.724609 0.029297 0.724609 0.033203 0.722656 0.035156 0.722656 0.039062 0.720703 0.041016 0.720703 0.050781 0.718750 0.052734 0.718750 0.064453 0.720703 0.066406 0.720703 0.068359 0.722656 0.068359 0.724609 0.070312 0.724609 0.072266 0.724609 0.070312 0.726562 0.068359 0.728516 0.068359 0.730469 0.066406 0.734375 0.066406 0.736328 0.064453 0.736328 0.062500 0.738281 0.060547 0.740234 0.060547 0.746094 0.054688 0.748047 0.054688 0.751953 0.050781 0.751953 0.048828 0.755859 0.044922 0.755859 0.041016 0.757812 0.039062 0.759766 0.039062 0.759766 0.035156 0.761719 0.033203 0.761719 0.023438 0.757812 0.023438 0.755859 0.021484
0 0.890625 0.152344 0.890625 0.156250 0.888672 0.158203 0.888672 0.167969 0.892578 0.171875 0.892578 0.173828 0.894531 0.175781 0.894531 0.177734 0.900391 0.183594 0.904297 0.183594 0.908203 0.187500 0.906250 0.189453 0.900391 0.189453 0.916016 0.189453 0.917969 0.187500 0.933594 0.187500 0.935547 0.185547 0.937500 0.185547 0.939453 0.183594 0.941406 0.183594 0.943359 0.181641 0.945312 0.181641 0.949219 0.177734 0.951172 0.177734 0.953125 0.175781 0.955078 0.175781 0.955078 0.173828 0.957031 0.171875 0.958984 0.171875 0.960938 0.169922 0.962891 0.169922 0.974609 0.158203 0.974609 0.156250 0.972656 0.154297 0.972656 0.152344
0 0.689453 0.199219 0.685547 0.203125 0.685547 0.210938 0.683594 0.212891 0.683594 0.214844 0.679688 0.218750 0.679688 0.224609 0.677734 0.226562 0.677734 0.228516 0.675781 0.230469 0.675781 0.232422 0.671875 0.236328 0.671875 0.238281 0.667969 0.242188 0.666016 0.242188 0.675781 0.242188 0.677734 0.240234 0.685547 0.240234 0.687500 0.238281 0.689453 0.238281 0.691406 0.236328 0.693359 0.236328 0.695312 0.234375 0.697266 0.234375 0.701172 0.230469 0.701172 0.228516 0.703125 0.226562 0.703125 0.203125 0.701172 0.201172 0.699219 0.201172 0.697266 0.199219
0 0.105469 0.212891 0.105469 0.216797 0.103516 0.218750 0.103516 0.230469 0.107422 0.234375 0.107422 0.240234 0.115234 0.248047 0.115234 0.250000 0.117188 0.251953 0.119141 0.251953 0.121094 0.253906 0.130859 0.253906 0.132812 0.251953 0.132812 0.250000 0.136719 0.246094 0.136719 0.230469 0.134766 0.228516 0.134766 0.226562 0.132812 0.224609 0.132812 0.222656 0.130859 0.222656 0.126953 0.218750 0.126953 0.216797 0.123047 0.216797 0.121094 0.214844 0.117188 0.214844 0.115234 0.212891
0 0.824219 0.232422 0.824219 0.234375 0.826172 0.234375 0.832031 0.240234 0.833984 0.240234 0.837891 0.244141 0.841797 0.244141 0.843750 0.246094 0.849609 0.246094 0.851562 0.248047 0.855469 0.248047 0.859375 0.251953 0.865234 0.251953 0.867188 0.253906 0.873047 0.253906 0.875000 0.255859 0.876953 0.255859 0.878906 0.257812 0.886719 0.257812 0.888672 0.259766 0.894531 0.259766 0.888672 0.253906 0.888672 0.251953 0.886719 0.250000 0.886719 0.246094 0.875000 0.234375 0.875000 0.232422
0 0.716797 0.230469 0.714844 0.232422 0.712891 0.232422 0.710938 0.234375 0.707031 0.234375 0.701172 0.240234 0.699219 0.240234 0.699219 0.269531 0.701172 0.271484 0.701172 0.275391 0.703125 0.277344 0.708984 0.277344 0.712891 0.273438 0.714844 0.273438 0.722656 0.265625 0.722656 0.263672 0.726562 0.259766 0.728516 0.259766 0.734375 0.253906 0.736328 0.253906 0.740234 0.250000 0.740234 0.248047 0.742188 0.246094 0.744141 0.246094 0.744141 0.236328 0.742188 0.234375 0.742188 0.232422 0.740234 0.232422 0.738281 0.230469
0 0.832031 0.253906 0.830078 0.255859 0.828125 0.255859 0.826172 0.257812 0.826172 0.267578 0.828125 0.269531 0.828125 0.271484 0.830078 0.273438 0.830078 0.279297 0.832031 0.281250 0.832031 0.283203 0.833984 0.285156 0.865234 0.285156 0.865234 0.283203 0.867188 0.281250 0.869141 0.281250 0.880859 0.269531 0.882812 0.269531 0.886719 0.265625 0.888672 0.265625 0.886719 0.263672 0.882812 0.263672 0.880859 0.261719 0.875000 0.261719 0.873047 0.259766 0.865234 0.259766 0.863281 0.257812 0.855469 0.257812 0.853516 0.255859 0.851562 0.255859 0.849609 0.253906
0 0.246094 0.326172 0.246094 0.328125 0.244141 0.330078 0.242188 0.330078 0.242188 0.349609 0.244141 0.351562 0.244141 0.353516 0.246094 0.355469 0.246094 0.361328 0.250000 0.365234 0.250000 0.367188 0.253906 0.371094 0.255859 0.371094 0.259766 0.375000 0.285156 0.375000 0.287109 0.373047 0.289062 0.373047 0.292969 0.369141 0.294922 0.369141 0.296875 0.367188 0.296875 0.365234 0.291016 0.371094 0.289062 0.371094 0.287109 0.369141 0.287109 0.367188 0.285156 0.365234 0.283203 0.365234 0.279297 0.361328 0.279297 0.359375 0.265625 0.345703 0.265625 0.343750 0.263672 0.341797 0.263672 0.339844 0.261719 0.339844 0.255859 0.333984 0.255859 0.332031 0.251953 0.328125 0.251953 0.326172
0 0.908203 0.427734 0.902344 0.433594 0.900391 0.433594 0.896484 0.437500 0.898438 0.437500 0.900391 0.439453 0.902344 0.439453 0.904297 0.441406 0.906250 0.441406 0.910156 0.445312 0.912109 0.445312 0.917969 0.451172 0.919922 0.451172 0.921875 0.453125 0.925781 0.453125 0.927734 0.455078 0.929688 0.455078 0.933594 0.458984 0.937500 0.458984 0.941406 0.462891 0.945312 0.462891 0.947266 0.464844 0.949219 0.464844 0.951172 0.466797 0.953125 0.466797 0.955078 0.468750 0.968750 0.468750 0.970703 0.466797 0.970703 0.443359 0.968750 0.441406 0.968750 0.437500 0.966797 0.437500 0.964844 0.435547 0.962891 0.435547 0.960938 0.433594 0.955078 0.433594 0.953125 0.431641 0.951172 0.431641 0.949219 0.429688 0.943359 0.429688 0.941406 0.427734
0 0.310547 0.431641 0.308594 0.433594 0.306641 0.433594 0.304688 0.435547 0.304688 0.447266 0.306641 0.449219 0.306641 0.451172 0.308594 0.453125 0.308594 0.455078 0.310547 0.457031 0.310547 0.458984 0.314453 0.462891 0.314453 0.464844 0.316406 0.466797 0.328125 0.466797 0.330078 0.464844 0.332031 0.464844 0.335938 0.460938 0.335938 0.458984 0.337891 0.457031 0.337891 0.433594 0.335938 0.431641
0 0.798828 0.492188 0.798828 0.501953 0.800781 0.503906 0.800781 0.511719 0.802734 0.513672 0.802734 0.515625 0.804688 0.517578 0.804688 0.519531 0.806641 0.521484 0.806641 0.523438 0.810547 0.527344 0.810547 0.529297 0.812500 0.531250 0.812500 0.533203 0.814453 0.535156 0.816406 0.535156 0.818359 0.537109 0.832031 0.537109 0.833984 0.535156 0.835938 0.535156 0.837891 0.533203 0.841797 0.533203 0.843750 0.531250 0.845703 0.531250 0.847656 0.529297 0.847656 0.527344 0.845703 0.529297 0.841797 0.525391 0.839844 0.525391 0.835938 0.521484 0.835938 0.519531 0.833984 0.517578 0.833984 0.515625 0.832031 0.515625 0.830078 0.513672 0.830078 0.511719 0.828125 0.509766 0.826172 0.509766 0.824219 0.507812 0.824219 0.505859 0.818359 0.500000 0.818359 0.498047 0.814453 0.494141 0.812500 0.494141 0.810547 0.492188
0 0.960938 0.554688 0.958984 0.556641 0.957031 0.556641 0.960938 0.556641
0 0.945312 0.492188 0.943359 0.494141 0.943359 0.505859 0.949219 0.511719 0.949219 0.513672 0.951172 0.513672 0.957031 0.519531 0.957031 0.521484 0.958984 0.521484 0.964844 0.527344 0.964844 0.529297 0.968750 0.533203 0.968750 0.541016 0.970703 0.542969 0.970703 0.546875 0.972656 0.546875 0.976562 0.542969 0.978516 0.542969 0.978516 0.539062 0.980469 0.537109 0.980469 0.521484 0.976562 0.517578 0.976562 0.515625 0.974609 0.513672 0.974609 0.511719 0.972656 0.509766 0.972656 0.507812 0.970703 0.505859 0.970703 0.503906 0.968750 0.501953 0.968750 0.500000 0.966797 0.498047 0.964844 0.498047 0.962891 0.496094 0.962891 0.494141 0.957031 0.494141 0.955078 0.492188
0 0.501953 0.527344 0.500000 0.529297 0.498047 0.529297 0.496094 0.531250 0.494141 0.531250 0.492188 0.533203 0.490234 0.533203 0.484375 0.539062 0.484375 0.542969 0.480469 0.546875 0.480469 0.550781 0.478516 0.552734 0.478516 0.562500 0.480469 0.564453 0.480469 0.572266 0.482422 0.574219 0.482422 0.578125 0.484375 0.580078 0.484375 0.582031 0.486328 0.582031 0.488281 0.583984 0.490234 0.583984 0.492188 0.585938 0.492188 0.587891 0.492188 0.583984 0.494141 0.582031 0.494141 0.580078 0.496094 0.578125 0.496094 0.576172 0.498047 0.574219 0.500000 0.574219 0.500000 0.572266 0.501953 0.570312 0.503906 0.570312 0.505859 0.568359 0.507812 0.568359 0.507812 0.564453 0.509766 0.562500 0.511719 0.562500 0.513672 0.560547 0.513672 0.535156 0.511719 0.533203 0.511719 0.529297 0.509766 0.529297 0.507812 0.527344
0 0.771484 0.542969 0.771484 0.548828 0.773438 0.550781 0.775391 0.550781 0.779297 0.554688 0.781250 0.554688 0.783203 0.556641 0.787109 0.556641 0.791016 0.560547 0.794922 0.560547 0.798828 0.564453 0.800781 0.564453 0.804688 0.568359 0.804688 0.570312 0.806641 0.570312 0.808594 0.572266 0.810547 0.572266 0.812500 0.574219 0.822266 0.574219 0.826172 0.570312 0.826172 0.556641 0.828125 0.554688 0.826172 0.552734 0.824219 0.554688 0.820312 0.550781 0.818359 0.550781 0.814453 0.546875 0.812500 0.546875 0.810547 0.544922 0.808594 0.544922 0.806641 0.542969
0 0.824219 0.554688 0.826172 0.552734 0.828125 0.554688 0.826172 0.556641
0 0.003906 0.556641 0.003906 0.597656 0.005859 0.595703 0.011719 0.595703 0.011719 0.593750 0.013672 0.591797 0.017578 0.591797 0.019531 0.589844 0.019531 0.574219 0.017578 0.572266 0.017578 0.570312 0.015625 0.568359 0.015625 0.566406 0.013672 0.564453 0.013672 0.562500 0.011719 0.560547 0.009766 0.560547 0.007812 0.558594 0.005859 0.558594
0 0.419922 0.582031 0.417969 0.583984 0.414062 0.583984 0.410156 0.587891 0.410156 0.591797 0.408203 0.593750 0.408203 0.597656 0.410156 0.599609 0.410156 0.603516 0.412109 0.605469 0.412109 0.609375 0.416016 0.609375 0.417969 0.611328 0.419922 0.611328 0.421875 0.613281 0.421875 0.615234 0.425781 0.619141 0.431641 0.619141 0.433594 0.617188 0.435547 0.617188 0.437500 0.615234 0.437500 0.605469 0.433594 0.601562 0.433594 0.597656 0.431641 0.595703 0.431641 0.591797 0.429688 0.589844 0.429688 0.587891 0.427734 0.585938 0.427734 0.582031
0 0.609375 0.613281 0.605469 0.617188 0.605469 0.642578 0.605469 0.640625 0.609375 0.636719 0.611328 0.638672 0.611328 0.656250 0.613281 0.658203 0.613281 0.660156 0.615234 0.662109 0.628906 0.662109 0.630859 0.660156 0.632812 0.660156 0.634766 0.658203 0.636719 0.658203 0.640625 0.654297 0.642578 0.654297 0.646484 0.650391 0.646484 0.642578 0.642578 0.642578 0.638672 0.638672 0.636719 0.638672 0.634766 0.636719 0.632812 0.636719 0.625000 0.628906 0.625000 0.625000 0.623047 0.623047 0.623047 0.619141 0.617188 0.613281
0 0.474609 0.714844 0.470703 0.718750 0.468750 0.718750 0.468750 0.720703 0.464844 0.724609 0.464844 0.726562 0.462891 0.728516 0.462891 0.736328 0.464844 0.736328 0.470703 0.742188 0.472656 0.742188 0.476562 0.746094 0.480469 0.746094 0.482422 0.748047 0.486328 0.748047 0.490234 0.751953 0.494141 0.751953 0.496094 0.753906 0.507812 0.753906 0.509766 0.755859 0.531250 0.755859 0.531250 0.751953 0.533203 0.750000 0.533203 0.740234 0.531250 0.740234 0.527344 0.736328 0.525391 0.736328 0.521484 0.732422 0.517578 0.732422 0.515625 0.730469 0.513672 0.730469 0.505859 0.722656 0.503906 0.722656 0.501953 0.720703 0.501953 0.718750 0.498047 0.718750 0.496094 0.720703 0.492188 0.716797 0.492188 0.714844
0 0.191406 0.732422 0.189453 0.734375 0.187500 0.734375 0.187500 0.736328 0.185547 0.738281 0.185547 0.744141 0.187500 0.746094 0.183594 0.750000 0.183594 0.751953 0.236328 0.751953 0.238281 0.750000 0.240234 0.750000 0.240234 0.744141 0.236328 0.744141 0.230469 0.738281 0.224609 0.738281 0.222656 0.736328 0.218750 0.736328 0.216797 0.734375 0.208984 0.734375 0.207031 0.732422
0 0.757812 0.800781 0.755859 0.802734 0.736328 0.802734 0.736328 0.804688 0.734375 0.806641 0.732422 0.806641 0.730469 0.808594 0.730469 0.810547 0.728516 0.812500 0.728516 0.814453 0.726562 0.816406 0.724609 0.816406 0.724609 0.822266 0.722656 0.824219 0.722656 0.830078 0.724609 0.830078 0.726562 0.828125 0.728516 0.828125 0.730469 0.826172 0.734375 0.826172 0.736328 0.828125 0.736328 0.835938 0.738281 0.837891 0.738281 0.845703 0.740234 0.847656 0.740234 0.849609 0.742188 0.851562 0.761719 0.851562 0.763672 0.849609 0.769531 0.849609 0.769531 0.847656 0.771484 0.845703 0.771484 0.843750 0.775391 0.839844 0.775391 0.837891 0.777344 0.835938 0.777344 0.812500 0.775391 0.810547 0.775391 0.806641 0.773438 0.804688 0.771484 0.804688 0.767578 0.800781
0 0.974609 0.941406 0.972656 0.943359 0.970703 0.943359 0.968750 0.945312 0.966797 0.945312 0.964844 0.947266 0.962891 0.947266 0.957031 0.953125 0.955078 0.953125 0.955078 0.955078 0.953125 0.957031 0.953125 0.968750 0.955078 0.970703 0.955078 0.974609 0.957031 0.976562 0.958984 0.976562 0.962891 0.980469 0.972656 0.980469 0.974609 0.982422 0.992188 0.982422 0.990234 0.980469 0.990234 0.978516 0.988281 0.976562 0.988281 0.972656 0.986328 0.970703 0.986328 0.968750 0.984375 0.966797 0.984375 0.964844 0.982422 0.962891 0.982422 0.958984 0.980469 0.957031 0.980469 0.955078 0.978516 0.953125 0.978516 0.945312 0.976562 0.943359 0.976562 0.941406
