0 0.298828 0.003906 0.300781 0.003906 0.302734 0.005859 0.304688 0.005859 0.306641 0.007812 0.308594 0.007812 0.310547 0.009766 0.312500 0.009766 0.314453 0.011719 0.328125 0.011719 0.328125 0.007812 0.330078 0.005859 0.330078 0.003906
0 0.576172 0.000000 0.587891 0.011719 0.589844 0.011719 0.591797 0.013672 0.593750 0.013672 0.595703 0.015625 0.595703 0.017578 0.599609 0.017578 0.603516 0.021484 0.617188 0.021484 0.625000 0.013672 0.625000 0.009766 0.626953 0.007812 0.626953 0.005859 0.628906 0.003906 0.628906 0.001953 0.626953 0.001953 0.625000 0.000000
0 0.001953 0.023438 0.001953 0.039062 0.000000 0.041016 0.000000 0.056641 0.013672 0.056641 0.015625 0.054688 0.019531 0.054688 0.019531 0.050781 0.017578 0.048828 0.017578 0.046875 0.015625 0.046875 0.013672 0.044922 0.013672 0.042969 0.011719 0.041016 0.011719 0.039062 0.005859 0.033203 0.005859 0.031250 0.001953 0.027344
0 0.820312 0.037109 0.818359 0.039062 0.816406 0.039062 0.816406 0.041016 0.812500 0.044922 0.812500 0.046875 0.810547 0.048828 0.810547 0.052734 0.808594 0.054688 0.808594 0.064453 0.812500 0.068359 0.816406 0.064453 0.818359 0.064453 0.820312 0.062500 0.824219 0.062500 0.826172 0.060547 0.830078 0.060547 0.832031 0.058594 0.835938 0.058594 0.837891 0.056641 0.841797 0.056641 0.841797 0.054688 0.847656 0.048828 0.847656 0.042969 0.845703 0.041016 0.845703 0.039062 0.841797 0.039062 0.839844 0.037109
0 0.503906 0.050781 0.501953 0.052734 0.501953 0.054688 0.500000 0.056641 0.500000 0.060547 0.501953 0.062500 0.501953 0.064453 0.503906 0.066406 0.503906 0.076172 0.519531 0.076172 0.521484 0.074219 0.527344 0.074219 0.529297 0.072266 0.531250 0.072266 0.531250 0.070312 0.533203 0.068359 0.535156 0.068359 0.535156 0.066406 0.539062 0.062500 0.539062 0.054688 0.533203 0.054688 0.531250 0.052734 0.515625 0.052734 0.513672 0.050781
0 0.683594 0.099609 0.681641 0.101562 0.679688 0.101562 0.677734 0.103516 0.673828 0.103516 0.671875 0.105469 0.669922 0.105469 0.667969 0.107422 0.666016 0.107422 0.664062 0.109375 0.662109 0.109375 0.660156 0.111328 0.660156 0.113281 0.654297 0.119141 0.654297 0.123047 0.652344 0.125000 0.652344 0.130859 0.654297 0.130859 0.656250 0.132812 0.671875 0.132812 0.673828 0.130859 0.677734 0.130859 0.679688 0.128906 0.681641 0.128906 0.683594 0.126953 0.685547 0.126953 0.687500 0.125000 0.687500 0.123047 0.689453 0.121094 0.689453 0.101562 0.687500 0.099609
0 0.277344 0.146484 0.275391 0.148438 0.271484 0.148438 0.267578 0.152344 0.265625 0.152344 0.263672 0.154297 0.261719 0.154297 0.253906 0.162109 0.261719 0.162109 0.263672 0.164062 0.269531 0.164062 0.271484 0.166016 0.298828 0.166016 0.300781 0.164062 0.304688 0.164062 0.306641 0.162109 0.308594 0.162109 0.308594 0.160156 0.310547 0.158203 0.312500 0.158203 0.314453 0.156250 0.314453 0.152344 0.310547 0.152344 0.308594 0.150391 0.304688 0.150391 0.302734 0.148438 0.292969 0.148438 0.291016 0.146484
0 0.857422 0.226562 0.863281 0.226562 0.865234 0.228516 0.867188 0.228516 0.869141 0.230469 0.873047 0.230469 0.875000 0.232422 0.876953 0.232422 0.878906 0.234375 0.878906 0.236328 0.882812 0.236328 0.884766 0.238281 0.886719 0.238281 0.888672 0.240234 0.890625 0.240234 0.892578 0.242188 0.923828 0.242188 0.925781 0.240234 0.933594 0.240234 0.935547 0.238281 0.935547 0.236328 0.937500 0.234375 0.937500 0.228516 0.935547 0.226562
0 0.773438 0.253906 0.769531 0.257812 0.769531 0.259766 0.767578 0.261719 0.767578 0.263672 0.765625 0.265625 0.765625 0.267578 0.769531 0.267578 0.771484 0.269531 0.783203 0.269531 0.785156 0.271484 0.818359 0.271484 0.820312 0.269531 0.822266 0.269531 0.824219 0.267578 0.824219 0.265625 0.826172 0.263672 0.826172 0.259766 0.824219 0.259766 0.822266 0.257812 0.820312 0.257812 0.818359 0.255859 0.806641 0.255859 0.804688 0.253906
0 0.173828 0.271484 0.171875 0.273438 0.169922 0.273438 0.166016 0.277344 0.164062 0.277344 0.162109 0.279297 0.162109 0.281250 0.158203 0.285156 0.158203 0.287109 0.156250 0.289062 0.156250 0.291016 0.191406 0.291016 0.193359 0.289062 0.195312 0.289062 0.197266 0.287109 0.203125 0.287109 0.205078 0.285156 0.207031 0.285156 0.210938 0.281250 0.212891 0.281250 0.214844 0.279297 0.216797 0.279297 0.218750 0.277344 0.218750 0.273438 0.212891 0.273438 0.210938 0.271484
0 0.681641 0.306641 0.679688 0.308594 0.677734 0.308594 0.675781 0.310547 0.673828 0.310547 0.673828 0.312500 0.671875 0.314453 0.671875 0.322266 0.677734 0.328125 0.675781 0.330078 0.708984 0.330078 0.708984 0.318359 0.710938 0.316406 0.710938 0.310547 0.707031 0.310547 0.705078 0.308594 0.703125 0.308594 0.701172 0.306641
0 0.195312 0.324219 0.193359 0.326172 0.191406 0.326172 0.191406 0.330078 0.189453 0.332031 0.189453 0.337891 0.187500 0.339844 0.187500 0.341797 0.185547 0.343750 0.185547 0.351562 0.183594 0.353516 0.183594 0.361328 0.187500 0.357422 0.189453 0.357422 0.189453 0.355469 0.191406 0.353516 0.193359 0.353516 0.195312 0.351562 0.197266 0.351562 0.203125 0.345703 0.207031 0.345703 0.208984 0.343750 0.212891 0.343750 0.214844 0.341797 0.232422 0.341797 0.232422 0.333984 0.230469 0.332031 0.228516 0.332031 0.224609 0.328125 0.222656 0.328125 0.220703 0.326172 0.218750 0.326172 0.216797 0.324219
0 0.457031 0.347656 0.455078 0.349609 0.453125 0.349609 0.449219 0.353516 0.449219 0.357422 0.447266 0.359375 0.447266 0.363281 0.449219 0.361328 0.451172 0.361328 0.453125 0.359375 0.455078 0.359375 0.457031 0.357422 0.470703 0.357422 0.472656 0.359375 0.476562 0.359375 0.478516 0.361328 0.484375 0.361328 0.486328 0.363281 0.490234 0.363281 0.490234 0.353516 0.488281 0.353516 0.482422 0.347656
0 0.000000 0.392578 0.000000 0.400391 0.001953 0.402344 0.001953 0.414062 0.003906 0.416016 0.011719 0.416016 0.013672 0.417969 0.017578 0.417969 0.019531 0.419922 0.019531 0.421875 0.021484 0.423828 0.029297 0.423828 0.029297 0.416016 0.015625 0.402344 0.015625 0.400391 0.009766 0.394531 0.005859 0.394531 0.003906 0.392578
0 0.304688 0.402344 0.302734 0.404297 0.300781 0.404297 0.294922 0.410156 0.294922 0.416016 0.300781 0.421875 0.300781 0.423828 0.302734 0.425781 0.302734 0.433594 0.308594 0.427734 0.310547 0.427734 0.310547 0.425781 0.312500 0.423828 0.314453 0.423828 0.316406 0.421875 0.320312 0.421875 0.322266 0.419922 0.324219 0.419922 0.326172 0.417969 0.330078 0.417969 0.332031 0.416016 0.335938 0.416016 0.335938 0.406250 0.333984 0.406250 0.332031 0.404297 0.324219 0.404297 0.322266 0.402344
0 0.652344 0.488281 0.646484 0.494141 0.644531 0.494141 0.644531 0.501953 0.642578 0.503906 0.644531 0.505859 0.646484 0.505859 0.648438 0.507812 0.666016 0.507812 0.667969 0.509766 0.681641 0.509766 0.685547 0.505859 0.685547 0.490234 0.679688 0.490234 0.677734 0.488281
0 0.318359 0.513672 0.316406 0.515625 0.314453 0.515625 0.308594 0.521484 0.306641 0.521484 0.306641 0.525391 0.304688 0.527344 0.302734 0.527344 0.300781 0.529297 0.298828 0.529297 0.292969 0.535156 0.291016 0.535156 0.291016 0.541016 0.296875 0.541016 0.298828 0.542969 0.300781 0.542969 0.302734 0.544922 0.312500 0.544922 0.316406 0.541016 0.320312 0.541016 0.324219 0.537109 0.328125 0.537109 0.330078 0.535156 0.333984 0.535156 0.335938 0.533203 0.341797 0.533203 0.343750 0.531250 0.349609 0.531250 0.351562 0.529297 0.355469 0.529297 0.355469 0.519531 0.353516 0.519531 0.351562 0.517578 0.349609 0.517578 0.347656 0.515625 0.343750 0.515625 0.341797 0.513672
0 0.027344 0.511719 0.027344 0.525391 0.029297 0.527344 0.029297 0.531250 0.031250 0.531250 0.033203 0.533203 0.033203 0.535156 0.035156 0.537109 0.035156 0.541016 0.037109 0.539062 0.039062 0.541016 0.039062 0.542969 0.042969 0.546875 0.046875 0.546875 0.050781 0.550781 0.052734 0.550781 0.054688 0.552734 0.060547 0.552734 0.060547 0.548828 0.062500 0.546875 0.062500 0.527344 0.060547 0.527344 0.058594 0.525391 0.058594 0.523438 0.052734 0.517578 0.050781 0.517578 0.048828 0.515625 0.044922 0.515625 0.042969 0.513672 0.041016 0.513672 0.039062 0.511719
0 0.482422 0.560547 0.482422 0.562500 0.476562 0.568359 0.476562 0.570312 0.472656 0.574219 0.470703 0.574219 0.466797 0.578125 0.462891 0.578125 0.460938 0.580078 0.437500 0.580078 0.435547 0.582031 0.433594 0.582031 0.433594 0.583984 0.431641 0.585938 0.431641 0.599609 0.433594 0.601562 0.433594 0.603516 0.435547 0.605469 0.437500 0.605469 0.439453 0.607422 0.441406 0.607422 0.443359 0.609375 0.449219 0.609375 0.451172 0.611328 0.460938 0.611328 0.457031 0.611328 0.455078 0.609375 0.458984 0.605469 0.464844 0.605469 0.466797 0.603516 0.468750 0.603516 0.470703 0.601562 0.476562 0.601562 0.478516 0.599609 0.480469 0.599609 0.484375 0.595703 0.486328 0.595703 0.488281 0.593750 0.490234 0.593750 0.492188 0.591797 0.494141 0.591797 0.496094 0.589844 0.496094 0.587891 0.500000 0.583984 0.500000 0.580078 0.501953 0.578125 0.501953 0.576172 0.503906 0.574219 0.503906 0.562500 0.501953 0.560547
0 0.625000 0.628906 0.625000 0.630859 0.623047 0.632812 0.623047 0.634766 0.619141 0.638672 0.619141 0.642578 0.615234 0.646484 0.615234 0.648438 0.613281 0.650391 0.613281 0.652344 0.626953 0.652344 0.630859 0.656250 0.634766 0.656250 0.636719 0.658203 0.640625 0.658203 0.644531 0.662109 0.652344 0.662109 0.654297 0.660156 0.656250 0.660156 0.658203 0.658203 0.658203 0.656250 0.660156 0.654297 0.660156 0.646484 0.656250 0.642578 0.656250 0.638672 0.652344 0.634766 0.652344 0.632812 0.650391 0.630859 0.646484 0.630859 0.644531 0.628906
0 0.837891 0.662109 0.837891 0.671875 0.839844 0.671875 0.841797 0.673828 0.843750 0.673828 0.847656 0.677734 0.849609 0.677734 0.851562 0.679688 0.867188 0.679688 0.869141 0.681641 0.867188 0.683594 0.859375 0.683594 0.861328 0.683594 0.863281 0.685547 0.867188 0.685547 0.869141 0.687500 0.876953 0.687500 0.876953 0.677734 0.875000 0.675781 0.875000 0.673828 0.871094 0.669922 0.871094 0.667969 0.869141 0.666016 0.869141 0.664062 0.867188 0.664062 0.865234 0.662109
0 0.867188 0.683594 0.869141 0.681641 0.871094 0.683594 0.869141 0.685547
0 0.134766 0.712891 0.134766 0.732422 0.136719 0.732422 0.138672 0.734375 0.144531 0.734375 0.146484 0.736328 0.158203 0.736328 0.160156 0.738281 0.162109 0.738281 0.164062 0.740234 0.171875 0.740234 0.173828 0.742188 0.177734 0.742188 0.179688 0.744141 0.181641 0.744141 0.183594 0.746094 0.189453 0.746094 0.195312 0.740234 0.195312 0.736328 0.203125 0.728516 0.203125 0.726562 0.201172 0.726562 0.199219 0.724609 0.197266 0.724609 0.195312 0.722656 0.193359 0.722656 0.191406 0.720703 0.189453 0.720703 0.185547 0.716797 0.181641 0.716797 0.179688 0.714844 0.179688 0.712891
0 0.990234 0.777344 0.988281 0.779297 0.984375 0.779297 0.984375 0.781250 0.980469 0.785156 0.980469 0.787109 0.978516 0.789062 0.976562 0.789062 0.972656 0.792969 0.966797 0.792969 0.962891 0.796875 0.962891 0.798828 0.958984 0.802734 0.958984 0.804688 0.982422 0.804688 0.984375 0.802734 0.986328 0.802734 0.988281 0.800781 0.988281 0.798828 0.994141 0.792969 0.994141 0.791016 0.998047 0.787109 0.998047 0.783203 0.996094 0.781250 0.996094 0.777344
0 0.464844 0.824219 0.460938 0.828125 0.460938 0.849609 0.457031 0.853516 0.457031 0.855469 0.455078 0.857422 0.453125 0.857422 0.453125 0.859375 0.447266 0.865234 0.447266 0.867188 0.445312 0.869141 0.445312 0.880859 0.447266 0.882812 0.447266 0.886719 0.445312 0.888672 0.447266 0.886719 0.451172 0.886719 0.453125 0.884766 0.462891 0.884766 0.470703 0.876953 0.472656 0.876953 0.472656 0.875000 0.476562 0.871094 0.476562 0.869141 0.478516 0.867188 0.478516 0.863281 0.482422 0.859375 0.482422 0.845703 0.480469 0.843750 0.480469 0.841797 0.478516 0.839844 0.478516 0.833984 0.476562 0.832031 0.476562 0.830078 0.472656 0.826172 0.472656 0.824219
0 0.611328 0.857422 0.609375 0.859375 0.609375 0.873047 0.611328 0.875000 0.615234 0.875000 0.617188 0.876953 0.621094 0.876953 0.623047 0.878906 0.621094 0.880859 0.619141 0.880859 0.626953 0.880859 0.628906 0.882812 0.634766 0.882812 0.636719 0.884766 0.662109 0.884766 0.664062 0.882812 0.667969 0.882812 0.669922 0.880859 0.669922 0.878906 0.671875 0.876953 0.671875 0.863281 0.669922 0.861328 0.669922 0.859375 0.667969 0.857422
