0 0.447266 0.000000 0.445312 0.001953 0.445312 0.003906 0.447266 0.003906 0.449219 0.005859 0.449219 0.007812 0.451172 0.009766 0.451172 0.013672 0.453125 0.015625 0.453125 0.017578 0.455078 0.019531 0.455078 0.021484 0.460938 0.027344 0.460938 0.029297 0.468750 0.037109 0.470703 0.037109 0.470703 0.000000
0 0.035156 0.111328 0.033203 0.113281 0.033203 0.125000 0.031250 0.126953 0.031250 0.128906 0.029297 0.130859 0.029297 0.156250 0.031250 0.158203 0.031250 0.160156 0.033203 0.162109 0.033203 0.164062 0.039062 0.164062 0.039062 0.162109 0.042969 0.158203 0.042969 0.130859 0.044922 0.128906 0.044922 0.111328
0 0.238281 0.140625 0.234375 0.144531 0.230469 0.144531 0.228516 0.146484 0.226562 0.146484 0.224609 0.148438 0.224609 0.162109 0.228516 0.166016 0.228516 0.167969 0.234375 0.173828 0.236328 0.173828 0.238281 0.175781 0.240234 0.175781 0.240234 0.166016 0.242188 0.164062 0.242188 0.140625
0 0.425781 0.173828 0.425781 0.177734 0.423828 0.179688 0.423828 0.195312 0.425781 0.197266 0.443359 0.197266 0.443359 0.193359 0.445312 0.191406 0.445312 0.185547 0.443359 0.183594 0.443359 0.181641 0.441406 0.179688 0.441406 0.177734 0.439453 0.175781 0.439453 0.173828
0 0.107422 0.228516 0.103516 0.232422 0.101562 0.232422 0.101562 0.236328 0.099609 0.238281 0.099609 0.257812 0.103516 0.261719 0.105469 0.261719 0.111328 0.267578 0.115234 0.267578 0.115234 0.261719 0.117188 0.259766 0.117188 0.238281 0.113281 0.234375 0.113281 0.230469 0.111328 0.230469 0.109375 0.228516
0 0.964844 0.275391 0.964844 0.277344 0.962891 0.279297 0.960938 0.279297 0.960938 0.283203 0.958984 0.285156 0.958984 0.296875 0.955078 0.300781 0.955078 0.304688 0.953125 0.306641 0.953125 0.314453 0.958984 0.320312 0.960938 0.320312 0.964844 0.316406 0.964844 0.312500 0.966797 0.310547 0.968750 0.310547 0.968750 0.308594 0.970703 0.306641 0.970703 0.304688 0.974609 0.300781 0.974609 0.296875 0.976562 0.294922 0.976562 0.292969 0.978516 0.291016 0.978516 0.287109 0.980469 0.285156 0.980469 0.275391
0 0.673828 0.365234 0.669922 0.369141 0.669922 0.371094 0.667969 0.373047 0.667969 0.376953 0.666016 0.378906 0.666016 0.384766 0.667969 0.386719 0.667969 0.388672 0.669922 0.390625 0.671875 0.390625 0.673828 0.392578 0.675781 0.392578 0.681641 0.398438 0.685547 0.398438 0.691406 0.404297 0.699219 0.404297 0.697266 0.402344 0.697266 0.400391 0.693359 0.396484 0.693359 0.394531 0.691406 0.392578 0.691406 0.388672 0.689453 0.386719 0.689453 0.382812 0.687500 0.382812 0.685547 0.380859 0.685547 0.378906 0.683594 0.376953 0.683594 0.373047 0.681641 0.371094 0.681641 0.369141 0.679688 0.367188 0.679688 0.365234
0 0.771484 0.386719 0.779297 0.394531 0.779297 0.396484 0.783203 0.400391 0.783203 0.402344 0.791016 0.410156 0.791016 0.412109 0.792969 0.414062 0.792969 0.416016 0.796875 0.419922 0.796875 0.421875 0.798828 0.423828 0.798828 0.429688 0.800781 0.431641 0.800781 0.437500 0.802734 0.439453 0.802734 0.445312 0.804688 0.447266 0.804688 0.449219 0.806641 0.451172 0.806641 0.455078 0.808594 0.457031 0.808594 0.462891 0.810547 0.464844 0.810547 0.408203 0.808594 0.406250 0.808594 0.404297 0.796875 0.392578 0.792969 0.392578 0.791016 0.390625 0.787109 0.390625 0.785156 0.388672 0.783203 0.388672 0.781250 0.386719
0 0.742188 0.398438 0.742188 0.417969 0.740234 0.419922 0.740234 0.421875 0.738281 0.423828 0.738281 0.431641 0.736328 0.433594 0.736328 0.439453 0.734375 0.441406 0.734375 0.466797 0.732422 0.468750 0.732422 0.470703 0.730469 0.472656 0.730469 0.474609 0.722656 0.482422 0.726562 0.478516 0.728516 0.478516 0.730469 0.476562 0.732422 0.476562 0.736328 0.472656 0.738281 0.472656 0.738281 0.470703 0.742188 0.466797 0.744141 0.466797 0.744141 0.464844 0.750000 0.458984 0.750000 0.455078 0.751953 0.453125 0.751953 0.447266 0.753906 0.445312 0.753906 0.429688 0.755859 0.427734 0.755859 0.408203 0.753906 0.406250 0.753906 0.402344 0.751953 0.400391 0.751953 0.398438
0 0.869141 0.447266 0.865234 0.451172 0.867188 0.453125 0.867188 0.455078 0.869141 0.457031 0.869141 0.458984 0.871094 0.460938 0.871094 0.464844 0.875000 0.468750 0.875000 0.470703 0.876953 0.472656 0.876953 0.501953 0.878906 0.503906 0.878906 0.511719 0.880859 0.513672 0.880859 0.515625 0.882812 0.517578 0.882812 0.523438 0.884766 0.525391 0.884766 0.531250 0.888672 0.535156 0.890625 0.535156 0.892578 0.537109 0.894531 0.537109 0.896484 0.535156 0.896484 0.531250 0.900391 0.527344 0.900391 0.523438 0.904297 0.519531 0.904297 0.517578 0.908203 0.513672 0.908203 0.507812 0.910156 0.505859 0.910156 0.496094 0.912109 0.494141 0.912109 0.470703 0.906250 0.464844 0.906250 0.462891 0.904297 0.460938 0.902344 0.460938 0.898438 0.457031 0.896484 0.457031 0.894531 0.455078 0.892578 0.455078 0.888672 0.451172 0.888672 0.449219 0.884766 0.449219 0.882812 0.447266
0 0.703125 0.511719 0.701172 0.513672 0.701172 0.519531 0.699219 0.521484 0.699219 0.527344 0.697266 0.529297 0.697266 0.531250 0.695312 0.533203 0.693359 0.533203 0.693359 0.535156 0.681641 0.546875 0.681641 0.548828 0.677734 0.552734 0.677734 0.554688 0.673828 0.558594 0.673828 0.564453 0.671875 0.566406 0.671875 0.570312 0.667969 0.574219 0.667969 0.605469 0.669922 0.607422 0.669922 0.623047 0.671875 0.625000 0.671875 0.626953 0.673828 0.628906 0.673828 0.630859 0.677734 0.634766 0.679688 0.634766 0.681641 0.632812 0.681641 0.619141 0.683594 0.617188 0.683594 0.609375 0.685547 0.607422 0.685547 0.605469 0.687500 0.603516 0.687500 0.595703 0.689453 0.593750 0.689453 0.591797 0.691406 0.589844 0.691406 0.583984 0.693359 0.582031 0.695312 0.582031 0.695312 0.580078 0.697266 0.578125 0.697266 0.576172 0.703125 0.570312 0.703125 0.568359 0.708984 0.562500 0.708984 0.560547 0.714844 0.554688 0.714844 0.552734 0.716797 0.550781 0.716797 0.548828 0.718750 0.546875 0.718750 0.544922 0.722656 0.541016 0.722656 0.535156 0.724609 0.533203 0.724609 0.521484 0.722656 0.519531 0.722656 0.517578 0.720703 0.515625 0.720703 0.513672 0.718750 0.511719
0 0.167969 0.546875 0.166016 0.548828 0.162109 0.548828 0.160156 0.550781 0.160156 0.552734 0.158203 0.554688 0.156250 0.554688 0.156250 0.556641 0.154297 0.558594 0.154297 0.560547 0.152344 0.562500 0.152344 0.566406 0.148438 0.570312 0.148438 0.576172 0.146484 0.578125 0.146484 0.583984 0.144531 0.585938 0.144531 0.587891 0.142578 0.589844 0.142578 0.611328 0.144531 0.613281 0.144531 0.615234 0.146484 0.615234 0.148438 0.617188 0.152344 0.617188 0.154297 0.619141 0.167969 0.619141 0.169922 0.617188 0.171875 0.617188 0.177734 0.611328 0.177734 0.568359 0.175781 0.566406 0.175781 0.560547 0.173828 0.558594 0.173828 0.550781 0.171875 0.548828 0.171875 0.546875
0 0.367188 0.611328 0.367188 0.621094 0.369141 0.623047 0.369141 0.626953 0.373047 0.630859 0.373047 0.636719 0.375000 0.638672 0.375000 0.640625 0.376953 0.642578 0.376953 0.644531 0.380859 0.648438 0.380859 0.654297 0.382812 0.656250 0.382812 0.662109 0.386719 0.666016 0.386719 0.669922 0.388672 0.671875 0.388672 0.673828 0.392578 0.677734 0.394531 0.677734 0.396484 0.679688 0.410156 0.679688 0.412109 0.677734 0.412109 0.675781 0.414062 0.673828 0.414062 0.669922 0.416016 0.667969 0.416016 0.656250 0.414062 0.654297 0.414062 0.648438 0.412109 0.648438 0.410156 0.646484 0.410156 0.642578 0.408203 0.640625 0.408203 0.636719 0.406250 0.636719 0.404297 0.634766 0.404297 0.630859 0.402344 0.628906 0.402344 0.626953 0.400391 0.625000 0.400391 0.623047 0.398438 0.623047 0.396484 0.621094 0.396484 0.619141 0.392578 0.619141 0.386719 0.613281 0.384766 0.613281 0.382812 0.611328
0 0.607422 0.632812 0.605469 0.634766 0.605469 0.638672 0.603516 0.640625 0.603516 0.642578 0.601562 0.644531 0.601562 0.650391 0.599609 0.652344 0.599609 0.654297 0.597656 0.656250 0.597656 0.666016 0.595703 0.667969 0.595703 0.671875 0.593750 0.673828 0.593750 0.675781 0.591797 0.677734 0.591797 0.697266 0.593750 0.695312 0.593750 0.693359 0.599609 0.687500 0.599609 0.685547 0.605469 0.679688 0.605469 0.677734 0.611328 0.671875 0.611328 0.669922 0.613281 0.667969 0.613281 0.666016 0.615234 0.664062 0.615234 0.662109 0.619141 0.658203 0.619141 0.656250 0.621094 0.654297 0.621094 0.650391 0.623047 0.648438 0.623047 0.632812
0 0.666016 0.646484 0.664062 0.648438 0.660156 0.648438 0.660156 0.650391 0.658203 0.652344 0.654297 0.652344 0.650391 0.656250 0.650391 0.658203 0.646484 0.662109 0.646484 0.667969 0.644531 0.669922 0.644531 0.671875 0.642578 0.673828 0.642578 0.677734 0.640625 0.679688 0.640625 0.699219 0.642578 0.701172 0.642578 0.705078 0.644531 0.707031 0.648438 0.707031 0.650391 0.708984 0.660156 0.708984 0.666016 0.703125 0.667969 0.703125 0.667969 0.699219 0.671875 0.695312 0.671875 0.693359 0.673828 0.691406 0.673828 0.689453 0.675781 0.687500 0.675781 0.685547 0.679688 0.681641 0.679688 0.679688 0.681641 0.677734 0.681641 0.675781 0.683594 0.673828 0.683594 0.652344 0.679688 0.648438 0.677734 0.648438 0.675781 0.646484
0 0.646484 0.734375 0.646484 0.736328 0.644531 0.738281 0.644531 0.740234 0.642578 0.742188 0.642578 0.755859 0.648438 0.761719 0.650391 0.761719 0.652344 0.763672 0.654297 0.763672 0.656250 0.765625 0.656250 0.767578 0.660156 0.767578 0.662109 0.769531 0.664062 0.769531 0.664062 0.734375
0 0.744141 0.759766 0.742188 0.761719 0.738281 0.761719 0.736328 0.763672 0.736328 0.765625 0.734375 0.767578 0.732422 0.767578 0.732422 0.769531 0.730469 0.771484 0.730469 0.775391 0.732422 0.775391 0.736328 0.779297 0.738281 0.779297 0.740234 0.781250 0.761719 0.781250 0.761719 0.779297 0.765625 0.775391 0.765625 0.773438 0.761719 0.769531 0.761719 0.767578 0.757812 0.763672 0.757812 0.761719 0.755859 0.759766
0 0.871094 0.791016 0.869141 0.792969 0.869141 0.798828 0.871094 0.800781 0.871094 0.804688 0.873047 0.806641 0.873047 0.810547 0.878906 0.816406 0.878906 0.818359 0.882812 0.822266 0.882812 0.824219 0.886719 0.828125 0.886719 0.830078 0.888672 0.832031 0.888672 0.833984 0.892578 0.837891 0.894531 0.837891 0.896484 0.839844 0.898438 0.839844 0.898438 0.830078 0.896484 0.828125 0.896484 0.824219 0.894531 0.822266 0.894531 0.820312 0.892578 0.818359 0.892578 0.816406 0.890625 0.814453 0.888672 0.814453 0.880859 0.806641 0.880859 0.802734 0.875000 0.796875 0.875000 0.794922 0.873047 0.792969 0.873047 0.791016
0 0.652344 0.824219 0.652344 0.826172 0.650391 0.828125 0.650391 0.841797 0.656250 0.847656 0.656250 0.849609 0.652344 0.853516 0.656250 0.853516 0.658203 0.851562 0.669922 0.851562 0.673828 0.847656 0.673828 0.845703 0.675781 0.843750 0.675781 0.826172 0.673828 0.826172 0.671875 0.824219
0 0.490234 0.818359 0.488281 0.820312 0.486328 0.820312 0.484375 0.822266 0.476562 0.822266 0.474609 0.824219 0.472656 0.824219 0.470703 0.826172 0.468750 0.826172 0.466797 0.828125 0.460938 0.828125 0.460938 0.830078 0.457031 0.833984 0.453125 0.833984 0.453125 0.835938 0.451172 0.837891 0.451172 0.839844 0.447266 0.843750 0.447266 0.845703 0.443359 0.849609 0.443359 0.853516 0.441406 0.855469 0.441406 0.857422 0.437500 0.861328 0.437500 0.863281 0.433594 0.867188 0.433594 0.875000 0.435547 0.876953 0.435547 0.878906 0.437500 0.880859 0.437500 0.884766 0.445312 0.892578 0.451172 0.892578 0.453125 0.894531 0.482422 0.894531 0.484375 0.892578 0.492188 0.892578 0.494141 0.890625 0.501953 0.890625 0.503906 0.888672 0.505859 0.888672 0.505859 0.886719 0.511719 0.880859 0.511719 0.876953 0.513672 0.875000 0.513672 0.873047 0.517578 0.869141 0.517578 0.865234 0.519531 0.863281 0.519531 0.835938 0.517578 0.833984 0.517578 0.830078 0.515625 0.828125 0.515625 0.826172 0.513672 0.824219 0.513672 0.822266 0.511719 0.822266 0.507812 0.818359
0 0.976562 0.839844 0.976562 0.841797 0.974609 0.843750 0.974609 0.847656 0.972656 0.849609 0.972656 0.863281 0.976562 0.867188 0.976562 0.871094 0.978516 0.873047 0.978516 0.875000 0.982422 0.878906 0.982422 0.880859 0.984375 0.882812 0.984375 0.886719 0.986328 0.888672 0.986328 0.892578 0.988281 0.892578 0.990234 0.894531 0.990234 0.898438 0.990234 0.894531 0.992188 0.892578 0.992188 0.884766 0.994141 0.882812 0.994141 0.876953 0.996094 0.875000 0.996094 0.869141 0.998047 0.867188 0.992188 0.861328 0.992188 0.859375 0.986328 0.853516 0.986328 0.851562 0.982422 0.847656 0.982422 0.845703
0 0.689453 0.863281 0.687500 0.865234 0.685547 0.865234 0.679688 0.871094 0.679688 0.873047 0.677734 0.875000 0.677734 0.886719 0.679688 0.886719 0.681641 0.888672 0.681641 0.890625 0.683594 0.892578 0.687500 0.892578 0.689453 0.894531 0.691406 0.894531 0.693359 0.896484 0.695312 0.896484 0.697266 0.898438 0.710938 0.898438 0.712891 0.896484 0.714844 0.896484 0.718750 0.892578 0.722656 0.892578 0.722656 0.890625 0.724609 0.888672 0.724609 0.886719 0.726562 0.884766 0.726562 0.871094 0.724609 0.871094 0.722656 0.869141 0.718750 0.869141 0.716797 0.867188 0.714844 0.867188 0.712891 0.865234 0.710938 0.865234 0.708984 0.863281
0 0.812500 0.867188 0.812500 0.869141 0.810547 0.871094 0.808594 0.871094 0.808594 0.873047 0.804688 0.876953 0.804688 0.921875 0.810547 0.927734 0.814453 0.927734 0.816406 0.929688 0.824219 0.929688 0.828125 0.925781 0.830078 0.925781 0.830078 0.921875 0.832031 0.919922 0.832031 0.916016 0.833984 0.914062 0.833984 0.908203 0.835938 0.906250 0.835938 0.890625 0.833984 0.888672 0.833984 0.884766 0.832031 0.882812 0.832031 0.880859 0.818359 0.867188
0 0.781250 0.875000 0.781250 0.876953 0.779297 0.878906 0.777344 0.878906 0.771484 0.884766 0.767578 0.884766 0.763672 0.888672 0.763672 0.890625 0.761719 0.892578 0.759766 0.892578 0.759766 0.896484 0.757812 0.898438 0.757812 0.902344 0.753906 0.906250 0.753906 0.912109 0.755859 0.914062 0.755859 0.916016 0.757812 0.917969 0.757812 0.921875 0.759766 0.921875 0.763672 0.925781 0.765625 0.925781 0.767578 0.927734 0.781250 0.927734 0.785156 0.923828 0.787109 0.923828 0.789062 0.921875 0.789062 0.919922 0.791016 0.917969 0.791016 0.878906 0.789062 0.878906 0.785156 0.875000
0 0.609375 0.886719 0.603516 0.892578 0.603516 0.900391 0.605469 0.902344 0.605469 0.906250 0.607422 0.908203 0.607422 0.916016 0.611328 0.919922 0.611328 0.927734 0.617188 0.933594 0.617188 0.935547 0.619141 0.937500 0.619141 0.939453 0.621094 0.941406 0.621094 0.943359 0.625000 0.947266 0.625000 0.951172 0.626953 0.953125 0.626953 0.957031 0.630859 0.960938 0.630859 0.962891 0.632812 0.964844 0.632812 0.966797 0.634766 0.968750 0.634766 0.972656 0.640625 0.972656 0.642578 0.970703 0.642578 0.968750 0.644531 0.966797 0.646484 0.966797 0.646484 0.962891 0.648438 0.960938 0.652344 0.960938 0.652344 0.958984 0.656250 0.955078 0.656250 0.953125 0.658203 0.951172 0.658203 0.949219 0.662109 0.945312 0.662109 0.941406 0.664062 0.939453 0.664062 0.906250 0.660156 0.902344 0.660156 0.900391 0.654297 0.894531 0.652344 0.894531 0.646484 0.888672 0.640625 0.888672 0.638672 0.886719
0 0.000000 0.921875 0.000000 0.951172 0.001953 0.949219 0.003906 0.949219 0.005859 0.947266 0.007812 0.947266 0.007812 0.945312 0.009766 0.943359 0.009766 0.929688 0.007812 0.927734 0.007812 0.921875
0 0.531250 0.931641 0.531250 0.960938 0.533203 0.962891 0.533203 0.982422 0.531250 0.984375 0.531250 0.986328 0.529297 0.988281 0.529297 0.996094 0.556641 0.996094 0.556641 0.992188 0.554688 0.990234 0.554688 0.974609 0.552734 0.972656 0.552734 0.968750 0.546875 0.962891 0.546875 0.960938 0.544922 0.958984 0.544922 0.957031 0.541016 0.953125 0.541016 0.951172 0.537109 0.947266 0.537109 0.945312 0.535156 0.943359 0.535156 0.939453 0.531250 0.935547
0 0.718750 0.931641 0.716797 0.933594 0.714844 0.933594 0.712891 0.935547 0.710938 0.935547 0.703125 0.943359 0.703125 0.945312 0.699219 0.949219 0.697266 0.949219 0.695312 0.951172 0.695312 0.953125 0.691406 0.957031 0.689453 0.957031 0.683594 0.962891 0.681641 0.962891 0.681641 0.964844 0.673828 0.972656 0.673828 0.974609 0.671875 0.976562 0.671875 0.982422 0.669922 0.984375 0.667969 0.984375 0.667969 0.986328 0.664062 0.990234 0.679688 0.990234 0.681641 0.992188 0.701172 0.992188 0.703125 0.994141 0.705078 0.992188 0.707031 0.992188 0.712891 0.986328 0.714844 0.986328 0.714844 0.984375 0.722656 0.976562 0.722656 0.974609 0.728516 0.968750 0.728516 0.966797 0.732422 0.962891 0.732422 0.960938 0.738281 0.955078 0.738281 0.951172 0.740234 0.949219 0.740234 0.935547 0.738281 0.933594 0.738281 0.931641
0 0.457031 0.943359 0.457031 0.947266 0.455078 0.949219 0.455078 0.951172 0.447266 0.958984 0.447266 0.960938 0.445312 0.962891 0.443359 0.962891 0.441406 0.964844 0.439453 0.964844 0.429688 0.974609 0.427734 0.974609 0.421875 0.980469 0.421875 0.982422 0.419922 0.984375 0.417969 0.984375 0.414062 0.988281 0.414062 0.992188 0.416016 0.990234 0.443359 0.990234 0.443359 0.984375 0.445312 0.982422 0.445312 0.976562 0.447266 0.974609 0.447266 0.972656 0.449219 0.970703 0.449219 0.968750 0.451172 0.966797 0.451172 0.960938 0.455078 0.957031 0.455078 0.951172 0.457031 0.949219
