0 0.228516 0.000000 0.228516 0.009766 0.224609 0.013672 0.224609 0.023438 0.230469 0.029297 0.250000 0.029297 0.251953 0.027344 0.255859 0.027344 0.259766 0.023438 0.259766 0.021484 0.261719 0.019531 0.261719 0.017578 0.263672 0.015625 0.263672 0.000000
0 0.000000 0.000000 0.000000 0.056641 0.021484 0.056641 0.025391 0.052734 0.029297 0.052734 0.031250 0.050781 0.033203 0.050781 0.039062 0.044922 0.039062 0.041016 0.041016 0.039062 0.041016 0.005859 0.037109 0.001953 0.037109 0.000000
0 0.078125 0.041016 0.078125 0.060547 0.091797 0.060547 0.095703 0.056641 0.095703 0.052734 0.097656 0.050781 0.097656 0.044922 0.093750 0.041016
0 0.958984 0.003906 0.957031 0.005859 0.955078 0.005859 0.953125 0.007812 0.949219 0.007812 0.947266 0.009766 0.945312 0.009766 0.941406 0.013672 0.941406 0.015625 0.937500 0.019531 0.937500 0.023438 0.931641 0.029297 0.931641 0.031250 0.929688 0.033203 0.929688 0.035156 0.921875 0.042969 0.921875 0.044922 0.919922 0.046875 0.917969 0.046875 0.916016 0.048828 0.914062 0.048828 0.910156 0.052734 0.908203 0.052734 0.906250 0.054688 0.904297 0.054688 0.902344 0.052734 0.900391 0.052734 0.896484 0.056641 0.894531 0.056641 0.890625 0.060547 0.890625 0.062500 0.884766 0.068359 0.884766 0.070312 0.876953 0.078125 0.876953 0.080078 0.875000 0.082031 0.875000 0.093750 0.876953 0.095703 0.890625 0.095703 0.892578 0.093750 0.894531 0.093750 0.896484 0.091797 0.898438 0.091797 0.900391 0.089844 0.902344 0.089844 0.906250 0.085938 0.908203 0.085938 0.910156 0.083984 0.912109 0.083984 0.917969 0.078125 0.919922 0.078125 0.923828 0.074219 0.925781 0.074219 0.929688 0.070312 0.931641 0.070312 0.933594 0.068359 0.935547 0.068359 0.937500 0.066406 0.941406 0.066406 0.947266 0.060547 0.949219 0.060547 0.951172 0.058594 0.953125 0.058594 0.955078 0.056641 0.957031 0.056641 0.957031 0.054688 0.958984 0.052734 0.960938 0.052734 0.962891 0.050781 0.962891 0.048828 0.964844 0.046875 0.966797 0.046875 0.968750 0.044922 0.968750 0.042969 0.970703 0.041016 0.972656 0.041016 0.972656 0.037109 0.974609 0.035156 0.974609 0.031250 0.978516 0.027344 0.978516 0.009766 0.974609 0.005859 0.970703 0.005859 0.968750 0.003906
0 0.380859 0.050781 0.378906 0.052734 0.375000 0.052734 0.373047 0.054688 0.371094 0.054688 0.371094 0.066406 0.373047 0.068359 0.373047 0.070312 0.375000 0.072266 0.376953 0.072266 0.382812 0.078125 0.390625 0.078125 0.394531 0.074219 0.396484 0.074219 0.398438 0.072266 0.398438 0.070312 0.400391 0.068359 0.400391 0.066406 0.404297 0.062500 0.404297 0.060547 0.406250 0.058594 0.406250 0.050781
0 0.507812 0.130859 0.507812 0.132812 0.505859 0.134766 0.503906 0.134766 0.501953 0.136719 0.501953 0.140625 0.500000 0.142578 0.498047 0.142578 0.498047 0.146484 0.496094 0.148438 0.496094 0.154297 0.505859 0.154297 0.511719 0.148438 0.511719 0.144531 0.513672 0.142578 0.513672 0.134766 0.509766 0.130859
0 0.617188 0.208984 0.617188 0.224609 0.619141 0.226562 0.619141 0.238281 0.617188 0.240234 0.617188 0.242188 0.615234 0.244141 0.615234 0.250000 0.613281 0.251953 0.613281 0.257812 0.611328 0.259766 0.611328 0.263672 0.617188 0.269531 0.617188 0.271484 0.619141 0.271484 0.621094 0.273438 0.625000 0.273438 0.626953 0.275391 0.634766 0.275391 0.644531 0.265625 0.646484 0.265625 0.652344 0.259766 0.654297 0.259766 0.654297 0.257812 0.660156 0.251953 0.660156 0.234375 0.658203 0.232422 0.658203 0.230469 0.656250 0.228516 0.656250 0.226562 0.654297 0.226562 0.652344 0.224609 0.652344 0.220703 0.650391 0.220703 0.648438 0.218750 0.648438 0.216797 0.646484 0.216797 0.642578 0.212891 0.638672 0.212891 0.634766 0.208984
0 0.863281 0.285156 0.863281 0.289062 0.865234 0.291016 0.865234 0.294922 0.867188 0.296875 0.867188 0.298828 0.873047 0.304688 0.873047 0.308594 0.875000 0.310547 0.875000 0.312500 0.876953 0.314453 0.876953 0.316406 0.878906 0.316406 0.880859 0.314453 0.884766 0.314453 0.888672 0.310547 0.892578 0.310547 0.894531 0.308594 0.896484 0.308594 0.896484 0.306641 0.898438 0.304688 0.898438 0.298828 0.896484 0.296875 0.894531 0.296875 0.890625 0.292969 0.888672 0.292969 0.886719 0.291016 0.884766 0.291016 0.880859 0.287109 0.875000 0.287109 0.873047 0.285156
0 0.136719 0.291016 0.132812 0.294922 0.130859 0.294922 0.126953 0.298828 0.125000 0.298828 0.117188 0.306641 0.115234 0.306641 0.113281 0.308594 0.113281 0.310547 0.109375 0.314453 0.109375 0.318359 0.107422 0.320312 0.107422 0.328125 0.105469 0.330078 0.105469 0.341797 0.107422 0.343750 0.107422 0.345703 0.109375 0.347656 0.111328 0.347656 0.113281 0.349609 0.113281 0.351562 0.115234 0.351562 0.117188 0.349609 0.119141 0.349609 0.121094 0.347656 0.134766 0.347656 0.136719 0.349609 0.136719 0.351562 0.138672 0.351562 0.144531 0.357422 0.146484 0.357422 0.150391 0.361328 0.152344 0.361328 0.154297 0.363281 0.169922 0.363281 0.173828 0.359375 0.173828 0.328125 0.171875 0.326172 0.171875 0.322266 0.169922 0.320312 0.169922 0.318359 0.167969 0.316406 0.167969 0.314453 0.166016 0.312500 0.166016 0.308594 0.164062 0.308594 0.162109 0.306641 0.162109 0.302734 0.152344 0.292969 0.148438 0.292969 0.146484 0.291016
0 0.443359 0.310547 0.441406 0.312500 0.435547 0.312500 0.433594 0.314453 0.423828 0.314453 0.423828 0.316406 0.421875 0.318359 0.417969 0.318359 0.416016 0.320312 0.412109 0.320312 0.410156 0.322266 0.408203 0.322266 0.408203 0.324219 0.406250 0.326172 0.404297 0.326172 0.402344 0.328125 0.402344 0.355469 0.414062 0.355469 0.416016 0.357422 0.429688 0.357422 0.431641 0.359375 0.447266 0.359375 0.449219 0.357422 0.451172 0.357422 0.455078 0.353516 0.457031 0.353516 0.458984 0.351562 0.458984 0.349609 0.460938 0.347656 0.464844 0.347656 0.464844 0.345703 0.466797 0.343750 0.466797 0.330078 0.462891 0.326172 0.462891 0.322266 0.460938 0.320312 0.460938 0.318359 0.458984 0.316406 0.458984 0.312500 0.457031 0.310547
0 0.039062 0.359375 0.037109 0.361328 0.035156 0.361328 0.033203 0.363281 0.031250 0.363281 0.029297 0.365234 0.023438 0.365234 0.023438 0.367188 0.021484 0.369141 0.021484 0.376953 0.019531 0.378906 0.019531 0.390625 0.021484 0.392578 0.021484 0.394531 0.023438 0.396484 0.023438 0.400391 0.027344 0.404297 0.027344 0.406250 0.029297 0.408203 0.029297 0.410156 0.037109 0.417969 0.039062 0.417969 0.041016 0.419922 0.041016 0.421875 0.042969 0.423828 0.044922 0.423828 0.050781 0.429688 0.052734 0.429688 0.054688 0.431641 0.056641 0.431641 0.058594 0.433594 0.060547 0.433594 0.062500 0.435547 0.074219 0.435547 0.080078 0.429688 0.082031 0.429688 0.082031 0.417969 0.080078 0.416016 0.080078 0.412109 0.076172 0.408203 0.076172 0.406250 0.074219 0.404297 0.072266 0.404297 0.070312 0.402344 0.070312 0.400391 0.064453 0.394531 0.064453 0.392578 0.058594 0.386719 0.058594 0.384766 0.054688 0.380859 0.054688 0.378906 0.050781 0.375000 0.050781 0.373047 0.046875 0.369141 0.046875 0.367188 0.044922 0.365234 0.044922 0.363281 0.042969 0.361328 0.042969 0.359375
0 0.724609 0.396484 0.724609 0.416016 0.726562 0.417969 0.726562 0.419922 0.728516 0.421875 0.728516 0.423828 0.738281 0.433594 0.740234 0.433594 0.742188 0.435547 0.744141 0.435547 0.746094 0.437500 0.748047 0.437500 0.750000 0.439453 0.757812 0.439453 0.761719 0.435547 0.761719 0.433594 0.767578 0.427734 0.769531 0.429688 0.769531 0.431641 0.769531 0.429688 0.765625 0.425781 0.765625 0.423828 0.763672 0.421875 0.763672 0.419922 0.759766 0.419922 0.750000 0.410156 0.750000 0.408203 0.748047 0.406250 0.748047 0.404297 0.746094 0.402344 0.746094 0.398438 0.742188 0.398438 0.740234 0.396484
0 0.388672 0.419922 0.388672 0.423828 0.402344 0.437500 0.402344 0.439453 0.406250 0.439453 0.408203 0.441406 0.412109 0.441406 0.414062 0.443359 0.416016 0.443359 0.417969 0.445312 0.419922 0.445312 0.421875 0.447266 0.429688 0.447266 0.431641 0.449219 0.433594 0.449219 0.435547 0.447266 0.435547 0.445312 0.437500 0.443359 0.437500 0.439453 0.441406 0.435547 0.441406 0.427734 0.437500 0.423828 0.435547 0.423828 0.433594 0.421875 0.419922 0.421875 0.417969 0.419922
0 0.226562 0.472656 0.224609 0.474609 0.222656 0.474609 0.220703 0.476562 0.220703 0.484375 0.218750 0.486328 0.218750 0.492188 0.220703 0.494141 0.220703 0.498047 0.228516 0.505859 0.230469 0.505859 0.234375 0.509766 0.236328 0.509766 0.238281 0.511719 0.253906 0.511719 0.259766 0.505859 0.259766 0.498047 0.261719 0.496094 0.261719 0.484375 0.263672 0.482422 0.263672 0.480469 0.265625 0.478516 0.265625 0.476562 0.263672 0.476562 0.259766 0.472656
0 0.453125 0.509766 0.451172 0.511719 0.451172 0.513672 0.449219 0.515625 0.449219 0.523438 0.455078 0.529297 0.457031 0.529297 0.458984 0.531250 0.460938 0.531250 0.462891 0.533203 0.464844 0.533203 0.466797 0.535156 0.490234 0.535156 0.492188 0.533203 0.500000 0.533203 0.500000 0.527344 0.498047 0.525391 0.494141 0.525391 0.488281 0.519531 0.486328 0.519531 0.484375 0.517578 0.482422 0.517578 0.480469 0.515625 0.478516 0.515625 0.476562 0.513672 0.468750 0.513672 0.464844 0.509766
0 0.621094 0.558594 0.619141 0.560547 0.619141 0.564453 0.617188 0.566406 0.617188 0.568359 0.621094 0.572266 0.625000 0.572266 0.626953 0.574219 0.628906 0.574219 0.630859 0.576172 0.632812 0.576172 0.640625 0.583984 0.640625 0.585938 0.642578 0.585938 0.644531 0.587891 0.644531 0.589844 0.650391 0.595703 0.652344 0.595703 0.654297 0.597656 0.662109 0.597656 0.664062 0.595703 0.664062 0.591797 0.666016 0.589844 0.666016 0.578125 0.664062 0.576172 0.660156 0.576172 0.656250 0.572266 0.654297 0.572266 0.650391 0.568359 0.648438 0.568359 0.646484 0.566406 0.646484 0.564453 0.644531 0.562500 0.642578 0.562500 0.638672 0.558594
0 0.169922 0.603516 0.167969 0.605469 0.164062 0.605469 0.160156 0.609375 0.160156 0.611328 0.158203 0.613281 0.156250 0.613281 0.156250 0.615234 0.154297 0.617188 0.154297 0.626953 0.156250 0.626953 0.158203 0.628906 0.160156 0.628906 0.162109 0.630859 0.164062 0.630859 0.166016 0.632812 0.164062 0.630859 0.169922 0.625000 0.173828 0.625000 0.177734 0.621094 0.181641 0.621094 0.183594 0.619141 0.189453 0.619141 0.193359 0.615234 0.195312 0.615234 0.199219 0.611328 0.201172 0.611328 0.201172 0.607422 0.199219 0.607422 0.195312 0.603516
0 0.005859 0.597656 0.005859 0.607422 0.003906 0.609375 0.003906 0.621094 0.001953 0.623047 0.001953 0.638672 0.003906 0.640625 0.003906 0.644531 0.007812 0.648438 0.011719 0.648438 0.013672 0.650391 0.021484 0.650391 0.021484 0.648438 0.023438 0.646484 0.023438 0.628906 0.019531 0.625000 0.019531 0.623047 0.017578 0.621094 0.017578 0.617188 0.015625 0.615234 0.015625 0.613281 0.011719 0.609375 0.011719 0.605469 0.009766 0.603516 0.009766 0.601562
0 0.382812 0.591797 0.378906 0.595703 0.375000 0.595703 0.373047 0.597656 0.371094 0.597656 0.363281 0.605469 0.363281 0.607422 0.361328 0.609375 0.361328 0.617188 0.357422 0.621094 0.357422 0.626953 0.359375 0.628906 0.359375 0.630859 0.361328 0.632812 0.361328 0.634766 0.365234 0.638672 0.365234 0.640625 0.369141 0.644531 0.369141 0.648438 0.373047 0.648438 0.375000 0.650391 0.376953 0.650391 0.378906 0.652344 0.380859 0.652344 0.382812 0.654297 0.386719 0.654297 0.388672 0.656250 0.417969 0.656250 0.419922 0.654297 0.421875 0.654297 0.423828 0.652344 0.425781 0.652344 0.427734 0.650391 0.431641 0.650391 0.435547 0.646484 0.439453 0.646484 0.441406 0.644531 0.443359 0.644531 0.445312 0.642578 0.445312 0.640625 0.453125 0.632812 0.453125 0.625000 0.451172 0.623047 0.451172 0.621094 0.449219 0.619141 0.447266 0.619141 0.441406 0.613281 0.439453 0.613281 0.429688 0.603516 0.427734 0.603516 0.423828 0.599609 0.421875 0.599609 0.419922 0.597656 0.416016 0.597656 0.412109 0.593750 0.406250 0.593750 0.404297 0.591797
0 0.634766 0.617188 0.632812 0.619141 0.630859 0.619141 0.628906 0.621094 0.628906 0.636719 0.630859 0.636719 0.632812 0.638672 0.632812 0.640625 0.634766 0.642578 0.636719 0.642578 0.638672 0.644531 0.640625 0.644531 0.646484 0.650391 0.648438 0.650391 0.650391 0.652344 0.652344 0.652344 0.660156 0.660156 0.662109 0.658203 0.662109 0.648438 0.660156 0.646484 0.660156 0.644531 0.656250 0.640625 0.656250 0.638672 0.654297 0.636719 0.654297 0.628906 0.652344 0.626953 0.652344 0.621094 0.648438 0.617188
0 0.691406 0.677734 0.689453 0.679688 0.687500 0.679688 0.685547 0.681641 0.683594 0.681641 0.687500 0.681641 0.695312 0.689453 0.695312 0.691406 0.697266 0.691406 0.699219 0.693359 0.701172 0.693359 0.703125 0.695312 0.707031 0.695312 0.708984 0.697266 0.736328 0.697266 0.736328 0.685547 0.734375 0.683594 0.734375 0.677734
0 0.238281 0.673828 0.234375 0.677734 0.234375 0.679688 0.232422 0.681641 0.238281 0.681641 0.246094 0.689453 0.246094 0.691406 0.248047 0.693359 0.250000 0.693359 0.251953 0.695312 0.251953 0.697266 0.253906 0.699219 0.255859 0.699219 0.257812 0.701172 0.259766 0.701172 0.261719 0.703125 0.277344 0.703125 0.279297 0.701172 0.279297 0.699219 0.283203 0.695312 0.283203 0.683594 0.279297 0.679688 0.277344 0.679688 0.275391 0.677734 0.273438 0.677734 0.271484 0.675781 0.269531 0.675781 0.267578 0.673828
0 0.169922 0.804688 0.169922 0.806641 0.167969 0.808594 0.167969 0.810547 0.166016 0.812500 0.166016 0.820312 0.171875 0.826172 0.173828 0.826172 0.175781 0.828125 0.177734 0.828125 0.179688 0.830078 0.207031 0.830078 0.208984 0.832031 0.236328 0.832031 0.236328 0.830078 0.238281 0.828125 0.238281 0.816406 0.234375 0.812500 0.232422 0.812500 0.230469 0.810547 0.210938 0.810547 0.208984 0.808594 0.207031 0.808594 0.205078 0.806641 0.203125 0.806641 0.201172 0.804688
0 0.056641 0.798828 0.054688 0.800781 0.052734 0.800781 0.048828 0.804688 0.046875 0.804688 0.044922 0.806641 0.042969 0.806641 0.035156 0.814453 0.031250 0.814453 0.029297 0.816406 0.027344 0.816406 0.023438 0.820312 0.019531 0.820312 0.019531 0.822266 0.017578 0.824219 0.017578 0.826172 0.009766 0.833984 0.007812 0.833984 0.005859 0.835938 0.003906 0.835938 0.001953 0.837891 0.000000 0.837891 0.000000 0.839844 0.003906 0.839844 0.005859 0.841797 0.011719 0.841797 0.013672 0.843750 0.019531 0.843750 0.021484 0.845703 0.027344 0.845703 0.029297 0.847656 0.029297 0.845703 0.033203 0.841797 0.035156 0.841797 0.037109 0.839844 0.039062 0.839844 0.044922 0.833984 0.046875 0.833984 0.048828 0.832031 0.052734 0.832031 0.054688 0.830078 0.058594 0.830078 0.064453 0.824219 0.066406 0.824219 0.072266 0.818359 0.074219 0.818359 0.076172 0.816406 0.078125 0.816406 0.082031 0.812500 0.082031 0.810547 0.083984 0.808594 0.083984 0.802734 0.082031 0.800781 0.080078 0.800781 0.078125 0.798828
0 0.951172 0.845703 0.949219 0.847656 0.939453 0.847656 0.937500 0.849609 0.925781 0.849609 0.923828 0.851562 0.917969 0.851562 0.916016 0.853516 0.902344 0.853516 0.900391 0.855469 0.898438 0.855469 0.900391 0.855469 0.902344 0.857422 0.902344 0.869141 0.906250 0.873047 0.912109 0.873047 0.914062 0.875000 0.947266 0.875000 0.951172 0.871094 0.953125 0.871094 0.955078 0.869141 0.957031 0.869141 0.957031 0.867188 0.960938 0.863281 0.960938 0.861328 0.964844 0.857422 0.966797 0.857422 0.968750 0.855469 0.974609 0.855469 0.976562 0.853516 0.978516 0.853516 0.978516 0.845703
0 0.623047 0.849609 0.621094 0.851562 0.619141 0.851562 0.617188 0.853516 0.615234 0.853516 0.613281 0.855469 0.611328 0.855469 0.609375 0.857422 0.607422 0.857422 0.605469 0.859375 0.605469 0.861328 0.603516 0.863281 0.601562 0.863281 0.599609 0.865234 0.597656 0.865234 0.593750 0.869141 0.591797 0.869141 0.589844 0.871094 0.589844 0.875000 0.587891 0.876953 0.587891 0.882812 0.589844 0.882812 0.591797 0.884766 0.591797 0.886719 0.593750 0.886719 0.595703 0.888672 0.669922 0.888672 0.675781 0.882812 0.677734 0.882812 0.677734 0.880859 0.681641 0.876953 0.681641 0.875000 0.683594 0.873047 0.683594 0.859375 0.677734 0.853516 0.675781 0.853516 0.673828 0.851562 0.664062 0.851562 0.662109 0.849609
0 0.824219 0.851562 0.824219 0.857422 0.822266 0.859375 0.791016 0.859375 0.789062 0.861328 0.787109 0.861328 0.783203 0.865234 0.779297 0.865234 0.777344 0.867188 0.775391 0.867188 0.775391 0.882812 0.777344 0.882812 0.781250 0.886719 0.785156 0.886719 0.787109 0.888672 0.789062 0.888672 0.791016 0.890625 0.796875 0.890625 0.798828 0.892578 0.804688 0.892578 0.806641 0.894531 0.826172 0.894531 0.828125 0.892578 0.837891 0.892578 0.839844 0.890625 0.843750 0.890625 0.847656 0.886719 0.853516 0.886719 0.855469 0.884766 0.876953 0.884766 0.878906 0.882812 0.880859 0.882812 0.882812 0.880859 0.886719 0.880859 0.890625 0.876953 0.894531 0.876953 0.894531 0.875000 0.896484 0.873047 0.898438 0.873047 0.900391 0.871094 0.900391 0.857422 0.898438 0.857422 0.896484 0.855469 0.890625 0.855469 0.888672 0.853516 0.876953 0.853516 0.875000 0.851562
0 0.044922 0.863281 0.042969 0.865234 0.041016 0.865234 0.039062 0.867188 0.037109 0.867188 0.035156 0.869141 0.035156 0.871094 0.033203 0.873047 0.031250 0.873047 0.031250 0.875000 0.027344 0.878906 0.027344 0.888672 0.031250 0.888672 0.033203 0.886719 0.050781 0.886719 0.052734 0.884766 0.058594 0.884766 0.058594 0.882812 0.062500 0.878906 0.064453 0.878906 0.064453 0.869141 0.058594 0.863281
0 0.464844 0.904297 0.464844 0.908203 0.462891 0.910156 0.462891 0.912109 0.460938 0.914062 0.460938 0.919922 0.458984 0.921875 0.458984 0.931641 0.457031 0.933594 0.457031 0.937500 0.453125 0.941406 0.453125 0.943359 0.445312 0.951172 0.445312 0.964844 0.447266 0.964844 0.447266 0.957031 0.451172 0.953125 0.451172 0.951172 0.453125 0.949219 0.455078 0.949219 0.457031 0.947266 0.458984 0.947266 0.458984 0.945312 0.460938 0.943359 0.464844 0.943359 0.468750 0.939453 0.468750 0.937500 0.472656 0.933594 0.474609 0.933594 0.476562 0.931641 0.478516 0.931641 0.480469 0.929688 0.482422 0.929688 0.482422 0.927734 0.484375 0.925781 0.484375 0.923828 0.486328 0.921875 0.488281 0.921875 0.488281 0.916016 0.490234 0.914062 0.490234 0.904297
0 0.095703 0.908203 0.089844 0.914062 0.089844 0.916016 0.087891 0.917969 0.087891 0.951172 0.085938 0.953125 0.085938 0.960938 0.082031 0.964844 0.082031 0.966797 0.080078 0.968750 0.080078 0.970703 0.078125 0.972656 0.076172 0.972656 0.076172 0.976562 0.074219 0.978516 0.074219 0.990234 0.080078 0.984375 0.082031 0.984375 0.082031 0.982422 0.085938 0.978516 0.087891 0.978516 0.091797 0.974609 0.093750 0.974609 0.095703 0.972656 0.097656 0.972656 0.105469 0.964844 0.107422 0.964844 0.107422 0.960938 0.111328 0.957031 0.111328 0.955078 0.115234 0.951172 0.117188 0.951172 0.117188 0.949219 0.119141 0.947266 0.121094 0.947266 0.125000 0.943359 0.126953 0.943359 0.130859 0.939453 0.130859 0.937500 0.132812 0.935547 0.132812 0.929688 0.130859 0.927734 0.130859 0.925781 0.128906 0.923828 0.128906 0.917969 0.125000 0.914062 0.125000 0.912109 0.123047 0.912109 0.121094 0.910156 0.119141 0.910156 0.117188 0.908203
0 0.378906 0.951172 0.378906 0.953125 0.376953 0.955078 0.375000 0.955078 0.367188 0.962891 0.367188 0.968750 0.365234 0.970703 0.365234 0.976562 0.363281 0.978516 0.363281 0.980469 0.361328 0.982422 0.361328 0.984375 0.357422 0.988281 0.357422 0.990234 0.355469 0.992188 0.355469 0.994141 0.353516 0.996094 0.361328 0.996094 0.361328 0.992188 0.363281 0.990234 0.363281 0.988281 0.371094 0.980469 0.373047 0.980469 0.378906 0.974609 0.380859 0.974609 0.382812 0.972656 0.382812 0.970703 0.386719 0.966797 0.386719 0.964844 0.388672 0.962891 0.388672 0.953125 0.390625 0.951172
0 0.531250 0.968750 0.529297 0.970703 0.527344 0.970703 0.525391 0.972656 0.525391 0.976562 0.529297 0.980469 0.529297 0.982422 0.537109 0.990234 0.537109 0.992188 0.539062 0.994141 0.539062 0.996094 0.589844 0.996094 0.589844 0.994141 0.587891 0.992188 0.587891 0.990234 0.585938 0.988281 0.585938 0.984375 0.578125 0.976562 0.574219 0.976562 0.570312 0.972656 0.566406 0.972656 0.564453 0.970703 0.552734 0.970703 0.550781 0.968750
0 0.814453 0.972656 0.814453 0.974609 0.812500 0.976562 0.812500 0.988281 0.816406 0.992188 0.816406 0.994141 0.820312 0.998047 0.822266 0.998047 0.824219 0.996094 0.828125 0.996094 0.830078 0.994141 0.835938 0.994141 0.837891 0.992188 0.841797 0.992188 0.843750 0.990234 0.847656 0.990234 0.849609 0.988281 0.851562 0.988281 0.847656 0.984375 0.845703 0.984375 0.841797 0.980469 0.839844 0.980469 0.835938 0.976562 0.835938 0.974609 0.833984 0.974609 0.832031 0.972656
