0 0.042969 0.003906 0.042969 0.007812 0.044922 0.009766 0.044922 0.011719 0.048828 0.015625 0.048828 0.019531 0.050781 0.019531 0.052734 0.021484 0.052734 0.023438 0.056641 0.023438 0.058594 0.025391 0.070312 0.025391 0.076172 0.019531 0.076172 0.015625 0.078125 0.013672 0.082031 0.013672 0.083984 0.011719 0.085938 0.011719 0.087891 0.009766 0.089844 0.009766 0.091797 0.007812 0.095703 0.007812 0.097656 0.005859 0.099609 0.005859 0.101562 0.003906
0 0.964844 0.005859 0.962891 0.007812 0.960938 0.007812 0.958984 0.009766 0.955078 0.009766 0.953125 0.011719 0.951172 0.011719 0.947266 0.015625 0.945312 0.015625 0.941406 0.019531 0.939453 0.019531 0.933594 0.025391 0.929688 0.025391 0.927734 0.027344 0.925781 0.027344 0.923828 0.029297 0.921875 0.029297 0.919922 0.031250 0.917969 0.031250 0.917969 0.033203 0.921875 0.037109 0.923828 0.037109 0.927734 0.041016 0.927734 0.042969 0.931641 0.042969 0.933594 0.044922 0.937500 0.044922 0.939453 0.046875 0.966797 0.046875 0.970703 0.042969 0.972656 0.042969 0.974609 0.041016 0.974609 0.039062 0.976562 0.037109 0.978516 0.037109 0.978516 0.017578 0.976562 0.015625 0.976562 0.011719 0.974609 0.009766 0.974609 0.007812 0.972656 0.005859
0 0.181641 0.085938 0.181641 0.087891 0.179688 0.089844 0.179688 0.099609 0.177734 0.101562 0.177734 0.115234 0.181641 0.119141 0.181641 0.121094 0.185547 0.125000 0.185547 0.126953 0.187500 0.126953 0.189453 0.128906 0.189453 0.130859 0.216797 0.130859 0.216797 0.128906 0.220703 0.125000 0.222656 0.125000 0.226562 0.121094 0.226562 0.119141 0.230469 0.115234 0.230469 0.113281 0.232422 0.111328 0.232422 0.099609 0.224609 0.091797 0.220703 0.091797 0.218750 0.089844 0.216797 0.089844 0.214844 0.087891 0.212891 0.087891 0.210938 0.085938
0 0.435547 0.095703 0.435547 0.097656 0.433594 0.099609 0.431641 0.099609 0.431641 0.101562 0.429688 0.103516 0.429688 0.111328 0.427734 0.113281 0.427734 0.134766 0.429688 0.136719 0.429688 0.138672 0.433594 0.142578 0.433594 0.146484 0.435547 0.148438 0.435547 0.150391 0.437500 0.152344 0.437500 0.154297 0.439453 0.156250 0.439453 0.158203 0.443359 0.162109 0.443359 0.164062 0.445312 0.166016 0.457031 0.166016 0.460938 0.162109 0.462891 0.162109 0.462891 0.156250 0.464844 0.154297 0.464844 0.152344 0.466797 0.150391 0.466797 0.125000 0.464844 0.123047 0.464844 0.121094 0.462891 0.119141 0.462891 0.117188 0.460938 0.115234 0.460938 0.111328 0.457031 0.107422 0.457031 0.103516 0.455078 0.101562 0.455078 0.099609 0.451172 0.095703
0 0.917969 0.119141 0.917969 0.125000 0.916016 0.126953 0.916016 0.140625 0.917969 0.142578 0.919922 0.142578 0.921875 0.144531 0.921875 0.146484 0.923828 0.146484 0.925781 0.148438 0.990234 0.148438 0.990234 0.144531 0.988281 0.144531 0.984375 0.140625 0.980469 0.140625 0.978516 0.138672 0.978516 0.136719 0.974609 0.132812 0.970703 0.132812 0.968750 0.130859 0.968750 0.128906 0.964844 0.128906 0.960938 0.125000 0.953125 0.125000 0.951172 0.123047 0.951172 0.119141
0 0.197266 0.160156 0.191406 0.166016 0.189453 0.164062 0.179688 0.164062 0.177734 0.166016 0.177734 0.169922 0.175781 0.171875 0.175781 0.203125 0.177734 0.205078 0.177734 0.207031 0.183594 0.212891 0.185547 0.212891 0.187500 0.214844 0.187500 0.216797 0.189453 0.216797 0.191406 0.218750 0.193359 0.218750 0.195312 0.220703 0.195312 0.222656 0.197266 0.222656 0.203125 0.228516 0.205078 0.228516 0.207031 0.230469 0.208984 0.230469 0.210938 0.232422 0.212891 0.232422 0.214844 0.234375 0.216797 0.234375 0.218750 0.236328 0.222656 0.236328 0.226562 0.232422 0.226562 0.226562 0.228516 0.224609 0.228516 0.201172 0.226562 0.199219 0.226562 0.195312 0.224609 0.193359 0.224609 0.191406 0.222656 0.189453 0.222656 0.187500 0.218750 0.183594 0.218750 0.181641 0.216797 0.179688 0.216797 0.177734 0.214844 0.175781 0.214844 0.173828 0.212891 0.171875 0.212891 0.167969 0.210938 0.166016 0.210938 0.164062 0.208984 0.164062 0.205078 0.160156
0 0.623047 0.226562 0.623047 0.232422 0.621094 0.234375 0.617188 0.234375 0.615234 0.236328 0.613281 0.236328 0.611328 0.238281 0.609375 0.238281 0.605469 0.242188 0.605469 0.253906 0.607422 0.255859 0.607422 0.257812 0.609375 0.259766 0.609375 0.261719 0.615234 0.267578 0.617188 0.267578 0.619141 0.269531 0.621094 0.269531 0.623047 0.271484 0.646484 0.271484 0.648438 0.269531 0.650391 0.269531 0.652344 0.267578 0.656250 0.267578 0.660156 0.263672 0.662109 0.263672 0.664062 0.261719 0.666016 0.261719 0.669922 0.257812 0.669922 0.255859 0.671875 0.253906 0.673828 0.253906 0.673828 0.236328 0.671875 0.234375 0.671875 0.232422 0.669922 0.232422 0.667969 0.230469 0.662109 0.230469 0.660156 0.228516 0.650391 0.228516 0.648438 0.226562
0 0.875000 0.275391 0.873047 0.277344 0.873047 0.283203 0.871094 0.285156 0.871094 0.289062 0.869141 0.291016 0.869141 0.292969 0.867188 0.294922 0.867188 0.300781 0.865234 0.302734 0.865234 0.306641 0.871094 0.312500 0.871094 0.314453 0.873047 0.316406 0.875000 0.316406 0.878906 0.320312 0.898438 0.320312 0.902344 0.316406 0.902344 0.292969 0.900391 0.291016 0.900391 0.287109 0.896484 0.283203 0.894531 0.283203 0.888672 0.277344 0.886719 0.277344 0.884766 0.275391
0 0.673828 0.285156 0.671875 0.287109 0.671875 0.300781 0.675781 0.304688 0.675781 0.306641 0.679688 0.310547 0.679688 0.312500 0.681641 0.314453 0.681641 0.318359 0.685547 0.322266 0.685547 0.326172 0.687500 0.326172 0.691406 0.330078 0.697266 0.330078 0.699219 0.328125 0.701172 0.328125 0.701172 0.324219 0.703125 0.322266 0.703125 0.308594 0.701172 0.306641 0.701172 0.304688 0.699219 0.302734 0.699219 0.298828 0.687500 0.287109 0.685547 0.287109 0.683594 0.285156
0 0.623047 0.335938 0.617188 0.341797 0.617188 0.343750 0.615234 0.345703 0.615234 0.355469 0.617188 0.357422 0.619141 0.357422 0.621094 0.359375 0.646484 0.359375 0.646484 0.341797 0.644531 0.339844 0.640625 0.339844 0.638672 0.337891 0.632812 0.337891 0.630859 0.335938
0 0.496094 0.333984 0.494141 0.335938 0.492188 0.335938 0.478516 0.349609 0.478516 0.355469 0.480469 0.357422 0.480469 0.359375 0.482422 0.359375 0.484375 0.361328 0.486328 0.361328 0.488281 0.363281 0.503906 0.363281 0.505859 0.361328 0.507812 0.361328 0.509766 0.359375 0.511719 0.359375 0.517578 0.353516 0.519531 0.353516 0.523438 0.349609 0.525391 0.349609 0.525391 0.339844 0.523438 0.339844 0.521484 0.337891 0.521484 0.335938 0.517578 0.335938 0.515625 0.333984
0 0.876953 0.484375 0.875000 0.486328 0.875000 0.500000 0.876953 0.501953 0.876953 0.505859 0.878906 0.507812 0.878906 0.511719 0.882812 0.515625 0.882812 0.519531 0.884766 0.521484 0.884766 0.523438 0.888672 0.527344 0.888672 0.529297 0.896484 0.537109 0.898438 0.537109 0.900391 0.539062 0.902344 0.539062 0.904297 0.541016 0.904297 0.542969 0.923828 0.542969 0.925781 0.541016 0.927734 0.541016 0.927734 0.535156 0.925781 0.533203 0.925781 0.527344 0.921875 0.523438 0.921875 0.519531 0.917969 0.515625 0.917969 0.513672 0.916016 0.511719 0.916016 0.509766 0.912109 0.505859 0.912109 0.501953 0.910156 0.500000 0.906250 0.500000 0.896484 0.490234 0.894531 0.490234 0.890625 0.486328 0.888672 0.486328 0.886719 0.484375
0 0.447266 0.500000 0.445312 0.501953 0.441406 0.501953 0.441406 0.503906 0.439453 0.505859 0.439453 0.511719 0.437500 0.513672 0.437500 0.531250 0.439453 0.533203 0.439453 0.535156 0.449219 0.544922 0.449219 0.537109 0.453125 0.533203 0.455078 0.533203 0.458984 0.529297 0.486328 0.529297 0.488281 0.527344 0.490234 0.527344 0.492188 0.525391 0.492188 0.515625 0.490234 0.513672 0.488281 0.513672 0.486328 0.511719 0.484375 0.511719 0.480469 0.507812 0.476562 0.507812 0.474609 0.505859 0.474609 0.503906 0.472656 0.503906 0.468750 0.500000
0 0.701172 0.615234 0.699219 0.617188 0.697266 0.617188 0.697266 0.619141 0.695312 0.621094 0.695312 0.628906 0.703125 0.628906 0.705078 0.630859 0.718750 0.630859 0.720703 0.628906 0.720703 0.626953 0.722656 0.625000 0.722656 0.619141 0.718750 0.619141 0.716797 0.617188 0.714844 0.617188 0.712891 0.615234
0 0.652344 0.613281 0.650391 0.615234 0.648438 0.615234 0.646484 0.617188 0.646484 0.621094 0.644531 0.623047 0.644531 0.644531 0.646484 0.646484 0.646484 0.648438 0.650391 0.652344 0.650391 0.654297 0.652344 0.654297 0.660156 0.662109 0.662109 0.662109 0.664062 0.664062 0.673828 0.664062 0.675781 0.662109 0.675781 0.660156 0.677734 0.658203 0.677734 0.654297 0.681641 0.650391 0.681641 0.644531 0.683594 0.642578 0.683594 0.625000 0.675781 0.617188 0.673828 0.617188 0.671875 0.615234 0.662109 0.615234 0.660156 0.613281
0 0.007812 0.644531 0.007812 0.654297 0.009766 0.656250 0.011719 0.656250 0.013672 0.658203 0.013672 0.660156 0.015625 0.660156 0.017578 0.662109 0.017578 0.666016 0.021484 0.666016 0.023438 0.667969 0.025391 0.667969 0.027344 0.669922 0.033203 0.669922 0.035156 0.671875 0.039062 0.671875 0.041016 0.673828 0.064453 0.673828 0.066406 0.671875 0.070312 0.671875 0.072266 0.669922 0.076172 0.669922 0.080078 0.666016 0.080078 0.660156 0.082031 0.658203 0.082031 0.654297 0.078125 0.650391 0.076172 0.650391 0.072266 0.646484 0.066406 0.646484 0.064453 0.644531
0 0.777344 0.640625 0.773438 0.644531 0.771484 0.644531 0.769531 0.646484 0.769531 0.648438 0.767578 0.650391 0.767578 0.654297 0.765625 0.656250 0.763672 0.656250 0.763672 0.658203 0.761719 0.660156 0.761719 0.662109 0.759766 0.664062 0.757812 0.664062 0.757812 0.667969 0.751953 0.673828 0.750000 0.673828 0.750000 0.675781 0.748047 0.677734 0.746094 0.677734 0.744141 0.679688 0.744141 0.683594 0.742188 0.685547 0.742188 0.689453 0.738281 0.693359 0.738281 0.695312 0.736328 0.697266 0.736328 0.707031 0.738281 0.708984 0.738281 0.710938 0.740234 0.710938 0.746094 0.705078 0.748047 0.705078 0.750000 0.703125 0.755859 0.703125 0.761719 0.697266 0.763672 0.697266 0.767578 0.693359 0.769531 0.693359 0.781250 0.681641 0.783203 0.681641 0.785156 0.679688 0.785156 0.677734 0.791016 0.671875 0.792969 0.671875 0.792969 0.669922 0.794922 0.667969 0.794922 0.666016 0.796875 0.664062 0.798828 0.664062 0.798828 0.646484 0.792969 0.640625
0 0.070312 0.695312 0.068359 0.697266 0.068359 0.699219 0.064453 0.703125 0.062500 0.703125 0.062500 0.705078 0.060547 0.707031 0.060547 0.710938 0.064453 0.714844 0.066406 0.714844 0.068359 0.716797 0.068359 0.718750 0.072266 0.718750 0.074219 0.720703 0.091797 0.720703 0.093750 0.718750 0.093750 0.714844 0.095703 0.712891 0.095703 0.697266 0.093750 0.695312
0 0.050781 0.718750 0.046875 0.722656 0.044922 0.722656 0.044922 0.724609 0.042969 0.726562 0.042969 0.728516 0.041016 0.730469 0.041016 0.738281 0.039062 0.740234 0.039062 0.742188 0.037109 0.744141 0.037109 0.746094 0.035156 0.748047 0.035156 0.750000 0.054688 0.750000 0.056641 0.751953 0.060547 0.751953 0.062500 0.753906 0.066406 0.753906 0.068359 0.755859 0.076172 0.755859 0.078125 0.757812 0.093750 0.757812 0.093750 0.742188 0.091797 0.740234 0.091797 0.738281 0.089844 0.736328 0.087891 0.736328 0.082031 0.730469 0.080078 0.730469 0.078125 0.728516 0.076172 0.728516 0.072266 0.724609 0.070312 0.724609 0.066406 0.720703 0.064453 0.720703 0.062500 0.718750
0 0.111328 0.736328 0.111328 0.738281 0.109375 0.740234 0.107422 0.740234 0.107422 0.748047 0.109375 0.750000 0.109375 0.759766 0.111328 0.761719 0.111328 0.763672 0.126953 0.779297 0.128906 0.779297 0.130859 0.781250 0.130859 0.783203 0.132812 0.783203 0.134766 0.785156 0.136719 0.785156 0.138672 0.787109 0.138672 0.789062 0.140625 0.789062 0.142578 0.791016 0.144531 0.791016 0.146484 0.792969 0.148438 0.792969 0.150391 0.794922 0.150391 0.796875 0.152344 0.798828 0.156250 0.798828 0.158203 0.800781 0.158203 0.802734 0.162109 0.802734 0.164062 0.804688 0.167969 0.804688 0.169922 0.806641 0.173828 0.806641 0.177734 0.810547 0.181641 0.810547 0.183594 0.812500 0.195312 0.812500 0.195312 0.796875 0.193359 0.794922 0.193359 0.792969 0.191406 0.791016 0.191406 0.789062 0.189453 0.789062 0.185547 0.785156 0.185547 0.783203 0.183594 0.783203 0.177734 0.777344 0.175781 0.777344 0.173828 0.775391 0.171875 0.775391 0.166016 0.769531 0.162109 0.769531 0.154297 0.761719 0.152344 0.761719 0.150391 0.759766 0.148438 0.759766 0.142578 0.753906 0.140625 0.753906 0.128906 0.742188 0.126953 0.742188 0.123047 0.738281 0.121094 0.738281 0.119141 0.736328
0 0.921875 0.767578 0.919922 0.769531 0.917969 0.769531 0.910156 0.777344 0.910156 0.779297 0.906250 0.783203 0.904297 0.783203 0.904297 0.785156 0.900391 0.789062 0.900391 0.800781 0.902344 0.800781 0.904297 0.802734 0.908203 0.802734 0.912109 0.806641 0.917969 0.806641 0.919922 0.808594 0.931641 0.808594 0.933594 0.810547 0.957031 0.810547 0.958984 0.808594 0.958984 0.806641 0.960938 0.804688 0.962891 0.804688 0.966797 0.800781 0.966797 0.798828 0.968750 0.796875 0.968750 0.794922 0.970703 0.792969 0.970703 0.783203 0.968750 0.781250 0.968750 0.779297 0.964844 0.775391 0.964844 0.773438 0.962891 0.771484 0.958984 0.771484 0.957031 0.769531 0.953125 0.769531 0.951172 0.767578
0 0.015625 0.832031 0.013672 0.833984 0.011719 0.833984 0.011719 0.845703 0.013672 0.847656 0.013672 0.851562 0.015625 0.853516 0.017578 0.853516 0.019531 0.855469 0.023438 0.855469 0.025391 0.857422 0.039062 0.857422 0.039062 0.855469 0.041016 0.853516 0.044922 0.853516 0.044922 0.849609 0.042969 0.847656 0.042969 0.845703 0.041016 0.843750 0.041016 0.841797 0.039062 0.841797 0.035156 0.837891 0.035156 0.835938 0.033203 0.835938 0.031250 0.833984 0.029297 0.833984 0.027344 0.832031
0 0.839844 0.816406 0.835938 0.820312 0.835938 0.822266 0.833984 0.824219 0.833984 0.828125 0.832031 0.830078 0.832031 0.833984 0.830078 0.835938 0.830078 0.839844 0.828125 0.841797 0.828125 0.851562 0.830078 0.853516 0.830078 0.857422 0.833984 0.861328 0.833984 0.863281 0.835938 0.863281 0.839844 0.867188 0.839844 0.871094 0.843750 0.867188 0.849609 0.867188 0.851562 0.865234 0.855469 0.865234 0.859375 0.861328 0.878906 0.861328 0.880859 0.859375 0.884766 0.859375 0.886719 0.857422 0.888672 0.857422 0.890625 0.855469 0.900391 0.855469 0.902344 0.853516 0.906250 0.853516 0.908203 0.851562 0.910156 0.851562 0.910156 0.847656 0.912109 0.845703 0.912109 0.839844 0.898438 0.826172 0.894531 0.826172 0.892578 0.824219 0.892578 0.822266 0.886719 0.822266 0.884766 0.820312 0.882812 0.820312 0.880859 0.818359 0.876953 0.818359 0.875000 0.816406
0 0.107422 0.875000 0.105469 0.876953 0.105469 0.878906 0.103516 0.880859 0.103516 0.886719 0.105469 0.888672 0.105469 0.896484 0.107422 0.898438 0.156250 0.898438 0.158203 0.896484 0.160156 0.896484 0.160156 0.884766 0.158203 0.884766 0.156250 0.882812 0.154297 0.882812 0.152344 0.880859 0.150391 0.880859 0.148438 0.878906 0.144531 0.878906 0.142578 0.876953 0.138672 0.876953 0.136719 0.875000
0 0.929688 0.884766 0.929688 0.898438 0.933594 0.902344 0.933594 0.904297 0.935547 0.904297 0.939453 0.908203 0.941406 0.908203 0.943359 0.910156 0.958984 0.910156 0.960938 0.908203 0.964844 0.908203 0.966797 0.906250 0.970703 0.906250 0.972656 0.904297 0.976562 0.904297 0.978516 0.902344 0.982422 0.902344 0.984375 0.900391 0.986328 0.900391 0.986328 0.890625 0.984375 0.888672 0.984375 0.886719 0.966797 0.886719 0.964844 0.888672 0.962891 0.888672 0.964844 0.888672 0.966797 0.890625 0.968750 0.890625 0.970703 0.892578 0.968750 0.894531 0.962891 0.894531 0.960938 0.892578 0.957031 0.892578 0.955078 0.890625 0.953125 0.890625 0.951172 0.888672 0.951172 0.886719 0.949219 0.884766
0 0.488281 0.910156 0.486328 0.912109 0.484375 0.912109 0.482422 0.914062 0.482422 0.916016 0.478516 0.919922 0.478516 0.927734 0.482422 0.931641 0.486328 0.931641 0.490234 0.935547 0.492188 0.935547 0.494141 0.937500 0.496094 0.937500 0.500000 0.941406 0.501953 0.941406 0.503906 0.943359 0.507812 0.943359 0.509766 0.945312 0.513672 0.945312 0.515625 0.947266 0.517578 0.947266 0.519531 0.949219 0.537109 0.949219 0.539062 0.947266 0.542969 0.947266 0.544922 0.945312 0.566406 0.945312 0.568359 0.943359 0.572266 0.943359 0.576172 0.939453 0.578125 0.939453 0.580078 0.937500 0.580078 0.935547 0.578125 0.935547 0.576172 0.933594 0.574219 0.933594 0.572266 0.931641 0.560547 0.931641 0.558594 0.929688 0.556641 0.929688 0.554688 0.927734 0.550781 0.927734 0.548828 0.925781 0.546875 0.925781 0.542969 0.921875 0.537109 0.921875 0.535156 0.919922 0.531250 0.919922 0.529297 0.917969 0.523438 0.917969 0.519531 0.914062 0.517578 0.914062 0.515625 0.912109 0.509766 0.912109 0.507812 0.910156
0 0.074219 0.945312 0.072266 0.947266 0.070312 0.947266 0.068359 0.949219 0.066406 0.949219 0.066406 0.951172 0.064453 0.953125 0.062500 0.953125 0.062500 0.955078 0.060547 0.957031 0.058594 0.957031 0.058594 0.960938 0.062500 0.960938 0.064453 0.962891 0.111328 0.962891 0.113281 0.960938 0.115234 0.960938 0.117188 0.958984 0.117188 0.949219 0.115234 0.949219 0.113281 0.947266 0.111328 0.947266 0.109375 0.945312
0 0.824219 0.957031 0.824219 0.958984 0.822266 0.960938 0.820312 0.960938 0.818359 0.962891 0.818359 0.966797 0.816406 0.968750 0.816406 0.978516 0.818359 0.978516 0.822266 0.982422 0.824219 0.982422 0.828125 0.986328 0.830078 0.986328 0.832031 0.988281 0.833984 0.988281 0.835938 0.990234 0.837891 0.990234 0.839844 0.992188 0.841797 0.992188 0.843750 0.990234 0.886719 0.990234 0.884766 0.988281 0.882812 0.988281 0.880859 0.986328 0.880859 0.984375 0.878906 0.984375 0.875000 0.980469 0.875000 0.978516 0.873047 0.976562 0.871094 0.976562 0.869141 0.974609 0.869141 0.972656 0.867188 0.970703 0.865234 0.970703 0.861328 0.966797 0.859375 0.966797 0.857422 0.964844 0.855469 0.964844 0.853516 0.962891 0.849609 0.962891 0.847656 0.960938 0.845703 0.960938 0.843750 0.958984 0.841797 0.958984 0.839844 0.957031
