0 0.644531 0.000000 0.644531 0.001953 0.646484 0.003906 0.648438 0.003906 0.654297 0.009766 0.656250 0.009766 0.658203 0.011719 0.658203 0.013672 0.660156 0.015625 0.660156 0.017578 0.662109 0.019531 0.662109 0.021484 0.664062 0.021484 0.667969 0.025391 0.671875 0.025391 0.675781 0.029297 0.679688 0.029297 0.679688 0.013672 0.666016 0.000000
0 0.253906 0.017578 0.250000 0.021484 0.250000 0.031250 0.263672 0.031250 0.265625 0.033203 0.267578 0.033203 0.271484 0.037109 0.271484 0.039062 0.275391 0.039062 0.277344 0.041016 0.283203 0.041016 0.285156 0.042969 0.287109 0.042969 0.289062 0.044922 0.291016 0.044922 0.291016 0.029297 0.289062 0.027344 0.289062 0.025391 0.287109 0.023438 0.285156 0.023438 0.281250 0.019531 0.267578 0.019531 0.265625 0.017578
0 0.695312 0.031250 0.695312 0.039062 0.699219 0.042969 0.699219 0.044922 0.701172 0.044922 0.705078 0.048828 0.710938 0.048828 0.712891 0.050781 0.720703 0.050781 0.722656 0.048828 0.724609 0.048828 0.726562 0.046875 0.736328 0.046875 0.738281 0.044922 0.746094 0.044922 0.746094 0.041016 0.744141 0.039062 0.742188 0.039062 0.740234 0.037109 0.734375 0.037109 0.730469 0.033203 0.718750 0.033203 0.716797 0.031250
0 0.189453 0.152344 0.183594 0.158203 0.183594 0.173828 0.191406 0.181641 0.195312 0.181641 0.199219 0.185547 0.205078 0.185547 0.207031 0.187500 0.220703 0.187500 0.222656 0.189453 0.236328 0.189453 0.238281 0.191406 0.250000 0.191406 0.250000 0.181641 0.248047 0.179688 0.246094 0.179688 0.242188 0.175781 0.240234 0.175781 0.236328 0.171875 0.234375 0.171875 0.232422 0.169922 0.230469 0.169922 0.226562 0.166016 0.224609 0.166016 0.222656 0.164062 0.220703 0.164062 0.218750 0.162109 0.218750 0.160156 0.216797 0.160156 0.214844 0.158203 0.212891 0.158203 0.210938 0.156250 0.208984 0.156250 0.207031 0.154297 0.205078 0.154297 0.203125 0.152344
0 0.042969 0.154297 0.042969 0.156250 0.041016 0.158203 0.037109 0.158203 0.027344 0.167969 0.027344 0.169922 0.023438 0.173828 0.023438 0.177734 0.021484 0.179688 0.021484 0.187500 0.029297 0.195312 0.035156 0.195312 0.037109 0.193359 0.041016 0.193359 0.042969 0.191406 0.044922 0.191406 0.046875 0.189453 0.050781 0.189453 0.052734 0.187500 0.060547 0.187500 0.062500 0.185547 0.066406 0.185547 0.070312 0.181641 0.074219 0.181641 0.080078 0.175781 0.083984 0.175781 0.087891 0.171875 0.089844 0.171875 0.089844 0.169922 0.093750 0.166016 0.093750 0.158203 0.091797 0.158203 0.089844 0.156250 0.078125 0.156250 0.076172 0.154297
0 0.964844 0.197266 0.962891 0.199219 0.949219 0.199219 0.947266 0.201172 0.939453 0.201172 0.937500 0.203125 0.927734 0.203125 0.925781 0.205078 0.923828 0.205078 0.921875 0.207031 0.917969 0.207031 0.917969 0.210938 0.916016 0.212891 0.916016 0.220703 0.912109 0.224609 0.912109 0.226562 0.914062 0.226562 0.917969 0.230469 0.941406 0.230469 0.943359 0.228516 0.949219 0.228516 0.951172 0.226562 0.955078 0.226562 0.955078 0.224609 0.957031 0.222656 0.957031 0.220703 0.960938 0.216797 0.960938 0.214844 0.966797 0.208984 0.968750 0.208984 0.978516 0.199219 0.980469 0.199219 0.982422 0.197266
0 0.628906 0.201172 0.626953 0.203125 0.623047 0.203125 0.617188 0.208984 0.615234 0.208984 0.609375 0.214844 0.607422 0.214844 0.607422 0.218750 0.609375 0.220703 0.609375 0.226562 0.611328 0.228516 0.611328 0.234375 0.615234 0.230469 0.673828 0.230469 0.675781 0.228516 0.677734 0.228516 0.677734 0.222656 0.675781 0.220703 0.675781 0.218750 0.671875 0.214844 0.669922 0.214844 0.664062 0.208984 0.662109 0.208984 0.660156 0.207031 0.658203 0.207031 0.656250 0.205078 0.654297 0.205078 0.652344 0.203125 0.650391 0.203125 0.648438 0.201172
0 0.832031 0.208984 0.830078 0.210938 0.808594 0.210938 0.806641 0.212891 0.802734 0.212891 0.802734 0.214844 0.800781 0.216797 0.800781 0.226562 0.804688 0.226562 0.806641 0.228516 0.810547 0.228516 0.812500 0.230469 0.812500 0.232422 0.816406 0.232422 0.818359 0.234375 0.820312 0.234375 0.824219 0.238281 0.830078 0.238281 0.832031 0.240234 0.884766 0.240234 0.886719 0.238281 0.890625 0.238281 0.892578 0.236328 0.896484 0.236328 0.900391 0.232422 0.902344 0.232422 0.904297 0.230469 0.904297 0.228516 0.906250 0.226562 0.908203 0.226562 0.914062 0.220703 0.914062 0.214844 0.910156 0.210938 0.902344 0.210938 0.900391 0.208984
0 0.031250 0.224609 0.031250 0.226562 0.029297 0.228516 0.029297 0.232422 0.027344 0.234375 0.027344 0.238281 0.025391 0.240234 0.025391 0.244141 0.068359 0.244141 0.070312 0.242188 0.072266 0.242188 0.076172 0.238281 0.076172 0.234375 0.078125 0.232422 0.078125 0.226562 0.076172 0.226562 0.074219 0.224609
0 0.466797 0.251953 0.464844 0.253906 0.462891 0.253906 0.457031 0.259766 0.457031 0.261719 0.455078 0.263672 0.455078 0.285156 0.457031 0.287109 0.457031 0.292969 0.458984 0.292969 0.458984 0.291016 0.460938 0.289062 0.460938 0.287109 0.462891 0.285156 0.464844 0.285156 0.470703 0.279297 0.472656 0.279297 0.476562 0.275391 0.486328 0.275391 0.488281 0.273438 0.500000 0.273438 0.501953 0.271484 0.503906 0.271484 0.503906 0.269531 0.505859 0.267578 0.507812 0.267578 0.507812 0.259766 0.505859 0.257812 0.505859 0.255859 0.503906 0.253906 0.498047 0.253906 0.496094 0.251953
0 0.103516 0.269531 0.103516 0.275391 0.101562 0.277344 0.101562 0.279297 0.099609 0.281250 0.099609 0.289062 0.097656 0.291016 0.097656 0.292969 0.095703 0.294922 0.095703 0.300781 0.093750 0.302734 0.093750 0.304688 0.091797 0.306641 0.089844 0.306641 0.089844 0.310547 0.087891 0.312500 0.087891 0.322266 0.097656 0.322266 0.099609 0.320312 0.103516 0.320312 0.103516 0.318359 0.105469 0.316406 0.105469 0.314453 0.107422 0.312500 0.109375 0.312500 0.109375 0.310547 0.111328 0.308594 0.111328 0.304688 0.113281 0.302734 0.113281 0.300781 0.115234 0.298828 0.115234 0.294922 0.119141 0.291016 0.119141 0.289062 0.121094 0.287109 0.121094 0.285156 0.123047 0.283203 0.123047 0.281250 0.126953 0.277344 0.126953 0.275391 0.128906 0.273438 0.128906 0.269531
0 0.386719 0.302734 0.386719 0.304688 0.382812 0.308594 0.382812 0.310547 0.378906 0.314453 0.376953 0.314453 0.369141 0.322266 0.369141 0.326172 0.365234 0.330078 0.365234 0.332031 0.363281 0.333984 0.361328 0.333984 0.359375 0.335938 0.359375 0.337891 0.355469 0.341797 0.355469 0.345703 0.353516 0.347656 0.353516 0.349609 0.367188 0.349609 0.369141 0.347656 0.371094 0.347656 0.376953 0.341797 0.376953 0.339844 0.378906 0.337891 0.378906 0.335938 0.380859 0.333984 0.382812 0.333984 0.382812 0.328125 0.384766 0.326172 0.384766 0.314453 0.386719 0.312500
0 0.550781 0.328125 0.548828 0.330078 0.546875 0.330078 0.542969 0.333984 0.541016 0.333984 0.539062 0.335938 0.539062 0.337891 0.541016 0.339844 0.541016 0.341797 0.542969 0.341797 0.544922 0.343750 0.544922 0.345703 0.548828 0.349609 0.550781 0.349609 0.552734 0.351562 0.558594 0.351562 0.560547 0.353516 0.566406 0.353516 0.568359 0.355469 0.572266 0.355469 0.574219 0.357422 0.578125 0.357422 0.580078 0.359375 0.593750 0.359375 0.593750 0.345703 0.589844 0.341797 0.589844 0.339844 0.582031 0.332031 0.578125 0.332031 0.576172 0.330078 0.564453 0.330078 0.562500 0.328125
0 0.830078 0.335938 0.830078 0.337891 0.828125 0.339844 0.828125 0.341797 0.826172 0.343750 0.826172 0.345703 0.824219 0.347656 0.824219 0.349609 0.822266 0.351562 0.822266 0.353516 0.830078 0.353516 0.832031 0.355469 0.835938 0.355469 0.837891 0.357422 0.839844 0.357422 0.841797 0.359375 0.849609 0.359375 0.851562 0.361328 0.855469 0.361328 0.855469 0.355469 0.853516 0.353516 0.853516 0.351562 0.849609 0.347656 0.845703 0.347656 0.843750 0.345703 0.841797 0.345703 0.839844 0.343750 0.837891 0.343750 0.835938 0.341797 0.835938 0.339844 0.833984 0.337891 0.832031 0.337891
0 0.230469 0.351562 0.228516 0.353516 0.226562 0.353516 0.224609 0.355469 0.222656 0.355469 0.214844 0.363281 0.214844 0.365234 0.212891 0.367188 0.212891 0.371094 0.210938 0.373047 0.210938 0.375000 0.208984 0.376953 0.208984 0.380859 0.207031 0.382812 0.207031 0.384766 0.205078 0.386719 0.205078 0.416016 0.207031 0.417969 0.207031 0.419922 0.210938 0.423828 0.210938 0.425781 0.214844 0.429688 0.214844 0.431641 0.216797 0.431641 0.220703 0.435547 0.220703 0.439453 0.226562 0.445312 0.220703 0.439453 0.224609 0.435547 0.228516 0.435547 0.230469 0.433594 0.236328 0.433594 0.236328 0.431641 0.238281 0.429688 0.242188 0.429688 0.244141 0.427734 0.246094 0.427734 0.251953 0.421875 0.253906 0.421875 0.257812 0.417969 0.259766 0.417969 0.263672 0.414062 0.263672 0.412109 0.265625 0.410156 0.267578 0.410156 0.269531 0.408203 0.269531 0.404297 0.273438 0.400391 0.273438 0.396484 0.275391 0.394531 0.275391 0.388672 0.277344 0.386719 0.277344 0.375000 0.275391 0.373047 0.275391 0.369141 0.273438 0.369141 0.271484 0.367188 0.271484 0.365234 0.269531 0.363281 0.267578 0.363281 0.265625 0.361328 0.263672 0.361328 0.261719 0.359375 0.259766 0.359375 0.257812 0.357422 0.255859 0.357422 0.253906 0.355469 0.250000 0.355469 0.248047 0.353516 0.244141 0.353516 0.242188 0.351562
0 0.738281 0.392578 0.736328 0.394531 0.724609 0.394531 0.724609 0.406250 0.726562 0.408203 0.726562 0.414062 0.732422 0.419922 0.732422 0.421875 0.734375 0.423828 0.736328 0.423828 0.738281 0.425781 0.738281 0.427734 0.744141 0.433594 0.744141 0.435547 0.753906 0.445312 0.755859 0.445312 0.757812 0.447266 0.757812 0.449219 0.759766 0.449219 0.761719 0.451172 0.773438 0.451172 0.775391 0.449219 0.777344 0.449219 0.779297 0.447266 0.779297 0.445312 0.785156 0.439453 0.785156 0.435547 0.787109 0.433594 0.787109 0.425781 0.785156 0.423828 0.785156 0.421875 0.783203 0.419922 0.783203 0.417969 0.781250 0.416016 0.779297 0.416016 0.773438 0.410156 0.771484 0.410156 0.769531 0.408203 0.765625 0.408203 0.761719 0.404297 0.759766 0.404297 0.757812 0.402344 0.755859 0.402344 0.753906 0.400391 0.751953 0.400391 0.748047 0.396484 0.746094 0.396484 0.744141 0.394531 0.742188 0.394531 0.740234 0.392578
0 0.699219 0.427734 0.699219 0.441406 0.703125 0.445312 0.705078 0.445312 0.707031 0.447266 0.716797 0.447266 0.718750 0.449219 0.722656 0.449219 0.724609 0.447266 0.724609 0.445312 0.728516 0.441406 0.728516 0.435547 0.730469 0.433594 0.730469 0.429688 0.726562 0.429688 0.724609 0.427734
0 0.066406 0.433594 0.060547 0.439453 0.060547 0.441406 0.058594 0.443359 0.056641 0.443359 0.056641 0.447266 0.054688 0.449219 0.054688 0.462891 0.056641 0.462891 0.058594 0.464844 0.058594 0.466797 0.060547 0.468750 0.066406 0.468750 0.068359 0.470703 0.078125 0.470703 0.082031 0.474609 0.083984 0.474609 0.085938 0.476562 0.085938 0.474609 0.083984 0.472656 0.083984 0.470703 0.082031 0.468750 0.082031 0.462891 0.080078 0.460938 0.080078 0.441406 0.074219 0.435547 0.072266 0.435547 0.070312 0.433594
0 0.421875 0.433594 0.421875 0.447266 0.419922 0.449219 0.419922 0.460938 0.417969 0.462891 0.417969 0.466797 0.423828 0.466797 0.425781 0.468750 0.433594 0.468750 0.435547 0.470703 0.441406 0.470703 0.443359 0.472656 0.437500 0.478516 0.445312 0.478516 0.447266 0.476562 0.460938 0.476562 0.460938 0.470703 0.462891 0.468750 0.462891 0.445312 0.460938 0.443359 0.458984 0.443359 0.457031 0.441406 0.451172 0.441406 0.447266 0.437500 0.445312 0.437500 0.443359 0.435547 0.433594 0.435547 0.431641 0.433594
0 0.937500 0.527344 0.935547 0.529297 0.935547 0.531250 0.933594 0.533203 0.933594 0.544922 0.935547 0.546875 0.935547 0.548828 0.939453 0.552734 0.939453 0.554688 0.945312 0.560547 0.947266 0.560547 0.949219 0.562500 0.953125 0.562500 0.957031 0.566406 0.960938 0.566406 0.964844 0.570312 0.966797 0.570312 0.972656 0.576172 0.976562 0.576172 0.978516 0.578125 0.978516 0.570312 0.974609 0.566406 0.974609 0.564453 0.972656 0.562500 0.972656 0.560547 0.970703 0.558594 0.970703 0.556641 0.966797 0.552734 0.966797 0.550781 0.964844 0.550781 0.957031 0.542969 0.955078 0.542969 0.947266 0.535156 0.947266 0.533203 0.945312 0.531250 0.945312 0.529297 0.943359 0.527344
0 0.126953 0.554688 0.125000 0.556641 0.125000 0.574219 0.126953 0.576172 0.128906 0.576172 0.132812 0.580078 0.136719 0.580078 0.138672 0.582031 0.140625 0.582031 0.142578 0.583984 0.146484 0.583984 0.148438 0.585938 0.150391 0.585938 0.152344 0.587891 0.156250 0.587891 0.158203 0.589844 0.162109 0.589844 0.164062 0.591797 0.185547 0.591797 0.187500 0.593750 0.195312 0.593750 0.195312 0.587891 0.193359 0.587891 0.191406 0.585938 0.191406 0.582031 0.189453 0.580078 0.189453 0.578125 0.185547 0.574219 0.185547 0.572266 0.177734 0.564453 0.177734 0.562500 0.175781 0.562500 0.171875 0.558594 0.167969 0.558594 0.166016 0.556641 0.158203 0.556641 0.156250 0.554688
0 0.849609 0.605469 0.847656 0.607422 0.847656 0.609375 0.849609 0.611328 0.849609 0.613281 0.853516 0.617188 0.853516 0.619141 0.855469 0.621094 0.855469 0.625000 0.861328 0.630859 0.861328 0.634766 0.863281 0.636719 0.863281 0.640625 0.865234 0.642578 0.865234 0.648438 0.865234 0.646484 0.867188 0.644531 0.867188 0.642578 0.869141 0.640625 0.871094 0.640625 0.875000 0.636719 0.875000 0.632812 0.876953 0.630859 0.876953 0.628906 0.878906 0.626953 0.878906 0.625000 0.880859 0.623047 0.880859 0.605469
0 0.113281 0.628906 0.109375 0.632812 0.107422 0.632812 0.105469 0.634766 0.105469 0.636719 0.103516 0.638672 0.103516 0.640625 0.101562 0.642578 0.099609 0.642578 0.099609 0.644531 0.093750 0.650391 0.089844 0.650391 0.087891 0.652344 0.068359 0.652344 0.066406 0.654297 0.064453 0.654297 0.062500 0.656250 0.056641 0.656250 0.054688 0.658203 0.054688 0.660156 0.052734 0.662109 0.050781 0.662109 0.050781 0.675781 0.052734 0.677734 0.052734 0.681641 0.056641 0.685547 0.056641 0.687500 0.060547 0.691406 0.062500 0.691406 0.066406 0.695312 0.066406 0.697266 0.072266 0.703125 0.072266 0.705078 0.076172 0.708984 0.076172 0.710938 0.078125 0.710938 0.085938 0.718750 0.085938 0.720703 0.087891 0.722656 0.087891 0.724609 0.095703 0.732422 0.095703 0.734375 0.101562 0.740234 0.101562 0.742188 0.103516 0.742188 0.107422 0.746094 0.107422 0.748047 0.113281 0.753906 0.119141 0.753906 0.121094 0.755859 0.121094 0.751953 0.125000 0.748047 0.125000 0.746094 0.130859 0.740234 0.132812 0.740234 0.142578 0.730469 0.144531 0.730469 0.144531 0.728516 0.146484 0.726562 0.148438 0.726562 0.150391 0.724609 0.152344 0.724609 0.156250 0.720703 0.158203 0.720703 0.160156 0.718750 0.160156 0.716797 0.164062 0.712891 0.164062 0.687500 0.154297 0.677734 0.154297 0.675781 0.152344 0.673828 0.152344 0.671875 0.150391 0.671875 0.148438 0.669922 0.148438 0.666016 0.146484 0.666016 0.144531 0.664062 0.144531 0.662109 0.142578 0.660156 0.142578 0.656250 0.140625 0.654297 0.140625 0.648438 0.138672 0.646484 0.138672 0.644531 0.136719 0.642578 0.136719 0.638672 0.134766 0.636719 0.134766 0.630859 0.130859 0.630859 0.128906 0.628906
0 0.751953 0.738281 0.750000 0.740234 0.750000 0.742188 0.746094 0.746094 0.746094 0.753906 0.748047 0.755859 0.750000 0.755859 0.751953 0.757812 0.755859 0.757812 0.761719 0.763672 0.771484 0.763672 0.773438 0.765625 0.783203 0.765625 0.785156 0.767578 0.792969 0.767578 0.796875 0.771484 0.796875 0.773438 0.794922 0.775391 0.794922 0.777344 0.792969 0.779297 0.792969 0.781250 0.794922 0.781250 0.798828 0.777344 0.802734 0.777344 0.804688 0.775391 0.808594 0.775391 0.812500 0.771484 0.814453 0.771484 0.814453 0.767578 0.816406 0.765625 0.816406 0.755859 0.812500 0.751953 0.808594 0.751953 0.804688 0.748047 0.802734 0.748047 0.800781 0.746094 0.796875 0.746094 0.794922 0.744141 0.789062 0.744141 0.787109 0.742188 0.771484 0.742188 0.769531 0.740234 0.763672 0.740234 0.761719 0.738281
0 0.464844 0.757812 0.462891 0.759766 0.460938 0.759766 0.457031 0.763672 0.455078 0.763672 0.453125 0.765625 0.457031 0.765625 0.468750 0.777344 0.468750 0.785156 0.470703 0.785156 0.474609 0.789062 0.474609 0.791016 0.476562 0.792969 0.478516 0.792969 0.482422 0.796875 0.482422 0.798828 0.484375 0.798828 0.488281 0.802734 0.490234 0.802734 0.492188 0.804688 0.503906 0.804688 0.505859 0.802734 0.507812 0.802734 0.513672 0.796875 0.515625 0.796875 0.517578 0.794922 0.519531 0.794922 0.519531 0.792969 0.521484 0.791016 0.523438 0.791016 0.525391 0.789062 0.527344 0.789062 0.529297 0.787109 0.533203 0.787109 0.537109 0.783203 0.539062 0.783203 0.539062 0.765625 0.537109 0.765625 0.535156 0.763672 0.529297 0.763672 0.527344 0.761719 0.519531 0.761719 0.517578 0.759766 0.513672 0.759766 0.511719 0.757812
0 0.703125 0.794922 0.720703 0.812500 0.722656 0.812500 0.726562 0.816406 0.732422 0.810547 0.732422 0.808594 0.734375 0.806641 0.734375 0.798828 0.732422 0.796875 0.730469 0.796875 0.728516 0.794922
0 0.097656 0.894531 0.095703 0.896484 0.095703 0.898438 0.091797 0.902344 0.091797 0.906250 0.093750 0.908203 0.093750 0.912109 0.097656 0.916016 0.097656 0.917969 0.101562 0.921875 0.101562 0.923828 0.103516 0.925781 0.103516 0.927734 0.105469 0.929688 0.107422 0.929688 0.111328 0.933594 0.113281 0.933594 0.115234 0.935547 0.119141 0.935547 0.121094 0.933594 0.150391 0.933594 0.148438 0.931641 0.148438 0.927734 0.146484 0.925781 0.146484 0.919922 0.144531 0.917969 0.144531 0.914062 0.142578 0.912109 0.142578 0.904297 0.134766 0.896484 0.128906 0.896484 0.126953 0.894531
0 0.224609 0.912109 0.224609 0.927734 0.226562 0.929688 0.226562 0.933594 0.228516 0.935547 0.228516 0.937500 0.234375 0.943359 0.257812 0.943359 0.257812 0.933594 0.255859 0.933594 0.250000 0.927734 0.250000 0.925781 0.248047 0.925781 0.236328 0.914062 0.232422 0.914062 0.230469 0.912109
0 0.611328 0.984375 0.607422 0.988281 0.605469 0.988281 0.603516 0.990234 0.603516 0.996094 0.605469 0.994141 0.634766 0.994141 0.636719 0.992188 0.662109 0.992188 0.660156 0.990234 0.660156 0.988281 0.656250 0.984375
