0 0.628906 0.001953 0.632812 0.005859 0.634766 0.005859 0.636719 0.007812 0.636719 0.009766 0.638672 0.011719 0.640625 0.011719 0.642578 0.013672 0.642578 0.015625 0.646484 0.015625 0.648438 0.017578 0.652344 0.017578 0.654297 0.019531 0.658203 0.019531 0.660156 0.021484 0.679688 0.021484 0.681641 0.023438 0.689453 0.023438 0.689453 0.021484 0.691406 0.019531 0.695312 0.019531 0.697266 0.017578 0.701172 0.017578 0.703125 0.015625 0.705078 0.015625 0.707031 0.013672 0.710938 0.013672 0.714844 0.009766 0.716797 0.009766 0.718750 0.007812 0.724609 0.007812 0.726562 0.005859 0.728516 0.005859 0.726562 0.003906 0.675781 0.003906 0.673828 0.001953
0 0.189453 0.005859 0.193359 0.009766 0.193359 0.013672 0.197266 0.017578 0.197266 0.019531 0.199219 0.021484 0.199219 0.023438 0.201172 0.025391 0.201172 0.027344 0.203125 0.029297 0.205078 0.029297 0.207031 0.031250 0.208984 0.031250 0.210938 0.033203 0.212891 0.033203 0.214844 0.035156 0.226562 0.035156 0.226562 0.033203 0.228516 0.031250 0.230469 0.031250 0.232422 0.029297 0.232422 0.027344 0.234375 0.025391 0.236328 0.025391 0.236328 0.023438 0.238281 0.021484 0.238281 0.019531 0.244141 0.013672 0.244141 0.011719 0.250000 0.005859
0 0.386719 0.001953 0.386719 0.011719 0.384766 0.013672 0.384766 0.033203 0.388672 0.037109 0.390625 0.037109 0.392578 0.039062 0.402344 0.039062 0.404297 0.041016 0.419922 0.041016 0.421875 0.039062 0.423828 0.039062 0.425781 0.037109 0.429688 0.037109 0.433594 0.033203 0.433594 0.031250 0.437500 0.027344 0.437500 0.023438 0.439453 0.021484 0.439453 0.013672 0.441406 0.011719 0.441406 0.007812 0.427734 0.007812 0.425781 0.005859 0.414062 0.005859 0.412109 0.003906 0.398438 0.003906 0.396484 0.001953
0 0.537109 0.001953 0.535156 0.003906 0.531250 0.003906 0.531250 0.005859 0.529297 0.007812 0.529297 0.011719 0.527344 0.013672 0.527344 0.037109 0.529297 0.039062 0.529297 0.041016 0.531250 0.041016 0.533203 0.042969 0.539062 0.042969 0.542969 0.046875 0.544922 0.046875 0.546875 0.048828 0.552734 0.048828 0.554688 0.050781 0.570312 0.050781 0.572266 0.052734 0.585938 0.052734 0.587891 0.050781 0.589844 0.050781 0.593750 0.046875 0.595703 0.046875 0.595703 0.042969 0.597656 0.041016 0.597656 0.033203 0.599609 0.031250 0.599609 0.005859 0.595703 0.005859 0.593750 0.003906 0.568359 0.003906 0.566406 0.001953
0 0.826172 0.037109 0.824219 0.039062 0.824219 0.041016 0.818359 0.046875 0.818359 0.062500 0.820312 0.062500 0.822266 0.064453 0.830078 0.064453 0.832031 0.066406 0.855469 0.066406 0.855469 0.048828 0.853516 0.046875 0.851562 0.046875 0.849609 0.044922 0.845703 0.044922 0.843750 0.042969 0.839844 0.042969 0.837891 0.041016 0.835938 0.041016 0.833984 0.039062 0.830078 0.039062 0.828125 0.037109
0 0.099609 0.048828 0.091797 0.056641 0.091797 0.058594 0.089844 0.060547 0.087891 0.060547 0.087891 0.064453 0.085938 0.066406 0.085938 0.089844 0.089844 0.093750 0.091797 0.093750 0.093750 0.095703 0.093750 0.097656 0.095703 0.097656 0.101562 0.103516 0.115234 0.103516 0.117188 0.101562 0.121094 0.101562 0.123047 0.099609 0.126953 0.099609 0.134766 0.091797 0.134766 0.089844 0.140625 0.083984 0.140625 0.082031 0.142578 0.080078 0.142578 0.062500 0.138672 0.058594 0.138672 0.056641 0.136719 0.054688 0.134766 0.054688 0.132812 0.052734 0.130859 0.052734 0.128906 0.050781 0.125000 0.050781 0.123047 0.048828
0 0.847656 0.076172 0.845703 0.078125 0.841797 0.078125 0.837891 0.082031 0.833984 0.082031 0.824219 0.091797 0.824219 0.111328 0.826172 0.113281 0.826172 0.115234 0.828125 0.117188 0.828125 0.121094 0.832031 0.125000 0.833984 0.125000 0.835938 0.126953 0.835938 0.128906 0.867188 0.128906 0.867188 0.126953 0.869141 0.125000 0.878906 0.125000 0.880859 0.123047 0.882812 0.123047 0.884766 0.121094 0.886719 0.121094 0.886719 0.119141 0.892578 0.113281 0.892578 0.101562 0.890625 0.099609 0.890625 0.095703 0.884766 0.089844 0.882812 0.089844 0.878906 0.085938 0.876953 0.085938 0.875000 0.083984 0.871094 0.083984 0.867188 0.080078 0.863281 0.080078 0.859375 0.076172
0 0.250000 0.087891 0.248047 0.089844 0.246094 0.089844 0.246094 0.091797 0.242188 0.095703 0.242188 0.097656 0.236328 0.103516 0.236328 0.107422 0.234375 0.109375 0.234375 0.123047 0.238281 0.126953 0.240234 0.126953 0.242188 0.128906 0.246094 0.128906 0.248047 0.130859 0.250000 0.130859 0.251953 0.132812 0.279297 0.132812 0.281250 0.130859 0.283203 0.130859 0.285156 0.128906 0.287109 0.128906 0.287109 0.125000 0.289062 0.123047 0.289062 0.103516 0.283203 0.097656 0.281250 0.097656 0.279297 0.095703 0.277344 0.095703 0.269531 0.087891
0 0.000000 0.107422 0.000000 0.125000 0.001953 0.126953 0.001953 0.148438 0.003906 0.150391 0.003906 0.169922 0.005859 0.171875 0.009766 0.171875 0.011719 0.169922 0.017578 0.169922 0.019531 0.167969 0.023438 0.167969 0.025391 0.166016 0.039062 0.166016 0.042969 0.162109 0.044922 0.162109 0.046875 0.160156 0.046875 0.158203 0.048828 0.156250 0.048828 0.150391 0.050781 0.148438 0.050781 0.140625 0.048828 0.138672 0.048828 0.136719 0.046875 0.134766 0.046875 0.130859 0.042969 0.126953 0.042969 0.125000 0.041016 0.123047 0.041016 0.121094 0.029297 0.109375 0.023438 0.109375 0.021484 0.107422
0 0.990234 0.105469 0.988281 0.107422 0.984375 0.107422 0.978516 0.113281 0.976562 0.113281 0.974609 0.115234 0.974609 0.117188 0.970703 0.121094 0.970703 0.123047 0.966797 0.126953 0.966797 0.144531 0.968750 0.146484 0.968750 0.156250 0.970703 0.158203 0.970703 0.160156 0.974609 0.164062 0.974609 0.166016 0.978516 0.169922 0.980469 0.169922 0.984375 0.173828 0.986328 0.173828 0.986328 0.142578 0.988281 0.140625 0.988281 0.107422
0 0.443359 0.152344 0.437500 0.158203 0.435547 0.158203 0.435547 0.162109 0.433594 0.164062 0.433594 0.199219 0.439453 0.205078 0.441406 0.205078 0.443359 0.207031 0.445312 0.207031 0.447266 0.208984 0.451172 0.208984 0.453125 0.210938 0.484375 0.210938 0.486328 0.208984 0.492188 0.208984 0.494141 0.207031 0.496094 0.207031 0.498047 0.205078 0.500000 0.205078 0.500000 0.203125 0.501953 0.201172 0.501953 0.199219 0.503906 0.197266 0.503906 0.193359 0.505859 0.191406 0.505859 0.175781 0.501953 0.171875 0.501953 0.169922 0.500000 0.167969 0.488281 0.167969 0.486328 0.166016 0.484375 0.166016 0.482422 0.164062 0.480469 0.164062 0.478516 0.162109 0.474609 0.162109 0.472656 0.160156 0.470703 0.160156 0.468750 0.158203 0.466797 0.158203 0.464844 0.156250 0.460938 0.156250 0.458984 0.154297 0.457031 0.154297 0.455078 0.152344
0 0.562500 0.166016 0.560547 0.167969 0.558594 0.167969 0.558594 0.193359 0.562500 0.197266 0.562500 0.199219 0.566406 0.203125 0.566406 0.205078 0.570312 0.205078 0.572266 0.207031 0.578125 0.207031 0.580078 0.208984 0.582031 0.208984 0.583984 0.210938 0.628906 0.210938 0.632812 0.207031 0.634766 0.207031 0.636719 0.205078 0.638672 0.205078 0.638672 0.199219 0.636719 0.197266 0.636719 0.195312 0.634766 0.193359 0.634766 0.191406 0.632812 0.189453 0.630859 0.189453 0.628906 0.187500 0.625000 0.187500 0.623047 0.185547 0.617188 0.185547 0.615234 0.183594 0.613281 0.183594 0.611328 0.181641 0.607422 0.181641 0.605469 0.179688 0.601562 0.179688 0.599609 0.177734 0.595703 0.177734 0.593750 0.175781 0.589844 0.175781 0.587891 0.173828 0.583984 0.173828 0.582031 0.171875 0.578125 0.171875 0.576172 0.169922 0.572266 0.169922 0.570312 0.167969 0.566406 0.167969 0.564453 0.166016
0 0.271484 0.185547 0.265625 0.191406 0.265625 0.199219 0.263672 0.201172 0.263672 0.228516 0.273438 0.238281 0.275391 0.238281 0.279297 0.242188 0.308594 0.242188 0.310547 0.240234 0.318359 0.240234 0.320312 0.238281 0.324219 0.238281 0.326172 0.236328 0.326172 0.234375 0.330078 0.230469 0.330078 0.226562 0.332031 0.224609 0.332031 0.222656 0.333984 0.220703 0.333984 0.207031 0.332031 0.205078 0.330078 0.205078 0.326172 0.201172 0.324219 0.201172 0.318359 0.195312 0.316406 0.195312 0.314453 0.193359 0.310547 0.193359 0.306641 0.189453 0.298828 0.189453 0.296875 0.187500 0.294922 0.187500 0.292969 0.185547
0 0.794922 0.197266 0.789062 0.203125 0.789062 0.205078 0.787109 0.207031 0.787109 0.208984 0.785156 0.210938 0.785156 0.214844 0.781250 0.218750 0.781250 0.222656 0.779297 0.224609 0.779297 0.230469 0.777344 0.232422 0.777344 0.234375 0.775391 0.236328 0.775391 0.246094 0.779297 0.250000 0.781250 0.250000 0.785156 0.253906 0.789062 0.253906 0.792969 0.257812 0.796875 0.257812 0.798828 0.259766 0.818359 0.259766 0.820312 0.257812 0.822266 0.257812 0.824219 0.255859 0.830078 0.255859 0.832031 0.253906 0.833984 0.253906 0.835938 0.251953 0.837891 0.251953 0.841797 0.248047 0.843750 0.248047 0.845703 0.246094 0.845703 0.218750 0.837891 0.210938 0.835938 0.210938 0.833984 0.208984 0.832031 0.208984 0.830078 0.207031 0.828125 0.207031 0.826172 0.205078 0.824219 0.205078 0.822266 0.203125 0.820312 0.203125 0.818359 0.201172 0.816406 0.201172 0.814453 0.199219 0.812500 0.199219 0.810547 0.197266
0 0.617188 0.212891 0.615234 0.214844 0.611328 0.214844 0.609375 0.216797 0.609375 0.218750 0.607422 0.220703 0.607422 0.222656 0.603516 0.226562 0.603516 0.230469 0.601562 0.232422 0.601562 0.236328 0.599609 0.238281 0.599609 0.240234 0.597656 0.242188 0.597656 0.244141 0.599609 0.246094 0.609375 0.246094 0.611328 0.244141 0.613281 0.244141 0.615234 0.242188 0.625000 0.242188 0.626953 0.240234 0.628906 0.240234 0.630859 0.238281 0.634766 0.238281 0.636719 0.236328 0.646484 0.236328 0.650391 0.232422 0.652344 0.232422 0.654297 0.230469 0.660156 0.230469 0.662109 0.228516 0.662109 0.212891
0 0.566406 0.250000 0.562500 0.253906 0.562500 0.269531 0.564453 0.271484 0.566406 0.271484 0.568359 0.273438 0.574219 0.273438 0.576172 0.275391 0.591797 0.275391 0.593750 0.273438 0.595703 0.273438 0.597656 0.271484 0.599609 0.271484 0.599609 0.269531 0.601562 0.267578 0.601562 0.263672 0.603516 0.261719 0.603516 0.255859 0.601562 0.255859 0.597656 0.251953 0.591797 0.251953 0.589844 0.250000
0 0.960938 0.238281 0.958984 0.240234 0.947266 0.240234 0.945312 0.242188 0.943359 0.242188 0.941406 0.244141 0.939453 0.244141 0.933594 0.250000 0.931641 0.250000 0.929688 0.251953 0.929688 0.253906 0.927734 0.255859 0.925781 0.255859 0.923828 0.257812 0.923828 0.259766 0.921875 0.261719 0.921875 0.275391 0.923828 0.277344 0.923828 0.283203 0.937500 0.296875 0.939453 0.296875 0.941406 0.298828 0.943359 0.298828 0.945312 0.300781 0.949219 0.300781 0.953125 0.304688 0.955078 0.304688 0.957031 0.306641 0.962891 0.306641 0.962891 0.304688 0.966797 0.300781 0.966797 0.298828 0.970703 0.294922 0.974609 0.294922 0.976562 0.292969 0.976562 0.291016 0.982422 0.285156 0.984375 0.285156 0.984375 0.283203 0.986328 0.281250 0.988281 0.281250 0.988281 0.279297 0.990234 0.277344 0.990234 0.275391 0.992188 0.273438 0.994141 0.273438 0.998047 0.269531 0.998047 0.251953 0.996094 0.250000 0.996094 0.246094 0.992188 0.242188 0.990234 0.242188 0.988281 0.240234 0.984375 0.240234 0.982422 0.238281
0 0.421875 0.250000 0.417969 0.253906 0.414062 0.253906 0.412109 0.255859 0.412109 0.257812 0.408203 0.261719 0.408203 0.267578 0.406250 0.269531 0.406250 0.271484 0.404297 0.273438 0.404297 0.308594 0.406250 0.310547 0.408203 0.310547 0.410156 0.312500 0.412109 0.312500 0.414062 0.314453 0.416016 0.314453 0.417969 0.316406 0.421875 0.316406 0.423828 0.318359 0.447266 0.318359 0.451172 0.314453 0.453125 0.314453 0.455078 0.312500 0.457031 0.312500 0.458984 0.310547 0.460938 0.310547 0.470703 0.300781 0.472656 0.300781 0.472656 0.298828 0.474609 0.296875 0.474609 0.294922 0.476562 0.292969 0.476562 0.285156 0.474609 0.283203 0.474609 0.281250 0.472656 0.281250 0.468750 0.277344 0.468750 0.275391 0.466797 0.275391 0.464844 0.273438 0.464844 0.271484 0.462891 0.269531 0.462891 0.255859 0.460938 0.253906 0.455078 0.253906 0.453125 0.251953 0.447266 0.251953 0.445312 0.250000
0 0.687500 0.273438 0.685547 0.275391 0.683594 0.275391 0.681641 0.277344 0.679688 0.277344 0.677734 0.279297 0.675781 0.279297 0.673828 0.281250 0.673828 0.302734 0.675781 0.304688 0.675781 0.308594 0.681641 0.314453 0.681641 0.316406 0.683594 0.316406 0.685547 0.318359 0.685547 0.320312 0.687500 0.320312 0.689453 0.322266 0.693359 0.322266 0.697266 0.326172 0.703125 0.326172 0.708984 0.332031 0.714844 0.332031 0.716797 0.330078 0.718750 0.332031 0.718750 0.330078 0.726562 0.322266 0.726562 0.320312 0.730469 0.316406 0.730469 0.294922 0.728516 0.292969 0.728516 0.291016 0.724609 0.287109 0.724609 0.285156 0.716797 0.277344 0.714844 0.277344 0.712891 0.275391 0.710938 0.275391 0.708984 0.273438
0 0.103516 0.285156 0.101562 0.287109 0.091797 0.287109 0.089844 0.289062 0.087891 0.289062 0.085938 0.291016 0.083984 0.291016 0.083984 0.292969 0.080078 0.296875 0.080078 0.298828 0.076172 0.302734 0.076172 0.306641 0.074219 0.308594 0.074219 0.312500 0.072266 0.314453 0.072266 0.332031 0.074219 0.333984 0.074219 0.335938 0.076172 0.337891 0.076172 0.341797 0.080078 0.345703 0.082031 0.345703 0.083984 0.347656 0.085938 0.347656 0.087891 0.349609 0.089844 0.349609 0.091797 0.351562 0.093750 0.351562 0.095703 0.353516 0.109375 0.353516 0.111328 0.355469 0.130859 0.355469 0.134766 0.351562 0.136719 0.351562 0.138672 0.349609 0.138672 0.345703 0.140625 0.343750 0.140625 0.341797 0.142578 0.339844 0.144531 0.339844 0.144531 0.337891 0.146484 0.335938 0.146484 0.300781 0.144531 0.300781 0.138672 0.294922 0.134766 0.294922 0.132812 0.292969 0.128906 0.292969 0.125000 0.289062 0.123047 0.289062 0.121094 0.287109 0.121094 0.285156
0 0.800781 0.310547 0.800781 0.312500 0.798828 0.314453 0.796875 0.314453 0.796875 0.318359 0.794922 0.320312 0.794922 0.345703 0.796875 0.347656 0.798828 0.347656 0.800781 0.349609 0.845703 0.349609 0.845703 0.347656 0.847656 0.345703 0.847656 0.316406 0.843750 0.316406 0.841797 0.314453 0.826172 0.314453 0.824219 0.312500 0.818359 0.312500 0.816406 0.310547
0 0.009766 0.318359 0.007812 0.320312 0.007812 0.337891 0.005859 0.339844 0.005859 0.357422 0.003906 0.359375 0.003906 0.376953 0.001953 0.378906 0.001953 0.394531 0.003906 0.394531 0.007812 0.390625 0.009766 0.390625 0.015625 0.384766 0.017578 0.384766 0.017578 0.382812 0.019531 0.380859 0.019531 0.378906 0.023438 0.375000 0.023438 0.371094 0.025391 0.369141 0.025391 0.363281 0.027344 0.361328 0.027344 0.343750 0.025391 0.341797 0.025391 0.337891 0.023438 0.335938 0.023438 0.333984 0.019531 0.330078 0.019531 0.328125 0.013672 0.322266 0.013672 0.320312 0.011719 0.320312
0 0.246094 0.328125 0.244141 0.330078 0.240234 0.330078 0.234375 0.335938 0.234375 0.337891 0.228516 0.343750 0.228516 0.347656 0.226562 0.349609 0.226562 0.369141 0.228516 0.369141 0.230469 0.371094 0.230469 0.373047 0.232422 0.373047 0.234375 0.375000 0.236328 0.375000 0.238281 0.376953 0.238281 0.380859 0.248047 0.390625 0.250000 0.390625 0.251953 0.392578 0.263672 0.392578 0.265625 0.390625 0.269531 0.390625 0.271484 0.388672 0.273438 0.388672 0.277344 0.384766 0.279297 0.384766 0.281250 0.382812 0.283203 0.382812 0.285156 0.380859 0.287109 0.380859 0.291016 0.376953 0.292969 0.376953 0.292969 0.371094 0.294922 0.369141 0.294922 0.355469 0.292969 0.353516 0.292969 0.351562 0.289062 0.347656 0.289062 0.345703 0.287109 0.343750 0.285156 0.343750 0.279297 0.337891 0.277344 0.337891 0.275391 0.335938 0.273438 0.335938 0.267578 0.330078 0.263672 0.330078 0.261719 0.328125
0 0.330078 0.388672 0.328125 0.390625 0.326172 0.390625 0.320312 0.396484 0.318359 0.396484 0.318359 0.402344 0.320312 0.404297 0.320312 0.412109 0.324219 0.416016 0.324219 0.419922 0.326172 0.421875 0.355469 0.421875 0.363281 0.414062 0.363281 0.412109 0.361328 0.410156 0.361328 0.402344 0.355469 0.396484 0.355469 0.394531 0.353516 0.392578 0.351562 0.392578 0.347656 0.388672
0 0.371094 0.404297 0.369141 0.406250 0.369141 0.412109 0.367188 0.414062 0.365234 0.414062 0.365234 0.419922 0.367188 0.421875 0.367188 0.427734 0.371094 0.431641 0.371094 0.433594 0.373047 0.433594 0.375000 0.435547 0.412109 0.435547 0.414062 0.433594 0.416016 0.433594 0.416016 0.416016 0.410156 0.410156 0.406250 0.410156 0.404297 0.408203 0.398438 0.408203 0.396484 0.406250 0.394531 0.406250 0.392578 0.404297
0 0.574219 0.419922 0.570312 0.423828 0.566406 0.423828 0.562500 0.427734 0.560547 0.427734 0.558594 0.429688 0.556641 0.429688 0.554688 0.431641 0.552734 0.431641 0.554688 0.433594 0.554688 0.435547 0.556641 0.437500 0.556641 0.439453 0.560547 0.443359 0.560547 0.445312 0.562500 0.447266 0.564453 0.447266 0.568359 0.451172 0.570312 0.451172 0.572266 0.453125 0.578125 0.453125 0.580078 0.455078 0.583984 0.455078 0.585938 0.457031 0.634766 0.457031 0.636719 0.455078 0.638672 0.455078 0.642578 0.451172 0.646484 0.451172 0.650391 0.447266 0.650391 0.439453 0.646484 0.435547 0.642578 0.435547 0.640625 0.433594 0.638672 0.433594 0.632812 0.427734 0.625000 0.427734 0.623047 0.425781 0.621094 0.425781 0.619141 0.423828 0.615234 0.423828 0.613281 0.421875 0.605469 0.421875 0.603516 0.419922
0 0.882812 0.410156 0.882812 0.412109 0.876953 0.417969 0.876953 0.419922 0.875000 0.421875 0.873047 0.421875 0.871094 0.423828 0.871094 0.425781 0.867188 0.429688 0.867188 0.431641 0.865234 0.433594 0.865234 0.439453 0.863281 0.441406 0.863281 0.464844 0.869141 0.470703 0.875000 0.470703 0.876953 0.472656 0.906250 0.472656 0.916016 0.462891 0.916016 0.460938 0.919922 0.457031 0.919922 0.455078 0.921875 0.453125 0.921875 0.451172 0.925781 0.447266 0.925781 0.443359 0.927734 0.441406 0.927734 0.429688 0.925781 0.427734 0.925781 0.421875 0.923828 0.419922 0.921875 0.419922 0.917969 0.416016 0.916016 0.416016 0.914062 0.414062 0.904297 0.414062 0.902344 0.412109 0.894531 0.412109 0.892578 0.410156
0 0.082031 0.419922 0.082031 0.421875 0.076172 0.427734 0.074219 0.427734 0.074219 0.429688 0.070312 0.433594 0.068359 0.433594 0.068359 0.435547 0.066406 0.437500 0.066406 0.439453 0.064453 0.441406 0.064453 0.449219 0.066406 0.451172 0.066406 0.453125 0.068359 0.455078 0.068359 0.457031 0.070312 0.458984 0.070312 0.460938 0.072266 0.462891 0.076172 0.462891 0.078125 0.460938 0.080078 0.460938 0.082031 0.458984 0.083984 0.458984 0.087891 0.455078 0.089844 0.455078 0.097656 0.447266 0.097656 0.445312 0.099609 0.443359 0.099609 0.425781 0.097656 0.423828 0.093750 0.423828 0.091797 0.421875 0.089844 0.421875 0.087891 0.419922
0 0.441406 0.425781 0.439453 0.427734 0.437500 0.427734 0.437500 0.429688 0.435547 0.431641 0.435547 0.443359 0.437500 0.445312 0.437500 0.447266 0.439453 0.449219 0.439453 0.453125 0.443359 0.457031 0.443359 0.458984 0.445312 0.460938 0.445312 0.462891 0.447266 0.464844 0.458984 0.464844 0.462891 0.468750 0.470703 0.460938 0.470703 0.458984 0.474609 0.455078 0.474609 0.441406 0.472656 0.439453 0.472656 0.435547 0.470703 0.433594 0.470703 0.431641 0.464844 0.425781
0 0.490234 0.445312 0.488281 0.447266 0.486328 0.447266 0.484375 0.449219 0.484375 0.462891 0.511719 0.462891 0.513672 0.464844 0.513672 0.466797 0.517578 0.466797 0.519531 0.468750 0.523438 0.468750 0.525391 0.470703 0.527344 0.470703 0.529297 0.472656 0.531250 0.472656 0.533203 0.474609 0.537109 0.474609 0.541016 0.478516 0.554688 0.478516 0.556641 0.476562 0.556641 0.466797 0.550781 0.460938 0.546875 0.460938 0.544922 0.458984 0.542969 0.458984 0.539062 0.455078 0.535156 0.455078 0.529297 0.449219 0.525391 0.449219 0.523438 0.447266 0.507812 0.447266 0.505859 0.445312
0 0.199219 0.437500 0.197266 0.439453 0.195312 0.439453 0.193359 0.441406 0.193359 0.445312 0.191406 0.447266 0.189453 0.447266 0.187500 0.449219 0.187500 0.453125 0.185547 0.455078 0.185547 0.457031 0.181641 0.460938 0.181641 0.476562 0.183594 0.478516 0.183594 0.480469 0.187500 0.484375 0.187500 0.486328 0.195312 0.494141 0.199219 0.494141 0.201172 0.496094 0.205078 0.496094 0.207031 0.498047 0.214844 0.498047 0.216797 0.500000 0.222656 0.500000 0.224609 0.501953 0.246094 0.501953 0.250000 0.498047 0.251953 0.498047 0.253906 0.496094 0.255859 0.496094 0.259766 0.492188 0.261719 0.492188 0.263672 0.490234 0.263672 0.488281 0.265625 0.486328 0.265625 0.462891 0.263672 0.460938 0.263672 0.457031 0.261719 0.457031 0.259766 0.455078 0.259766 0.453125 0.253906 0.447266 0.253906 0.445312 0.250000 0.445312 0.248047 0.443359 0.248047 0.441406 0.244141 0.441406 0.242188 0.439453 0.236328 0.439453 0.234375 0.437500
0 0.802734 0.480469 0.800781 0.482422 0.798828 0.482422 0.794922 0.486328 0.794922 0.501953 0.796875 0.503906 0.796875 0.509766 0.798828 0.511719 0.798828 0.515625 0.802734 0.519531 0.802734 0.521484 0.806641 0.525391 0.806641 0.527344 0.810547 0.531250 0.812500 0.531250 0.816406 0.535156 0.822266 0.535156 0.820312 0.533203 0.822266 0.531250 0.830078 0.531250 0.832031 0.529297 0.845703 0.529297 0.847656 0.527344 0.849609 0.527344 0.851562 0.525391 0.851562 0.521484 0.853516 0.519531 0.853516 0.509766 0.851562 0.507812 0.851562 0.503906 0.849609 0.501953 0.849609 0.500000 0.843750 0.494141 0.841797 0.494141 0.839844 0.492188 0.839844 0.490234 0.837891 0.490234 0.835938 0.488281 0.833984 0.488281 0.832031 0.486328 0.830078 0.486328 0.826172 0.482422 0.824219 0.482422 0.822266 0.480469
0 0.455078 0.494141 0.453125 0.496094 0.451172 0.496094 0.447266 0.500000 0.447266 0.501953 0.443359 0.505859 0.443359 0.511719 0.441406 0.513672 0.441406 0.523438 0.443359 0.525391 0.443359 0.527344 0.447266 0.531250 0.447266 0.533203 0.451172 0.537109 0.498047 0.537109 0.500000 0.539062 0.509766 0.529297 0.509766 0.525391 0.511719 0.523438 0.511719 0.519531 0.513672 0.517578 0.513672 0.507812 0.511719 0.505859 0.509766 0.505859 0.507812 0.503906 0.503906 0.503906 0.501953 0.501953 0.498047 0.501953 0.496094 0.500000 0.494141 0.500000 0.490234 0.496094 0.488281 0.496094 0.486328 0.494141
0 0.728516 0.500000 0.726562 0.501953 0.722656 0.501953 0.720703 0.503906 0.714844 0.503906 0.712891 0.505859 0.710938 0.505859 0.707031 0.509766 0.705078 0.509766 0.705078 0.525391 0.707031 0.527344 0.707031 0.533203 0.710938 0.537109 0.710938 0.539062 0.718750 0.546875 0.718750 0.548828 0.722656 0.552734 0.724609 0.552734 0.726562 0.554688 0.728516 0.554688 0.732422 0.558594 0.748047 0.558594 0.750000 0.556641 0.753906 0.556641 0.755859 0.554688 0.759766 0.554688 0.761719 0.552734 0.763672 0.552734 0.769531 0.546875 0.771484 0.546875 0.773438 0.544922 0.773438 0.541016 0.775391 0.539062 0.775391 0.521484 0.771484 0.517578 0.771484 0.515625 0.769531 0.513672 0.767578 0.513672 0.761719 0.507812 0.757812 0.507812 0.751953 0.501953 0.750000 0.501953 0.748047 0.500000
0 0.980469 0.507812 0.976562 0.511719 0.976562 0.537109 0.978516 0.539062 0.978516 0.544922 0.980469 0.546875 0.980469 0.548828 0.982422 0.550781 0.982422 0.552734 0.984375 0.552734 0.988281 0.556641 0.990234 0.556641 0.994141 0.560547 0.994141 0.507812
0 0.449219 0.539062 0.447266 0.541016 0.445312 0.541016 0.443359 0.542969 0.443359 0.562500 0.445312 0.564453 0.445312 0.568359 0.447266 0.570312 0.449219 0.570312 0.453125 0.574219 0.455078 0.574219 0.457031 0.576172 0.464844 0.576172 0.466797 0.578125 0.474609 0.578125 0.476562 0.580078 0.484375 0.580078 0.486328 0.578125 0.494141 0.578125 0.498047 0.574219 0.501953 0.574219 0.501953 0.572266 0.507812 0.566406 0.507812 0.562500 0.509766 0.560547 0.509766 0.550781 0.503906 0.544922 0.503906 0.542969 0.501953 0.542969 0.498047 0.539062
0 0.107422 0.525391 0.107422 0.527344 0.103516 0.531250 0.099609 0.531250 0.089844 0.541016 0.087891 0.541016 0.085938 0.542969 0.085938 0.544922 0.083984 0.546875 0.083984 0.548828 0.082031 0.550781 0.082031 0.552734 0.080078 0.554688 0.080078 0.556641 0.078125 0.558594 0.078125 0.570312 0.085938 0.578125 0.085938 0.580078 0.089844 0.583984 0.091797 0.583984 0.095703 0.587891 0.097656 0.587891 0.099609 0.589844 0.101562 0.589844 0.105469 0.593750 0.107422 0.593750 0.109375 0.595703 0.111328 0.595703 0.113281 0.597656 0.125000 0.597656 0.126953 0.595703 0.128906 0.595703 0.130859 0.593750 0.136719 0.593750 0.138672 0.591797 0.140625 0.591797 0.140625 0.589844 0.146484 0.583984 0.148438 0.583984 0.148438 0.582031 0.152344 0.578125 0.152344 0.576172 0.154297 0.574219 0.154297 0.568359 0.156250 0.566406 0.156250 0.564453 0.158203 0.562500 0.158203 0.548828 0.154297 0.544922 0.154297 0.542969 0.146484 0.535156 0.144531 0.535156 0.140625 0.531250 0.138672 0.531250 0.136719 0.529297 0.119141 0.529297 0.117188 0.527344 0.113281 0.527344 0.111328 0.525391
0 0.322266 0.597656 0.320312 0.599609 0.318359 0.599609 0.316406 0.601562 0.316406 0.603516 0.314453 0.605469 0.314453 0.607422 0.312500 0.609375 0.312500 0.611328 0.310547 0.613281 0.310547 0.619141 0.312500 0.619141 0.316406 0.623047 0.320312 0.623047 0.322266 0.625000 0.330078 0.625000 0.332031 0.626953 0.343750 0.626953 0.345703 0.625000 0.347656 0.625000 0.349609 0.623047 0.351562 0.623047 0.351562 0.621094 0.353516 0.619141 0.353516 0.617188 0.355469 0.615234 0.355469 0.607422 0.353516 0.605469 0.353516 0.603516 0.351562 0.601562 0.351562 0.599609 0.349609 0.597656
0 0.628906 0.585938 0.625000 0.589844 0.623047 0.589844 0.623047 0.591797 0.617188 0.597656 0.617188 0.599609 0.615234 0.601562 0.615234 0.607422 0.613281 0.609375 0.613281 0.630859 0.615234 0.632812 0.615234 0.634766 0.621094 0.640625 0.621094 0.642578 0.626953 0.648438 0.626953 0.650391 0.630859 0.654297 0.632812 0.654297 0.634766 0.656250 0.636719 0.656250 0.638672 0.658203 0.650391 0.658203 0.654297 0.654297 0.656250 0.654297 0.660156 0.650391 0.662109 0.650391 0.664062 0.648438 0.666016 0.648438 0.669922 0.644531 0.671875 0.644531 0.671875 0.642578 0.673828 0.640625 0.673828 0.636719 0.675781 0.634766 0.675781 0.630859 0.677734 0.628906 0.679688 0.628906 0.679688 0.621094 0.681641 0.619141 0.681641 0.603516 0.679688 0.603516 0.677734 0.601562 0.675781 0.601562 0.671875 0.597656 0.669922 0.597656 0.666016 0.593750 0.664062 0.593750 0.662109 0.591797 0.660156 0.591797 0.656250 0.587891 0.654297 0.587891 0.652344 0.585938
0 0.855469 0.646484 0.851562 0.650391 0.849609 0.650391 0.847656 0.652344 0.847656 0.654297 0.837891 0.664062 0.835938 0.664062 0.835938 0.666016 0.820312 0.681641 0.820312 0.683594 0.818359 0.685547 0.818359 0.689453 0.814453 0.693359 0.814453 0.703125 0.816406 0.703125 0.820312 0.707031 0.822266 0.707031 0.824219 0.708984 0.837891 0.708984 0.841797 0.705078 0.841797 0.703125 0.843750 0.701172 0.843750 0.699219 0.845703 0.697266 0.847656 0.697266 0.849609 0.695312 0.849609 0.693359 0.851562 0.691406 0.851562 0.689453 0.859375 0.681641 0.861328 0.681641 0.861328 0.679688 0.865234 0.675781 0.865234 0.673828 0.869141 0.669922 0.869141 0.666016 0.871094 0.664062 0.871094 0.654297 0.869141 0.654297 0.867188 0.652344 0.865234 0.652344 0.861328 0.648438 0.859375 0.648438 0.857422 0.646484
0 0.261719 0.660156 0.259766 0.662109 0.257812 0.662109 0.255859 0.664062 0.251953 0.664062 0.246094 0.669922 0.246094 0.675781 0.244141 0.677734 0.244141 0.697266 0.248047 0.701172 0.248047 0.703125 0.250000 0.705078 0.250000 0.707031 0.251953 0.707031 0.253906 0.708984 0.253906 0.710938 0.255859 0.712891 0.255859 0.714844 0.257812 0.716797 0.259766 0.716797 0.261719 0.718750 0.261719 0.720703 0.263672 0.722656 0.267578 0.722656 0.271484 0.726562 0.298828 0.726562 0.306641 0.718750 0.308594 0.718750 0.308594 0.716797 0.314453 0.710938 0.314453 0.708984 0.316406 0.707031 0.316406 0.703125 0.318359 0.701172 0.318359 0.695312 0.320312 0.693359 0.320312 0.683594 0.318359 0.681641 0.318359 0.679688 0.316406 0.677734 0.316406 0.675781 0.314453 0.675781 0.310547 0.671875 0.308594 0.671875 0.306641 0.669922 0.302734 0.669922 0.300781 0.667969 0.296875 0.667969 0.294922 0.666016 0.292969 0.666016 0.291016 0.664062 0.287109 0.664062 0.285156 0.662109 0.281250 0.662109 0.279297 0.660156
0 0.093750 0.664062 0.091797 0.666016 0.085938 0.666016 0.083984 0.667969 0.083984 0.669922 0.078125 0.675781 0.078125 0.677734 0.072266 0.683594 0.072266 0.685547 0.068359 0.689453 0.064453 0.689453 0.058594 0.695312 0.054688 0.695312 0.054688 0.697266 0.052734 0.699219 0.052734 0.708984 0.064453 0.720703 0.064453 0.724609 0.066406 0.726562 0.093750 0.726562 0.097656 0.722656 0.099609 0.722656 0.099609 0.720703 0.101562 0.718750 0.101562 0.716797 0.103516 0.714844 0.105469 0.714844 0.105469 0.712891 0.107422 0.710938 0.107422 0.707031 0.111328 0.703125 0.113281 0.703125 0.113281 0.699219 0.115234 0.697266 0.115234 0.695312 0.117188 0.693359 0.117188 0.689453 0.119141 0.687500 0.119141 0.675781 0.117188 0.673828 0.117188 0.669922 0.113281 0.666016 0.113281 0.664062
0 0.437500 0.666016 0.435547 0.667969 0.435547 0.669922 0.433594 0.671875 0.433594 0.673828 0.431641 0.675781 0.431641 0.693359 0.433594 0.695312 0.433594 0.701172 0.435547 0.703125 0.435547 0.707031 0.437500 0.708984 0.437500 0.710938 0.443359 0.716797 0.443359 0.718750 0.445312 0.720703 0.447266 0.720703 0.451172 0.724609 0.455078 0.724609 0.457031 0.726562 0.460938 0.726562 0.464844 0.730469 0.466797 0.730469 0.468750 0.732422 0.492188 0.732422 0.494141 0.730469 0.496094 0.730469 0.500000 0.726562 0.501953 0.726562 0.503906 0.724609 0.505859 0.724609 0.511719 0.718750 0.511719 0.716797 0.513672 0.714844 0.515625 0.714844 0.515625 0.701172 0.513672 0.699219 0.513672 0.697266 0.509766 0.693359 0.509766 0.687500 0.507812 0.685547 0.505859 0.685547 0.503906 0.683594 0.501953 0.683594 0.500000 0.681641 0.498047 0.681641 0.496094 0.679688 0.494141 0.679688 0.492188 0.677734 0.486328 0.677734 0.484375 0.675781 0.478516 0.675781 0.474609 0.671875 0.472656 0.671875 0.470703 0.669922 0.468750 0.669922 0.466797 0.667969 0.464844 0.667969 0.462891 0.666016
0 0.000000 0.685547 0.000000 0.701172 0.001953 0.703125 0.001953 0.722656 0.003906 0.724609 0.003906 0.726562 0.013672 0.726562 0.015625 0.724609 0.021484 0.724609 0.025391 0.720703 0.027344 0.720703 0.027344 0.708984 0.025391 0.707031 0.025391 0.703125 0.023438 0.701172 0.023438 0.697266 0.019531 0.693359 0.017578 0.693359 0.011719 0.687500 0.007812 0.687500 0.005859 0.685547
0 0.570312 0.691406 0.564453 0.697266 0.562500 0.697266 0.554688 0.705078 0.554688 0.707031 0.550781 0.710938 0.550781 0.728516 0.554688 0.732422 0.554688 0.736328 0.556641 0.736328 0.558594 0.738281 0.562500 0.738281 0.566406 0.742188 0.568359 0.742188 0.570312 0.744141 0.582031 0.744141 0.583984 0.742188 0.597656 0.742188 0.599609 0.740234 0.601562 0.740234 0.605469 0.736328 0.607422 0.736328 0.609375 0.734375 0.611328 0.734375 0.619141 0.726562 0.619141 0.724609 0.621094 0.722656 0.621094 0.712891 0.617188 0.708984 0.617188 0.707031 0.605469 0.695312 0.603516 0.695312 0.601562 0.693359 0.599609 0.693359 0.597656 0.691406
0 0.953125 0.697266 0.951172 0.699219 0.949219 0.699219 0.943359 0.705078 0.943359 0.707031 0.941406 0.708984 0.941406 0.710938 0.939453 0.712891 0.939453 0.742188 0.941406 0.744141 0.941406 0.748047 0.945312 0.748047 0.947266 0.750000 0.947266 0.751953 0.951172 0.751953 0.955078 0.755859 0.962891 0.755859 0.964844 0.757812 0.966797 0.757812 0.968750 0.759766 0.998047 0.759766 0.998047 0.757812 0.996094 0.755859 0.996094 0.748047 0.994141 0.746094 0.994141 0.740234 0.992188 0.738281 0.992188 0.730469 0.990234 0.728516 0.990234 0.720703 0.988281 0.718750 0.988281 0.712891 0.986328 0.710938 0.986328 0.703125 0.984375 0.701172 0.982422 0.701172 0.980469 0.699219 0.974609 0.699219 0.972656 0.697266
0 0.865234 0.712891 0.863281 0.714844 0.863281 0.736328 0.869141 0.742188 0.869141 0.744141 0.873047 0.748047 0.873047 0.750000 0.875000 0.750000 0.876953 0.751953 0.878906 0.751953 0.880859 0.753906 0.888672 0.753906 0.888672 0.738281 0.886719 0.736328 0.886719 0.734375 0.884766 0.734375 0.880859 0.730469 0.880859 0.728516 0.878906 0.726562 0.878906 0.724609 0.876953 0.722656 0.876953 0.720703 0.875000 0.718750 0.875000 0.714844 0.869141 0.714844 0.867188 0.712891
0 0.146484 0.714844 0.144531 0.716797 0.140625 0.716797 0.136719 0.720703 0.130859 0.720703 0.126953 0.724609 0.125000 0.724609 0.125000 0.726562 0.123047 0.728516 0.123047 0.730469 0.119141 0.734375 0.119141 0.740234 0.117188 0.742188 0.117188 0.761719 0.121094 0.765625 0.121094 0.767578 0.125000 0.771484 0.125000 0.773438 0.126953 0.775391 0.128906 0.775391 0.130859 0.777344 0.138672 0.777344 0.140625 0.779297 0.158203 0.779297 0.160156 0.777344 0.162109 0.777344 0.162109 0.775391 0.167969 0.769531 0.169922 0.769531 0.169922 0.765625 0.171875 0.763672 0.173828 0.763672 0.179688 0.757812 0.181641 0.757812 0.183594 0.755859 0.183594 0.753906 0.189453 0.748047 0.189453 0.744141 0.191406 0.742188 0.191406 0.730469 0.189453 0.728516 0.187500 0.728516 0.185547 0.726562 0.181641 0.726562 0.179688 0.724609 0.177734 0.724609 0.175781 0.722656 0.171875 0.722656 0.169922 0.720703 0.166016 0.720703 0.164062 0.718750 0.162109 0.718750 0.160156 0.716797 0.156250 0.716797 0.154297 0.714844
0 0.554688 0.761719 0.552734 0.763672 0.550781 0.763672 0.548828 0.765625 0.548828 0.773438 0.546875 0.775391 0.546875 0.789062 0.548828 0.789062 0.554688 0.794922 0.593750 0.794922 0.595703 0.792969 0.595703 0.785156 0.593750 0.783203 0.593750 0.781250 0.589844 0.777344 0.589844 0.775391 0.587891 0.773438 0.585938 0.773438 0.583984 0.771484 0.582031 0.771484 0.580078 0.769531 0.578125 0.769531 0.576172 0.767578 0.572266 0.767578 0.566406 0.761719
0 0.509766 0.759766 0.501953 0.767578 0.500000 0.767578 0.494141 0.773438 0.494141 0.798828 0.498047 0.802734 0.500000 0.802734 0.503906 0.806641 0.507812 0.806641 0.507812 0.804688 0.513672 0.798828 0.513672 0.794922 0.515625 0.792969 0.517578 0.792969 0.517578 0.791016 0.525391 0.783203 0.527344 0.783203 0.527344 0.771484 0.525391 0.769531 0.525391 0.767578 0.521484 0.763672 0.521484 0.761719 0.519531 0.759766
0 0.328125 0.779297 0.326172 0.781250 0.322266 0.781250 0.320312 0.783203 0.318359 0.783203 0.312500 0.789062 0.310547 0.789062 0.310547 0.791016 0.308594 0.792969 0.306641 0.792969 0.304688 0.794922 0.304688 0.798828 0.302734 0.800781 0.302734 0.814453 0.306641 0.818359 0.306641 0.820312 0.310547 0.824219 0.310547 0.826172 0.316406 0.832031 0.316406 0.833984 0.318359 0.833984 0.322266 0.837891 0.326172 0.837891 0.328125 0.839844 0.345703 0.839844 0.347656 0.837891 0.349609 0.837891 0.363281 0.824219 0.367188 0.824219 0.369141 0.822266 0.373047 0.822266 0.375000 0.820312 0.376953 0.820312 0.376953 0.814453 0.378906 0.812500 0.378906 0.802734 0.375000 0.798828 0.375000 0.796875 0.371094 0.792969 0.371094 0.791016 0.367188 0.787109 0.363281 0.787109 0.361328 0.785156 0.355469 0.785156 0.353516 0.783203 0.345703 0.783203 0.343750 0.781250 0.337891 0.781250 0.335938 0.779297
0 0.455078 0.802734 0.453125 0.804688 0.447266 0.804688 0.443359 0.808594 0.441406 0.808594 0.439453 0.810547 0.437500 0.810547 0.437500 0.820312 0.449219 0.832031 0.449219 0.833984 0.453125 0.833984 0.457031 0.837891 0.460938 0.837891 0.462891 0.839844 0.462891 0.841797 0.474609 0.841797 0.474609 0.837891 0.478516 0.833984 0.478516 0.832031 0.484375 0.826172 0.484375 0.810547 0.478516 0.804688 0.478516 0.802734
0 0.718750 0.806641 0.716797 0.808594 0.710938 0.808594 0.708984 0.810547 0.708984 0.812500 0.707031 0.814453 0.707031 0.824219 0.708984 0.826172 0.708984 0.833984 0.712891 0.837891 0.712891 0.839844 0.714844 0.841797 0.714844 0.843750 0.716797 0.843750 0.720703 0.847656 0.726562 0.847656 0.726562 0.843750 0.728516 0.841797 0.736328 0.841797 0.738281 0.839844 0.750000 0.839844 0.751953 0.837891 0.751953 0.826172 0.750000 0.824219 0.750000 0.822266 0.748047 0.820312 0.748047 0.818359 0.746094 0.816406 0.744141 0.816406 0.742188 0.814453 0.740234 0.814453 0.736328 0.810547 0.732422 0.810547 0.728516 0.806641
0 0.523438 0.826172 0.519531 0.830078 0.517578 0.830078 0.517578 0.839844 0.515625 0.841797 0.515625 0.869141 0.517578 0.869141 0.519531 0.871094 0.521484 0.871094 0.523438 0.873047 0.529297 0.873047 0.531250 0.875000 0.550781 0.875000 0.550781 0.873047 0.552734 0.871094 0.554688 0.871094 0.554688 0.869141 0.556641 0.867188 0.556641 0.863281 0.558594 0.861328 0.558594 0.843750 0.544922 0.830078 0.542969 0.830078 0.541016 0.828125 0.535156 0.828125 0.533203 0.826172
0 0.414062 0.833984 0.414062 0.835938 0.412109 0.837891 0.412109 0.843750 0.410156 0.845703 0.410156 0.857422 0.412109 0.859375 0.414062 0.859375 0.416016 0.861328 0.417969 0.861328 0.421875 0.865234 0.425781 0.865234 0.427734 0.867188 0.435547 0.867188 0.437500 0.869141 0.437500 0.871094 0.443359 0.871094 0.451172 0.878906 0.451172 0.880859 0.455078 0.884766 0.455078 0.886719 0.458984 0.886719 0.460938 0.888672 0.472656 0.888672 0.474609 0.886719 0.474609 0.878906 0.470703 0.875000 0.468750 0.875000 0.460938 0.867188 0.460938 0.865234 0.458984 0.865234 0.457031 0.863281 0.457031 0.861328 0.455078 0.859375 0.455078 0.853516 0.453125 0.851562 0.453125 0.849609 0.449219 0.845703 0.449219 0.841797 0.441406 0.833984
0 0.044922 0.837891 0.041016 0.841797 0.039062 0.841797 0.037109 0.843750 0.037109 0.849609 0.033203 0.853516 0.033203 0.861328 0.035156 0.863281 0.035156 0.873047 0.041016 0.873047 0.042969 0.875000 0.044922 0.875000 0.048828 0.878906 0.050781 0.878906 0.052734 0.880859 0.058594 0.880859 0.060547 0.882812 0.060547 0.884766 0.072266 0.884766 0.074219 0.886719 0.076172 0.886719 0.076172 0.884766 0.078125 0.882812 0.078125 0.865234 0.080078 0.863281 0.080078 0.861328 0.083984 0.857422 0.087891 0.857422 0.085938 0.855469 0.085938 0.853516 0.082031 0.849609 0.082031 0.847656 0.074219 0.839844 0.070312 0.839844 0.068359 0.837891
0 0.224609 0.837891 0.222656 0.839844 0.214844 0.839844 0.214844 0.841797 0.212891 0.843750 0.208984 0.843750 0.207031 0.845703 0.205078 0.845703 0.205078 0.847656 0.201172 0.851562 0.201172 0.886719 0.203125 0.888672 0.203125 0.892578 0.205078 0.892578 0.207031 0.894531 0.207031 0.896484 0.208984 0.898438 0.212891 0.898438 0.214844 0.900391 0.244141 0.900391 0.248047 0.896484 0.251953 0.896484 0.253906 0.894531 0.259766 0.894531 0.261719 0.892578 0.261719 0.890625 0.265625 0.886719 0.265625 0.849609 0.263672 0.849609 0.261719 0.847656 0.259766 0.847656 0.257812 0.845703 0.253906 0.845703 0.251953 0.843750 0.248047 0.843750 0.246094 0.841797 0.242188 0.841797 0.240234 0.839844 0.236328 0.839844 0.234375 0.837891
0 0.083984 0.859375 0.082031 0.861328 0.082031 0.863281 0.080078 0.865234 0.080078 0.882812 0.078125 0.884766 0.078125 0.900391 0.080078 0.902344 0.082031 0.902344 0.083984 0.904297 0.085938 0.904297 0.091797 0.910156 0.115234 0.910156 0.117188 0.908203 0.121094 0.908203 0.125000 0.904297 0.125000 0.900391 0.126953 0.898438 0.126953 0.886719 0.125000 0.884766 0.125000 0.882812 0.123047 0.880859 0.123047 0.875000 0.121094 0.873047 0.121094 0.871094 0.119141 0.869141 0.119141 0.867188 0.117188 0.867188 0.113281 0.863281 0.111328 0.863281 0.107422 0.859375
0 0.341797 0.878906 0.337891 0.882812 0.335938 0.882812 0.330078 0.888672 0.328125 0.888672 0.326172 0.890625 0.326172 0.892578 0.322266 0.896484 0.322266 0.900391 0.320312 0.902344 0.320312 0.906250 0.369141 0.906250 0.369141 0.902344 0.371094 0.900391 0.371094 0.886719 0.369141 0.884766 0.369141 0.882812 0.367188 0.882812 0.365234 0.880859 0.363281 0.880859 0.361328 0.878906
0 0.593750 0.867188 0.591797 0.869141 0.585938 0.869141 0.583984 0.871094 0.580078 0.871094 0.578125 0.873047 0.576172 0.873047 0.572266 0.876953 0.570312 0.876953 0.568359 0.878906 0.568359 0.884766 0.566406 0.886719 0.566406 0.890625 0.564453 0.892578 0.564453 0.914062 0.566406 0.916016 0.566406 0.919922 0.568359 0.921875 0.568359 0.927734 0.568359 0.921875 0.570312 0.919922 0.576172 0.919922 0.576172 0.917969 0.578125 0.916016 0.580078 0.916016 0.583984 0.912109 0.585938 0.912109 0.587891 0.910156 0.593750 0.910156 0.593750 0.908203 0.595703 0.906250 0.597656 0.906250 0.599609 0.904297 0.603516 0.904297 0.607422 0.900391 0.609375 0.900391 0.613281 0.896484 0.615234 0.896484 0.619141 0.892578 0.623047 0.892578 0.628906 0.886719 0.628906 0.884766 0.630859 0.882812 0.630859 0.878906 0.628906 0.876953 0.628906 0.875000 0.626953 0.873047 0.623047 0.873047 0.619141 0.869141 0.615234 0.869141 0.613281 0.867188
0 0.800781 0.898438 0.796875 0.902344 0.796875 0.906250 0.794922 0.908203 0.794922 0.916016 0.796875 0.917969 0.796875 0.919922 0.802734 0.925781 0.802734 0.927734 0.806641 0.927734 0.808594 0.929688 0.839844 0.929688 0.841797 0.927734 0.845703 0.927734 0.847656 0.925781 0.849609 0.925781 0.851562 0.923828 0.853516 0.923828 0.853516 0.914062 0.851562 0.912109 0.851562 0.910156 0.849609 0.908203 0.849609 0.906250 0.851562 0.904297 0.851562 0.902344 0.849609 0.900391 0.841797 0.900391 0.839844 0.898438
0 0.222656 0.916016 0.220703 0.917969 0.220703 0.919922 0.216797 0.923828 0.216797 0.933594 0.226562 0.943359 0.232422 0.943359 0.234375 0.945312 0.259766 0.945312 0.261719 0.943359 0.261719 0.941406 0.263672 0.939453 0.265625 0.939453 0.265625 0.925781 0.255859 0.916016
0 0.486328 0.921875 0.482422 0.925781 0.482422 0.927734 0.480469 0.929688 0.480469 0.941406 0.488281 0.949219 0.490234 0.949219 0.492188 0.951172 0.494141 0.951172 0.498047 0.955078 0.501953 0.955078 0.505859 0.958984 0.511719 0.958984 0.513672 0.960938 0.527344 0.960938 0.531250 0.957031 0.535156 0.957031 0.537109 0.955078 0.537109 0.953125 0.539062 0.951172 0.539062 0.949219 0.541016 0.947266 0.541016 0.937500 0.539062 0.935547 0.539062 0.933594 0.537109 0.931641 0.535156 0.931641 0.533203 0.929688 0.529297 0.929688 0.527344 0.927734 0.525391 0.927734 0.523438 0.925781 0.521484 0.925781 0.519531 0.923828 0.515625 0.923828 0.513672 0.921875
0 0.003906 0.935547 0.003906 0.943359 0.005859 0.945312 0.005859 0.957031 0.007812 0.958984 0.007812 0.970703 0.009766 0.972656 0.009766 0.982422 0.011719 0.984375 0.011719 0.996094 0.013672 0.998047 0.033203 0.998047 0.035156 0.996094 0.035156 0.982422 0.037109 0.980469 0.037109 0.962891 0.035156 0.960938 0.035156 0.955078 0.033203 0.955078 0.031250 0.953125 0.031250 0.951172 0.027344 0.947266 0.025391 0.947266 0.021484 0.943359 0.019531 0.943359 0.015625 0.939453 0.015625 0.937500 0.011719 0.937500 0.009766 0.935547
0 0.884766 0.933594 0.882812 0.935547 0.878906 0.935547 0.873047 0.941406 0.871094 0.941406 0.871094 0.943359 0.865234 0.949219 0.865234 0.951172 0.863281 0.953125 0.863281 0.955078 0.859375 0.958984 0.857422 0.958984 0.857422 0.962891 0.855469 0.964844 0.855469 0.972656 0.851562 0.976562 0.851562 0.978516 0.849609 0.980469 0.849609 0.982422 0.847656 0.984375 0.847656 0.988281 0.855469 0.988281 0.857422 0.990234 0.865234 0.990234 0.867188 0.992188 0.875000 0.992188 0.876953 0.994141 0.886719 0.994141 0.888672 0.996094 0.896484 0.996094 0.898438 0.998047 0.900391 0.998047 0.900391 0.996094 0.902344 0.994141 0.902344 0.992188 0.904297 0.990234 0.904297 0.982422 0.906250 0.980469 0.906250 0.974609 0.910156 0.970703 0.910156 0.949219 0.908203 0.947266 0.908203 0.943359 0.906250 0.941406 0.906250 0.939453 0.902344 0.935547 0.900391 0.935547 0.898438 0.933594
0 0.126953 0.968750 0.125000 0.970703 0.123047 0.970703 0.121094 0.972656 0.117188 0.972656 0.115234 0.974609 0.113281 0.974609 0.113281 0.976562 0.111328 0.978516 0.111328 0.992188 0.136719 0.992188 0.138672 0.994141 0.166016 0.994141 0.167969 0.996094 0.169922 0.996094 0.169922 0.988281 0.167969 0.986328 0.167969 0.982422 0.166016 0.982422 0.164062 0.980469 0.164062 0.978516 0.162109 0.978516 0.160156 0.976562 0.158203 0.976562 0.156250 0.974609 0.154297 0.974609 0.150391 0.970703 0.146484 0.970703 0.144531 0.968750
0 0.927734 0.990234 0.925781 0.992188 0.921875 0.992188 0.917969 0.996094 0.953125 0.996094 0.955078 0.998047 0.958984 0.998047 0.955078 0.994141 0.953125 0.994141 0.951172 0.992188 0.951172 0.990234
