0 0.123047 0.117188 0.125000 0.117188 0.126953 0.119141 0.125000 0.117188
0 0.107422 0.078125 0.107422 0.080078 0.103516 0.083984 0.103516 0.087891 0.101562 0.089844 0.101562 0.105469 0.103516 0.105469 0.105469 0.107422 0.107422 0.107422 0.109375 0.109375 0.113281 0.109375 0.115234 0.111328 0.115234 0.113281 0.117188 0.113281 0.119141 0.115234 0.117188 0.113281 0.119141 0.111328 0.123047 0.111328 0.125000 0.109375 0.128906 0.109375 0.130859 0.107422 0.132812 0.107422 0.136719 0.103516 0.138672 0.103516 0.140625 0.101562 0.140625 0.089844 0.138672 0.087891 0.138672 0.085938 0.134766 0.082031 0.128906 0.082031 0.126953 0.080078 0.121094 0.080078 0.119141 0.078125
0 0.376953 0.093750 0.376953 0.095703 0.373047 0.099609 0.371094 0.099609 0.369141 0.101562 0.371094 0.103516 0.367188 0.107422 0.365234 0.105469 0.363281 0.105469 0.363281 0.113281 0.361328 0.115234 0.361328 0.123047 0.363281 0.125000 0.363281 0.128906 0.365234 0.130859 0.382812 0.130859 0.384766 0.128906 0.388672 0.128906 0.390625 0.126953 0.394531 0.126953 0.398438 0.123047 0.398438 0.121094 0.400391 0.119141 0.400391 0.109375 0.398438 0.107422 0.398438 0.101562 0.396484 0.099609 0.396484 0.097656 0.394531 0.097656 0.390625 0.093750
0 0.363281 0.107422 0.365234 0.105469 0.367188 0.107422 0.367188 0.109375 0.365234 0.111328 0.363281 0.109375
0 0.730469 0.166016 0.728516 0.167969 0.728516 0.169922 0.722656 0.175781 0.722656 0.177734 0.718750 0.181641 0.718750 0.183594 0.716797 0.185547 0.716797 0.189453 0.714844 0.191406 0.714844 0.195312 0.720703 0.201172 0.724609 0.201172 0.726562 0.203125 0.728516 0.203125 0.732422 0.207031 0.734375 0.207031 0.736328 0.208984 0.738281 0.208984 0.742188 0.212891 0.744141 0.212891 0.748047 0.216797 0.769531 0.216797 0.769531 0.207031 0.771484 0.205078 0.771484 0.203125 0.773438 0.201172 0.773438 0.185547 0.771484 0.183594 0.771484 0.177734 0.769531 0.175781 0.769531 0.173828 0.763672 0.167969 0.757812 0.167969 0.755859 0.166016
0 0.644531 0.207031 0.642578 0.208984 0.642578 0.214844 0.644531 0.216797 0.644531 0.218750 0.650391 0.224609 0.650391 0.226562 0.660156 0.236328 0.662109 0.236328 0.664062 0.238281 0.666016 0.238281 0.669922 0.242188 0.671875 0.242188 0.673828 0.244141 0.673828 0.246094 0.675781 0.246094 0.677734 0.248047 0.677734 0.250000 0.679688 0.250000 0.683594 0.253906 0.693359 0.253906 0.695312 0.251953 0.697266 0.251953 0.699219 0.250000 0.701172 0.250000 0.701172 0.244141 0.703125 0.242188 0.703125 0.230469 0.701172 0.228516 0.701172 0.226562 0.695312 0.220703 0.695312 0.218750 0.689453 0.212891 0.687500 0.212891 0.685547 0.210938 0.683594 0.210938 0.681641 0.208984 0.671875 0.208984 0.669922 0.207031
0 0.863281 0.339844 0.861328 0.341797 0.859375 0.341797 0.857422 0.343750 0.855469 0.343750 0.851562 0.347656 0.851562 0.353516 0.849609 0.355469 0.849609 0.363281 0.851562 0.365234 0.851562 0.367188 0.853516 0.369141 0.853516 0.373047 0.857422 0.376953 0.857422 0.378906 0.859375 0.380859 0.859375 0.382812 0.861328 0.384766 0.861328 0.388672 0.865234 0.392578 0.865234 0.394531 0.867188 0.396484 0.867188 0.398438 0.869141 0.400391 0.867188 0.402344 0.869141 0.400391 0.871094 0.400391 0.871094 0.398438 0.873047 0.396484 0.873047 0.394531 0.876953 0.390625 0.876953 0.388672 0.878906 0.386719 0.878906 0.382812 0.880859 0.380859 0.882812 0.380859 0.882812 0.373047 0.884766 0.371094 0.884766 0.353516 0.880859 0.349609 0.880859 0.347656 0.878906 0.345703 0.876953 0.345703 0.871094 0.339844
0 0.900391 0.343750 0.900391 0.386719 0.898438 0.388672 0.898438 0.392578 0.896484 0.394531 0.896484 0.414062 0.898438 0.416016 0.898438 0.419922 0.904297 0.425781 0.904297 0.427734 0.908203 0.431641 0.908203 0.433594 0.910156 0.433594 0.914062 0.437500 0.916016 0.437500 0.917969 0.439453 0.917969 0.441406 0.923828 0.447266 0.925781 0.447266 0.927734 0.449219 0.931641 0.449219 0.933594 0.451172 0.949219 0.451172 0.951172 0.449219 0.951172 0.435547 0.949219 0.433594 0.949219 0.431641 0.947266 0.429688 0.947266 0.425781 0.945312 0.423828 0.945312 0.421875 0.935547 0.412109 0.935547 0.410156 0.927734 0.402344 0.927734 0.398438 0.925781 0.396484 0.925781 0.394531 0.921875 0.390625 0.921875 0.386719 0.919922 0.384766 0.919922 0.380859 0.916016 0.376953 0.916016 0.371094 0.914062 0.369141 0.914062 0.365234 0.910156 0.361328 0.910156 0.357422 0.908203 0.355469 0.908203 0.353516 0.906250 0.351562 0.906250 0.349609 0.902344 0.345703 0.902344 0.343750
0 0.830078 0.402344 0.828125 0.404297 0.826172 0.404297 0.824219 0.406250 0.822266 0.406250 0.822266 0.408203 0.820312 0.410156 0.818359 0.410156 0.818359 0.412109 0.810547 0.419922 0.808594 0.419922 0.808594 0.421875 0.806641 0.423828 0.804688 0.423828 0.802734 0.425781 0.802734 0.429688 0.800781 0.431641 0.798828 0.431641 0.798828 0.435547 0.791016 0.443359 0.791016 0.445312 0.789062 0.447266 0.789062 0.451172 0.787109 0.453125 0.787109 0.458984 0.789062 0.460938 0.789062 0.462891 0.794922 0.468750 0.794922 0.470703 0.796875 0.472656 0.798828 0.472656 0.802734 0.476562 0.804688 0.476562 0.806641 0.478516 0.808594 0.478516 0.810547 0.480469 0.814453 0.480469 0.816406 0.482422 0.833984 0.482422 0.837891 0.478516 0.837891 0.476562 0.839844 0.474609 0.839844 0.472656 0.841797 0.470703 0.841797 0.468750 0.845703 0.464844 0.845703 0.462891 0.847656 0.460938 0.847656 0.458984 0.849609 0.457031 0.849609 0.455078 0.851562 0.453125 0.853516 0.453125 0.853516 0.417969 0.851562 0.416016 0.851562 0.412109 0.849609 0.410156 0.849609 0.408203 0.847656 0.406250 0.843750 0.406250 0.841797 0.404297 0.837891 0.404297 0.835938 0.402344
0 0.873047 0.429688 0.869141 0.433594 0.867188 0.433594 0.867188 0.435547 0.865234 0.437500 0.865234 0.445312 0.863281 0.447266 0.863281 0.451172 0.869141 0.457031 0.882812 0.457031 0.886719 0.453125 0.888672 0.453125 0.888672 0.451172 0.890625 0.449219 0.890625 0.433594 0.886719 0.433594 0.884766 0.431641 0.882812 0.431641 0.880859 0.429688
0 0.857422 0.464844 0.857422 0.466797 0.855469 0.468750 0.853516 0.468750 0.851562 0.470703 0.849609 0.470703 0.847656 0.472656 0.847656 0.486328 0.851562 0.490234 0.853516 0.490234 0.855469 0.492188 0.857422 0.492188 0.859375 0.494141 0.873047 0.494141 0.875000 0.492188 0.878906 0.492188 0.878906 0.488281 0.882812 0.484375 0.882812 0.476562 0.878906 0.472656 0.878906 0.470703 0.875000 0.466797 0.871094 0.466797 0.869141 0.464844
0 0.910156 0.466797 0.910156 0.478516 0.912109 0.480469 0.912109 0.482422 0.916016 0.486328 0.916016 0.488281 0.917969 0.490234 0.917969 0.492188 0.921875 0.496094 0.921875 0.498047 0.923828 0.500000 0.923828 0.501953 0.925781 0.503906 0.925781 0.505859 0.929688 0.509766 0.929688 0.511719 0.933594 0.515625 0.933594 0.517578 0.937500 0.521484 0.937500 0.525391 0.939453 0.527344 0.939453 0.529297 0.945312 0.535156 0.945312 0.537109 0.951172 0.542969 0.951172 0.544922 0.953125 0.546875 0.953125 0.550781 0.957031 0.554688 0.957031 0.556641 0.968750 0.568359 0.970703 0.568359 0.972656 0.570312 0.976562 0.570312 0.978516 0.572266 0.982422 0.572266 0.982422 0.558594 0.980469 0.556641 0.980469 0.552734 0.978516 0.550781 0.978516 0.548828 0.976562 0.546875 0.976562 0.542969 0.972656 0.539062 0.972656 0.535156 0.970703 0.533203 0.970703 0.531250 0.968750 0.531250 0.964844 0.527344 0.964844 0.525391 0.958984 0.519531 0.958984 0.517578 0.951172 0.509766 0.951172 0.507812 0.949219 0.507812 0.947266 0.505859 0.947266 0.501953 0.945312 0.500000 0.945312 0.498047 0.943359 0.496094 0.943359 0.494141 0.939453 0.490234 0.939453 0.488281 0.937500 0.486328 0.937500 0.484375 0.927734 0.474609 0.925781 0.474609 0.923828 0.472656 0.923828 0.470703 0.919922 0.470703 0.917969 0.468750 0.916016 0.468750 0.914062 0.466797
0 0.636719 0.498047 0.628906 0.505859 0.628906 0.511719 0.625000 0.515625 0.625000 0.517578 0.640625 0.533203 0.642578 0.533203 0.644531 0.535156 0.646484 0.535156 0.648438 0.537109 0.648438 0.539062 0.650391 0.539062 0.652344 0.541016 0.654297 0.541016 0.656250 0.542969 0.679688 0.542969 0.681641 0.541016 0.681641 0.533203 0.683594 0.531250 0.683594 0.521484 0.681641 0.519531 0.679688 0.519531 0.673828 0.513672 0.671875 0.513672 0.669922 0.511719 0.667969 0.511719 0.666016 0.509766 0.664062 0.509766 0.656250 0.501953 0.656250 0.500000 0.654297 0.498047
0 0.451172 0.537109 0.449219 0.539062 0.449219 0.541016 0.447266 0.542969 0.447266 0.548828 0.445312 0.550781 0.445312 0.564453 0.447266 0.566406 0.447266 0.568359 0.449219 0.568359 0.451172 0.570312 0.453125 0.570312 0.455078 0.572266 0.490234 0.572266 0.492188 0.570312 0.500000 0.570312 0.503906 0.566406 0.505859 0.566406 0.507812 0.564453 0.509766 0.564453 0.511719 0.562500 0.511719 0.560547 0.513672 0.558594 0.513672 0.554688 0.515625 0.552734 0.515625 0.542969 0.511719 0.539062 0.509766 0.539062 0.507812 0.537109
0 0.923828 0.542969 0.917969 0.548828 0.917969 0.562500 0.919922 0.564453 0.919922 0.566406 0.923828 0.570312 0.925781 0.570312 0.927734 0.572266 0.941406 0.572266 0.947266 0.566406 0.947266 0.546875 0.945312 0.544922 0.941406 0.544922 0.939453 0.542969
0 0.201172 0.724609 0.201172 0.726562 0.199219 0.728516 0.197266 0.728516 0.197266 0.732422 0.195312 0.734375 0.195312 0.750000 0.197266 0.751953 0.197266 0.753906 0.199219 0.755859 0.199219 0.757812 0.201172 0.759766 0.201172 0.763672 0.203125 0.765625 0.203125 0.767578 0.205078 0.767578 0.210938 0.773438 0.210938 0.775391 0.228516 0.775391 0.230469 0.773438 0.234375 0.773438 0.236328 0.771484 0.236328 0.767578 0.240234 0.763672 0.240234 0.753906 0.238281 0.751953 0.238281 0.748047 0.236328 0.746094 0.236328 0.744141 0.234375 0.742188 0.234375 0.740234 0.232422 0.740234 0.230469 0.738281 0.230469 0.736328 0.220703 0.726562 0.218750 0.726562 0.216797 0.724609
0 0.781250 0.791016 0.777344 0.794922 0.775391 0.794922 0.775391 0.796875 0.773438 0.798828 0.771484 0.798828 0.769531 0.800781 0.769531 0.802734 0.765625 0.806641 0.765625 0.812500 0.763672 0.814453 0.763672 0.818359 0.765625 0.820312 0.765625 0.824219 0.777344 0.835938 0.777344 0.837891 0.779297 0.835938 0.781250 0.835938 0.787109 0.830078 0.789062 0.830078 0.794922 0.824219 0.796875 0.824219 0.798828 0.822266 0.800781 0.822266 0.802734 0.820312 0.806641 0.820312 0.806641 0.816406 0.808594 0.814453 0.808594 0.794922 0.806641 0.792969 0.806641 0.791016
0 0.876953 0.828125 0.875000 0.830078 0.871094 0.830078 0.869141 0.832031 0.867188 0.832031 0.865234 0.833984 0.861328 0.833984 0.859375 0.835938 0.851562 0.835938 0.849609 0.837891 0.847656 0.837891 0.845703 0.839844 0.841797 0.839844 0.839844 0.841797 0.837891 0.841797 0.837891 0.845703 0.835938 0.847656 0.835938 0.855469 0.841797 0.861328 0.843750 0.861328 0.847656 0.865234 0.851562 0.865234 0.855469 0.869141 0.861328 0.869141 0.865234 0.873047 0.878906 0.873047 0.880859 0.871094 0.882812 0.871094 0.884766 0.869141 0.886719 0.869141 0.888672 0.867188 0.892578 0.867188 0.896484 0.863281 0.898438 0.863281 0.900391 0.861328 0.902344 0.861328 0.906250 0.857422 0.908203 0.857422 0.910156 0.855469 0.910156 0.841797 0.908203 0.839844 0.908203 0.837891 0.906250 0.837891 0.904297 0.835938 0.900391 0.835938 0.898438 0.833984 0.896484 0.833984 0.894531 0.832031 0.892578 0.832031 0.890625 0.830078 0.888672 0.830078 0.886719 0.828125
0 0.982422 0.828125 0.980469 0.830078 0.980469 0.841797 0.982422 0.843750 0.982422 0.849609 0.984375 0.851562 0.984375 0.857422 0.986328 0.859375 0.986328 0.861328 0.988281 0.863281 0.988281 0.865234 0.990234 0.867188 0.990234 0.869141 0.990234 0.863281 0.992188 0.861328 0.992188 0.845703 0.994141 0.843750 0.994141 0.828125
0 0.556641 0.896484 0.552734 0.900391 0.550781 0.900391 0.546875 0.904297 0.544922 0.904297 0.542969 0.906250 0.541016 0.906250 0.539062 0.908203 0.539062 0.910156 0.537109 0.912109 0.537109 0.916016 0.535156 0.917969 0.535156 0.937500 0.537109 0.939453 0.537109 0.943359 0.541016 0.947266 0.541016 0.949219 0.542969 0.951172 0.542969 0.953125 0.544922 0.953125 0.546875 0.955078 0.546875 0.957031 0.548828 0.957031 0.550781 0.958984 0.556641 0.958984 0.558594 0.960938 0.568359 0.960938 0.570312 0.958984 0.572266 0.958984 0.572266 0.955078 0.574219 0.953125 0.574219 0.949219 0.576172 0.947266 0.576172 0.941406 0.578125 0.939453 0.578125 0.933594 0.580078 0.931641 0.580078 0.914062 0.578125 0.912109 0.578125 0.910156 0.576172 0.908203 0.576172 0.906250 0.574219 0.904297 0.574219 0.902344 0.572266 0.900391 0.570312 0.900391 0.568359 0.898438 0.566406 0.898438 0.564453 0.896484
0 0.804688 0.919922 0.802734 0.921875 0.800781 0.921875 0.800781 0.931641 0.812500 0.943359 0.812500 0.945312 0.814453 0.947266 0.814453 0.949219 0.816406 0.949219 0.818359 0.951172 0.818359 0.953125 0.820312 0.955078 0.820312 0.957031 0.822266 0.957031 0.824219 0.958984 0.826172 0.958984 0.828125 0.960938 0.830078 0.958984 0.847656 0.958984 0.849609 0.957031 0.849609 0.955078 0.853516 0.951172 0.853516 0.949219 0.855469 0.947266 0.855469 0.939453 0.857422 0.937500 0.857422 0.925781 0.855469 0.925781 0.853516 0.923828 0.851562 0.923828 0.849609 0.921875 0.845703 0.921875 0.843750 0.919922
0 0.751953 0.921875 0.748047 0.925781 0.746094 0.925781 0.744141 0.927734 0.744141 0.931641 0.742188 0.933594 0.742188 0.935547 0.740234 0.937500 0.740234 0.947266 0.742188 0.949219 0.742188 0.953125 0.744141 0.955078 0.744141 0.957031 0.748047 0.960938 0.748047 0.962891 0.750000 0.964844 0.750000 0.966797 0.757812 0.974609 0.759766 0.974609 0.763672 0.978516 0.765625 0.978516 0.767578 0.980469 0.792969 0.980469 0.794922 0.978516 0.796875 0.978516 0.798828 0.976562 0.802734 0.976562 0.804688 0.974609 0.806641 0.974609 0.808594 0.972656 0.810547 0.972656 0.812500 0.970703 0.814453 0.970703 0.816406 0.968750 0.816406 0.964844 0.818359 0.962891 0.818359 0.955078 0.816406 0.953125 0.816406 0.951172 0.814453 0.951172 0.812500 0.949219 0.812500 0.947266 0.810547 0.945312 0.810547 0.943359 0.798828 0.931641 0.796875 0.931641 0.794922 0.929688 0.791016 0.929688 0.783203 0.921875
0 0.923828 0.949219 0.921875 0.951172 0.919922 0.951172 0.916016 0.955078 0.916016 0.960938 0.914062 0.962891 0.914062 0.974609 0.917969 0.978516 0.919922 0.978516 0.921875 0.980469 0.923828 0.980469 0.925781 0.982422 0.927734 0.982422 0.929688 0.984375 0.943359 0.984375 0.945312 0.982422 0.951172 0.982422 0.953125 0.980469 0.957031 0.980469 0.958984 0.978516 0.958984 0.968750 0.960938 0.966797 0.960938 0.964844 0.962891 0.962891 0.962891 0.960938 0.960938 0.960938 0.958984 0.958984 0.958984 0.957031 0.957031 0.957031 0.955078 0.955078 0.953125 0.955078 0.951172 0.953125 0.947266 0.953125 0.943359 0.949219
0 0.419922 0.945312 0.417969 0.947266 0.412109 0.947266 0.412109 0.953125 0.414062 0.955078 0.414062 0.958984 0.423828 0.968750 0.423828 0.972656 0.425781 0.974609 0.425781 0.976562 0.431641 0.982422 0.431641 0.984375 0.433594 0.984375 0.435547 0.986328 0.435547 0.988281 0.437500 0.988281 0.439453 0.990234 0.443359 0.990234 0.445312 0.992188 0.455078 0.992188 0.457031 0.990234 0.457031 0.953125 0.451172 0.947266 0.449219 0.947266 0.447266 0.945312
