0 0.908203 0.132812 0.906250 0.134766 0.898438 0.134766 0.896484 0.136719 0.894531 0.136719 0.892578 0.138672 0.892578 0.152344 0.894531 0.154297 0.896484 0.154297 0.900391 0.158203 0.904297 0.158203 0.906250 0.160156 0.908203 0.160156 0.910156 0.162109 0.917969 0.162109 0.919922 0.164062 0.933594 0.164062 0.933594 0.152344 0.931641 0.150391 0.931641 0.146484 0.929688 0.146484 0.927734 0.144531 0.927734 0.142578 0.917969 0.132812
0 0.736328 0.216797 0.732422 0.220703 0.730469 0.220703 0.730469 0.224609 0.728516 0.226562 0.728516 0.248047 0.736328 0.255859 0.740234 0.255859 0.746094 0.261719 0.753906 0.261719 0.757812 0.257812 0.757812 0.255859 0.759766 0.253906 0.759766 0.250000 0.761719 0.248047 0.761719 0.244141 0.763672 0.242188 0.763672 0.238281 0.765625 0.236328 0.765625 0.224609 0.763672 0.224609 0.761719 0.222656 0.750000 0.222656 0.748047 0.220703 0.748047 0.218750 0.750000 0.216797
0 0.046875 0.326172 0.039062 0.333984 0.037109 0.333984 0.037109 0.335938 0.035156 0.337891 0.031250 0.337891 0.029297 0.339844 0.027344 0.339844 0.027344 0.341797 0.021484 0.347656 0.021484 0.363281 0.023438 0.365234 0.023438 0.371094 0.025391 0.373047 0.025391 0.375000 0.027344 0.376953 0.027344 0.380859 0.029297 0.382812 0.029297 0.384766 0.031250 0.386719 0.033203 0.386719 0.035156 0.388672 0.041016 0.388672 0.042969 0.390625 0.070312 0.390625 0.070312 0.388672 0.072266 0.386719 0.076172 0.386719 0.082031 0.380859 0.082031 0.371094 0.080078 0.369141 0.080078 0.367188 0.074219 0.361328 0.074219 0.357422 0.072266 0.355469 0.072266 0.353516 0.066406 0.347656 0.066406 0.345703 0.064453 0.343750 0.062500 0.343750 0.058594 0.339844 0.058594 0.337891 0.056641 0.337891 0.050781 0.332031 0.050781 0.330078
0 0.939453 0.355469 0.937500 0.357422 0.935547 0.357422 0.935547 0.369141 0.937500 0.371094 0.937500 0.373047 0.941406 0.373047 0.943359 0.375000 0.955078 0.375000 0.957031 0.376953 0.960938 0.376953 0.966797 0.382812 0.968750 0.382812 0.974609 0.388672 0.976562 0.388672 0.980469 0.384766 0.982422 0.384766 0.984375 0.382812 0.986328 0.382812 0.988281 0.380859 0.988281 0.371094 0.990234 0.369141 0.990234 0.363281 0.992188 0.361328 0.992188 0.357422 0.972656 0.357422 0.970703 0.355469
0 0.775391 0.431641 0.773438 0.433594 0.769531 0.433594 0.767578 0.435547 0.765625 0.435547 0.763672 0.437500 0.763672 0.439453 0.761719 0.441406 0.761719 0.455078 0.763672 0.457031 0.763672 0.460938 0.767578 0.464844 0.767578 0.466797 0.771484 0.470703 0.771484 0.472656 0.773438 0.474609 0.775391 0.474609 0.779297 0.478516 0.792969 0.478516 0.794922 0.476562 0.794922 0.453125 0.792969 0.451172 0.792969 0.447266 0.791016 0.445312 0.791016 0.441406 0.787109 0.437500 0.785156 0.437500 0.781250 0.433594 0.781250 0.431641
0 0.552734 0.460938 0.550781 0.462891 0.544922 0.462891 0.542969 0.464844 0.542969 0.466797 0.541016 0.468750 0.541016 0.472656 0.539062 0.474609 0.539062 0.494141 0.541016 0.494141 0.542969 0.492188 0.548828 0.492188 0.548828 0.490234 0.550781 0.488281 0.556641 0.488281 0.558594 0.486328 0.566406 0.486328 0.568359 0.484375 0.570312 0.484375 0.572266 0.482422 0.574219 0.482422 0.574219 0.470703 0.570312 0.466797 0.570312 0.464844 0.568359 0.462891 0.568359 0.460938
0 0.572266 0.494141 0.570312 0.496094 0.570312 0.501953 0.568359 0.503906 0.568359 0.505859 0.566406 0.507812 0.566406 0.521484 0.568359 0.523438 0.570312 0.523438 0.572266 0.525391 0.576172 0.525391 0.578125 0.527344 0.597656 0.527344 0.599609 0.525391 0.599609 0.521484 0.601562 0.519531 0.601562 0.501953 0.599609 0.500000 0.593750 0.500000 0.591797 0.498047 0.589844 0.498047 0.587891 0.500000 0.583984 0.496094 0.582031 0.496094 0.580078 0.494141
0 0.103516 0.527344 0.099609 0.531250 0.097656 0.531250 0.097656 0.533203 0.095703 0.535156 0.095703 0.552734 0.099609 0.556641 0.099609 0.558594 0.101562 0.558594 0.103516 0.560547 0.111328 0.560547 0.113281 0.562500 0.125000 0.562500 0.134766 0.552734 0.134766 0.542969 0.126953 0.535156 0.125000 0.535156 0.123047 0.533203 0.121094 0.533203 0.119141 0.531250 0.117188 0.531250 0.115234 0.529297 0.109375 0.529297 0.107422 0.527344
0 0.822266 0.564453 0.820312 0.566406 0.818359 0.566406 0.812500 0.572266 0.810547 0.572266 0.808594 0.574219 0.808594 0.576172 0.806641 0.578125 0.804688 0.578125 0.802734 0.580078 0.802734 0.582031 0.800781 0.583984 0.800781 0.585938 0.798828 0.587891 0.796875 0.587891 0.796875 0.591797 0.794922 0.593750 0.794922 0.601562 0.796875 0.603516 0.798828 0.603516 0.800781 0.605469 0.806641 0.605469 0.808594 0.607422 0.818359 0.607422 0.820312 0.605469 0.822266 0.605469 0.832031 0.595703 0.832031 0.593750 0.830078 0.591797 0.830078 0.589844 0.828125 0.587891 0.828125 0.585938 0.826172 0.583984 0.826172 0.580078 0.830078 0.576172 0.832031 0.576172 0.833984 0.574219 0.837891 0.574219 0.837891 0.570312 0.835938 0.568359 0.835938 0.566406 0.832031 0.566406 0.830078 0.564453
0 0.833984 0.576172 0.832031 0.578125 0.830078 0.578125 0.828125 0.580078 0.828125 0.583984 0.830078 0.585938 0.830078 0.587891 0.832031 0.589844 0.832031 0.591797 0.841797 0.601562 0.841797 0.603516 0.847656 0.609375 0.847656 0.611328 0.851562 0.615234 0.853516 0.615234 0.855469 0.617188 0.863281 0.617188 0.865234 0.615234 0.865234 0.611328 0.867188 0.609375 0.867188 0.595703 0.865234 0.593750 0.865234 0.589844 0.857422 0.582031 0.857422 0.580078 0.855469 0.580078 0.851562 0.576172
0 0.548828 0.605469 0.544922 0.609375 0.542969 0.609375 0.541016 0.611328 0.539062 0.611328 0.537109 0.613281 0.537109 0.615234 0.535156 0.617188 0.533203 0.617188 0.533203 0.630859 0.535156 0.632812 0.535156 0.638672 0.539062 0.642578 0.539062 0.644531 0.550781 0.656250 0.552734 0.656250 0.554688 0.658203 0.564453 0.648438 0.566406 0.648438 0.568359 0.646484 0.568359 0.644531 0.570312 0.642578 0.570312 0.630859 0.568359 0.628906 0.568359 0.623047 0.566406 0.621094 0.566406 0.617188 0.560547 0.611328 0.560547 0.609375 0.556641 0.605469
0 0.134766 0.703125 0.132812 0.705078 0.130859 0.705078 0.126953 0.708984 0.125000 0.708984 0.123047 0.710938 0.121094 0.710938 0.121094 0.712891 0.115234 0.718750 0.115234 0.724609 0.117188 0.726562 0.117188 0.728516 0.119141 0.730469 0.121094 0.730469 0.123047 0.732422 0.128906 0.732422 0.134766 0.726562 0.134766 0.724609 0.136719 0.722656 0.136719 0.720703 0.138672 0.718750 0.138672 0.710938 0.140625 0.708984 0.140625 0.703125
0 0.150391 0.949219 0.148438 0.951172 0.148438 0.955078 0.146484 0.957031 0.146484 0.974609 0.148438 0.976562 0.148438 0.978516 0.150391 0.978516 0.152344 0.980469 0.158203 0.980469 0.160156 0.982422 0.175781 0.982422 0.181641 0.976562 0.183594 0.976562 0.185547 0.974609 0.187500 0.974609 0.187500 0.972656 0.191406 0.968750 0.191406 0.962891 0.187500 0.958984 0.185547 0.958984 0.183594 0.957031 0.183594 0.955078 0.185547 0.953125 0.185547 0.951172 0.175781 0.951172 0.173828 0.949219
