0 0.109375 0.000000 0.109375 0.015625 0.113281 0.019531 0.115234 0.019531 0.117188 0.021484 0.123047 0.021484 0.125000 0.023438 0.146484 0.023438 0.148438 0.021484 0.152344 0.021484 0.154297 0.019531 0.156250 0.019531 0.160156 0.015625 0.160156 0.000000
0 0.736328 0.023438 0.736328 0.027344 0.734375 0.029297 0.732422 0.029297 0.732422 0.031250 0.730469 0.033203 0.730469 0.039062 0.726562 0.042969 0.726562 0.048828 0.724609 0.050781 0.724609 0.076172 0.728516 0.080078 0.730469 0.080078 0.734375 0.083984 0.736328 0.083984 0.740234 0.080078 0.740234 0.076172 0.742188 0.074219 0.742188 0.066406 0.744141 0.064453 0.744141 0.056641 0.746094 0.054688 0.746094 0.033203 0.744141 0.031250 0.744141 0.025391 0.742188 0.025391 0.740234 0.023438
0 0.630859 0.021484 0.630859 0.023438 0.628906 0.025391 0.626953 0.025391 0.626953 0.029297 0.625000 0.031250 0.625000 0.033203 0.623047 0.035156 0.623047 0.037109 0.621094 0.039062 0.619141 0.039062 0.619141 0.044922 0.617188 0.046875 0.617188 0.052734 0.615234 0.054688 0.615234 0.056641 0.613281 0.058594 0.613281 0.062500 0.611328 0.064453 0.611328 0.078125 0.609375 0.080078 0.609375 0.113281 0.615234 0.119141 0.615234 0.121094 0.617188 0.123047 0.619141 0.123047 0.621094 0.125000 0.621094 0.126953 0.623047 0.126953 0.625000 0.125000 0.626953 0.125000 0.628906 0.123047 0.628906 0.121094 0.630859 0.119141 0.632812 0.119141 0.634766 0.117188 0.634766 0.113281 0.636719 0.111328 0.636719 0.105469 0.638672 0.103516 0.638672 0.101562 0.640625 0.099609 0.640625 0.089844 0.642578 0.087891 0.642578 0.083984 0.644531 0.082031 0.644531 0.066406 0.646484 0.064453 0.646484 0.050781 0.648438 0.048828 0.648438 0.025391 0.644531 0.021484
0 0.388672 0.074219 0.386719 0.076172 0.384766 0.076172 0.384766 0.080078 0.388672 0.083984 0.388672 0.087891 0.390625 0.089844 0.390625 0.091797 0.394531 0.095703 0.394531 0.097656 0.400391 0.103516 0.402344 0.103516 0.404297 0.105469 0.410156 0.105469 0.412109 0.107422 0.414062 0.107422 0.416016 0.105469 0.416016 0.089844 0.414062 0.089844 0.412109 0.087891 0.412109 0.083984 0.410156 0.083984 0.408203 0.082031 0.406250 0.082031 0.404297 0.080078 0.402344 0.080078 0.398438 0.076172 0.394531 0.076172 0.392578 0.074219
0 0.835938 0.093750 0.835938 0.097656 0.837891 0.099609 0.837891 0.105469 0.839844 0.107422 0.839844 0.109375 0.841797 0.109375 0.843750 0.111328 0.847656 0.111328 0.849609 0.113281 0.849609 0.115234 0.851562 0.115234 0.853516 0.117188 0.855469 0.117188 0.857422 0.119141 0.859375 0.119141 0.861328 0.121094 0.863281 0.121094 0.865234 0.123047 0.867188 0.123047 0.869141 0.125000 0.873047 0.125000 0.875000 0.126953 0.876953 0.126953 0.876953 0.117188 0.875000 0.115234 0.875000 0.113281 0.873047 0.113281 0.871094 0.111328 0.871094 0.109375 0.869141 0.107422 0.869141 0.105469 0.867188 0.105469 0.863281 0.101562 0.857422 0.101562 0.855469 0.099609 0.847656 0.099609 0.845703 0.097656 0.845703 0.095703 0.841797 0.095703 0.839844 0.093750
0 0.328125 0.099609 0.324219 0.103516 0.324219 0.107422 0.322266 0.109375 0.322266 0.119141 0.320312 0.121094 0.320312 0.125000 0.318359 0.126953 0.318359 0.132812 0.320312 0.134766 0.324219 0.134766 0.326172 0.136719 0.332031 0.136719 0.339844 0.128906 0.339844 0.126953 0.341797 0.125000 0.341797 0.123047 0.343750 0.121094 0.343750 0.107422 0.335938 0.099609
0 0.398438 0.107422 0.396484 0.109375 0.384766 0.109375 0.384766 0.115234 0.382812 0.117188 0.382812 0.136719 0.386719 0.140625 0.386719 0.142578 0.388672 0.142578 0.392578 0.146484 0.394531 0.146484 0.398438 0.150391 0.406250 0.150391 0.408203 0.152344 0.427734 0.152344 0.427734 0.150391 0.433594 0.144531 0.433594 0.130859 0.429688 0.126953 0.429688 0.125000 0.423828 0.119141 0.423828 0.117188 0.416016 0.109375 0.412109 0.109375 0.410156 0.107422
0 0.078125 0.166016 0.078125 0.169922 0.076172 0.171875 0.076172 0.173828 0.074219 0.175781 0.074219 0.177734 0.072266 0.179688 0.070312 0.179688 0.070312 0.181641 0.068359 0.183594 0.068359 0.185547 0.064453 0.189453 0.064453 0.191406 0.062500 0.193359 0.062500 0.199219 0.060547 0.201172 0.060547 0.203125 0.074219 0.203125 0.078125 0.199219
0 0.246094 0.173828 0.246094 0.175781 0.244141 0.177734 0.244141 0.179688 0.242188 0.181641 0.242188 0.191406 0.240234 0.193359 0.240234 0.218750 0.240234 0.216797 0.244141 0.212891 0.248047 0.212891 0.248047 0.210938 0.250000 0.208984 0.253906 0.208984 0.257812 0.205078 0.259766 0.205078 0.259766 0.203125 0.261719 0.201172 0.261719 0.199219 0.263672 0.197266 0.263672 0.179688 0.257812 0.173828
0 0.917969 0.183594 0.914062 0.187500 0.914062 0.189453 0.912109 0.191406 0.912109 0.193359 0.910156 0.195312 0.910156 0.222656 0.914062 0.226562 0.914062 0.230469 0.916016 0.232422 0.916016 0.234375 0.919922 0.238281 0.919922 0.230469 0.921875 0.228516 0.921875 0.224609 0.923828 0.222656 0.923828 0.218750 0.925781 0.216797 0.925781 0.210938 0.927734 0.208984 0.927734 0.203125 0.929688 0.201172 0.931641 0.201172 0.931641 0.195312 0.933594 0.193359 0.933594 0.183594
0 0.560547 0.205078 0.560547 0.207031 0.558594 0.208984 0.556641 0.208984 0.554688 0.210938 0.554688 0.228516 0.556641 0.228516 0.558594 0.230469 0.558594 0.232422 0.562500 0.236328 0.562500 0.238281 0.566406 0.242188 0.568359 0.242188 0.572266 0.246094 0.572266 0.248047 0.578125 0.253906 0.580078 0.253906 0.582031 0.255859 0.587891 0.255859 0.587891 0.251953 0.589844 0.250000 0.589844 0.240234 0.587891 0.238281 0.587891 0.232422 0.585938 0.230469 0.585938 0.228516 0.583984 0.228516 0.582031 0.226562 0.582031 0.224609 0.580078 0.222656 0.578125 0.222656 0.576172 0.220703 0.576172 0.218750 0.574219 0.218750 0.572266 0.216797 0.572266 0.214844 0.568359 0.210938 0.568359 0.208984 0.564453 0.205078
0 0.238281 0.216797 0.238281 0.222656 0.234375 0.226562 0.232422 0.226562 0.230469 0.228516 0.228516 0.228516 0.226562 0.230469 0.226562 0.232422 0.222656 0.236328 0.222656 0.238281 0.220703 0.240234 0.220703 0.253906 0.230469 0.253906 0.232422 0.251953 0.236328 0.251953 0.238281 0.250000 0.238281 0.246094 0.240234 0.244141 0.240234 0.224609 0.238281 0.222656
0 0.144531 0.232422 0.138672 0.238281 0.138672 0.240234 0.136719 0.242188 0.136719 0.246094 0.134766 0.248047 0.134766 0.250000 0.132812 0.251953 0.132812 0.261719 0.130859 0.263672 0.130859 0.279297 0.134766 0.283203 0.134766 0.285156 0.136719 0.287109 0.136719 0.289062 0.138672 0.291016 0.140625 0.291016 0.142578 0.292969 0.142578 0.294922 0.144531 0.296875 0.146484 0.296875 0.148438 0.298828 0.144531 0.294922 0.144531 0.292969 0.142578 0.291016 0.142578 0.289062 0.140625 0.287109 0.140625 0.261719 0.142578 0.259766 0.142578 0.255859 0.150391 0.248047 0.150391 0.246094 0.154297 0.242188 0.154297 0.234375 0.152344 0.234375 0.150391 0.232422
0 0.335938 0.273438 0.335938 0.275391 0.332031 0.279297 0.332031 0.281250 0.328125 0.285156 0.328125 0.289062 0.326172 0.291016 0.326172 0.292969 0.324219 0.294922 0.324219 0.310547 0.326172 0.312500 0.326172 0.314453 0.328125 0.316406 0.328125 0.322266 0.330078 0.324219 0.330078 0.335938 0.332031 0.335938 0.333984 0.333984 0.333984 0.330078 0.335938 0.328125
0 0.677734 0.271484 0.669922 0.279297 0.669922 0.294922 0.671875 0.296875 0.671875 0.300781 0.675781 0.304688 0.675781 0.310547 0.677734 0.312500 0.677734 0.314453 0.679688 0.316406 0.679688 0.318359 0.681641 0.320312 0.681641 0.322266 0.683594 0.324219 0.683594 0.332031 0.685547 0.333984 0.685547 0.335938 0.687500 0.337891 0.689453 0.337891 0.691406 0.339844 0.695312 0.339844 0.697266 0.337891 0.697266 0.333984 0.701172 0.330078 0.701172 0.324219 0.703125 0.322266 0.703125 0.318359 0.705078 0.316406 0.705078 0.306641 0.707031 0.304688 0.707031 0.294922 0.708984 0.292969 0.708984 0.271484
0 0.365234 0.296875 0.357422 0.304688 0.357422 0.308594 0.361328 0.312500 0.361328 0.328125 0.361328 0.326172 0.365234 0.322266 0.367188 0.322266 0.367188 0.320312 0.369141 0.318359 0.371094 0.318359 0.373047 0.316406 0.376953 0.316406 0.378906 0.314453 0.380859 0.314453 0.380859 0.308594 0.378906 0.308594 0.376953 0.306641 0.376953 0.304688 0.373047 0.300781 0.371094 0.300781 0.367188 0.296875
0 0.398438 0.306641 0.394531 0.310547 0.392578 0.310547 0.390625 0.312500 0.388672 0.312500 0.386719 0.314453 0.382812 0.314453 0.380859 0.316406 0.378906 0.316406 0.376953 0.318359 0.373047 0.318359 0.371094 0.320312 0.369141 0.320312 0.369141 0.322266 0.367188 0.324219 0.365234 0.324219 0.363281 0.326172 0.363281 0.328125 0.361328 0.330078 0.361328 0.332031 0.359375 0.333984 0.359375 0.353516 0.363281 0.353516 0.365234 0.355469 0.375000 0.355469 0.376953 0.353516 0.378906 0.353516 0.380859 0.351562 0.380859 0.349609 0.384766 0.345703 0.384766 0.343750 0.386719 0.341797 0.386719 0.339844 0.390625 0.335938 0.390625 0.332031 0.392578 0.330078 0.392578 0.328125 0.396484 0.324219 0.396484 0.322266 0.400391 0.318359 0.400391 0.316406 0.402344 0.314453 0.402344 0.310547 0.400391 0.308594 0.400391 0.306641
0 0.031250 0.304688 0.035156 0.308594 0.037109 0.308594 0.044922 0.316406 0.046875 0.316406 0.054688 0.324219 0.056641 0.324219 0.064453 0.332031 0.066406 0.332031 0.068359 0.333984 0.068359 0.337891 0.070312 0.339844 0.070312 0.343750 0.072266 0.343750 0.074219 0.345703 0.074219 0.347656 0.082031 0.355469 0.082031 0.357422 0.083984 0.359375 0.085938 0.359375 0.087891 0.361328 0.089844 0.361328 0.091797 0.363281 0.093750 0.363281 0.093750 0.353516 0.095703 0.351562 0.095703 0.337891 0.087891 0.330078 0.087891 0.328125 0.085938 0.328125 0.083984 0.326172 0.082031 0.326172 0.078125 0.322266 0.076172 0.322266 0.074219 0.320312 0.072266 0.320312 0.068359 0.316406 0.066406 0.316406 0.064453 0.314453 0.058594 0.314453 0.056641 0.312500 0.054688 0.312500 0.052734 0.310547 0.050781 0.310547 0.048828 0.308594 0.046875 0.308594 0.044922 0.306641 0.037109 0.306641 0.035156 0.304688
0 0.822266 0.316406 0.822266 0.318359 0.820312 0.320312 0.820312 0.322266 0.818359 0.324219 0.818359 0.365234 0.830078 0.365234 0.830078 0.363281 0.833984 0.359375 0.835938 0.359375 0.835938 0.357422 0.837891 0.355469 0.837891 0.339844 0.833984 0.335938 0.833984 0.333984 0.832031 0.332031 0.832031 0.330078 0.830078 0.330078 0.828125 0.328125 0.828125 0.326172 0.826172 0.324219 0.826172 0.320312
0 0.773438 0.437500 0.771484 0.439453 0.767578 0.439453 0.765625 0.441406 0.763672 0.441406 0.761719 0.443359 0.759766 0.443359 0.757812 0.445312 0.751953 0.445312 0.748047 0.449219 0.748047 0.460938 0.750000 0.462891 0.750000 0.464844 0.757812 0.472656 0.757812 0.474609 0.765625 0.482422 0.767578 0.482422 0.767578 0.474609 0.769531 0.472656 0.769531 0.464844 0.771484 0.462891 0.771484 0.453125 0.773438 0.451172 0.773438 0.443359 0.775391 0.441406 0.775391 0.439453
0 0.103516 0.417969 0.101562 0.419922 0.097656 0.419922 0.097656 0.421875 0.095703 0.423828 0.093750 0.423828 0.089844 0.427734 0.087891 0.427734 0.083984 0.431641 0.083984 0.433594 0.078125 0.439453 0.076172 0.439453 0.076172 0.441406 0.074219 0.443359 0.074219 0.445312 0.072266 0.447266 0.072266 0.449219 0.070312 0.451172 0.070312 0.470703 0.074219 0.474609 0.074219 0.478516 0.076172 0.480469 0.076172 0.482422 0.078125 0.484375 0.078125 0.488281 0.080078 0.490234 0.080078 0.501953 0.082031 0.503906 0.082031 0.505859 0.083984 0.507812 0.085938 0.507812 0.087891 0.509766 0.089844 0.509766 0.091797 0.511719 0.101562 0.511719 0.105469 0.507812 0.105469 0.505859 0.107422 0.503906 0.107422 0.500000 0.111328 0.496094 0.111328 0.488281 0.113281 0.486328 0.113281 0.480469 0.115234 0.478516 0.115234 0.476562 0.117188 0.474609 0.117188 0.472656 0.119141 0.470703 0.119141 0.464844 0.121094 0.462891 0.121094 0.427734 0.119141 0.425781 0.119141 0.423828 0.113281 0.417969
0 0.398438 0.445312 0.398438 0.474609 0.404297 0.480469 0.404297 0.517578 0.406250 0.519531 0.406250 0.521484 0.408203 0.523438 0.408203 0.525391 0.410156 0.525391 0.410156 0.519531 0.412109 0.517578 0.412109 0.453125 0.410156 0.453125 0.408203 0.451172 0.408203 0.447266 0.406250 0.445312
0 0.650391 0.472656 0.650391 0.503906 0.656250 0.503906 0.660156 0.500000 0.662109 0.500000 0.662109 0.498047 0.664062 0.496094 0.664062 0.494141 0.666016 0.492188 0.666016 0.476562 0.664062 0.476562 0.660156 0.472656
0 0.720703 0.472656 0.716797 0.476562 0.714844 0.476562 0.714844 0.482422 0.712891 0.484375 0.712891 0.501953 0.720703 0.509766 0.722656 0.509766 0.726562 0.513672 0.732422 0.513672 0.734375 0.515625 0.751953 0.515625 0.753906 0.517578 0.763672 0.517578 0.767578 0.513672 0.767578 0.511719 0.769531 0.509766 0.769531 0.494141 0.763672 0.488281 0.763672 0.486328 0.761719 0.486328 0.753906 0.478516 0.748047 0.478516 0.746094 0.480469 0.744141 0.478516 0.742188 0.478516 0.740234 0.476562 0.740234 0.474609 0.738281 0.474609 0.736328 0.472656
0 0.646484 0.505859 0.642578 0.509766 0.640625 0.509766 0.632812 0.517578 0.632812 0.521484 0.628906 0.525391 0.628906 0.529297 0.625000 0.533203 0.625000 0.539062 0.626953 0.541016 0.644531 0.541016 0.646484 0.539062 0.648438 0.539062 0.648438 0.537109 0.650391 0.535156 0.652344 0.535156 0.656250 0.531250 0.656250 0.529297 0.660156 0.525391 0.660156 0.523438 0.662109 0.521484 0.662109 0.519531 0.664062 0.517578 0.664062 0.515625 0.667969 0.511719 0.667969 0.507812 0.660156 0.507812 0.658203 0.505859
0 0.861328 0.494141 0.857422 0.498047 0.857422 0.509766 0.861328 0.513672 0.861328 0.515625 0.865234 0.519531 0.865234 0.521484 0.867188 0.523438 0.869141 0.523438 0.871094 0.525391 0.871094 0.527344 0.873047 0.529297 0.873047 0.531250 0.876953 0.535156 0.876953 0.537109 0.878906 0.539062 0.878906 0.541016 0.880859 0.542969 0.880859 0.544922 0.884766 0.548828 0.884766 0.550781 0.892578 0.558594 0.912109 0.558594 0.914062 0.556641 0.916016 0.556641 0.917969 0.554688 0.917969 0.546875 0.916016 0.546875 0.914062 0.544922 0.914062 0.541016 0.908203 0.535156 0.908203 0.533203 0.906250 0.531250 0.906250 0.529297 0.902344 0.525391 0.902344 0.523438 0.898438 0.519531 0.898438 0.515625 0.894531 0.511719 0.894531 0.509766 0.884766 0.500000 0.882812 0.500000 0.880859 0.498047 0.880859 0.496094 0.878906 0.496094 0.876953 0.494141
0 0.132812 0.529297 0.128906 0.533203 0.128906 0.535156 0.126953 0.537109 0.125000 0.537109 0.125000 0.541016 0.123047 0.542969 0.123047 0.546875 0.125000 0.548828 0.125000 0.556641 0.126953 0.558594 0.126953 0.562500 0.130859 0.566406 0.130859 0.570312 0.132812 0.570312 0.136719 0.574219 0.136719 0.576172 0.138672 0.576172 0.140625 0.578125 0.140625 0.582031 0.144531 0.585938 0.146484 0.585938 0.148438 0.587891 0.148438 0.589844 0.152344 0.589844 0.154297 0.591797 0.167969 0.591797 0.167969 0.568359 0.164062 0.564453 0.164062 0.562500 0.162109 0.560547 0.162109 0.556641 0.160156 0.556641 0.158203 0.554688 0.158203 0.552734 0.156250 0.550781 0.156250 0.548828 0.152344 0.544922 0.152344 0.542969 0.150391 0.541016 0.150391 0.535156 0.148438 0.533203 0.146484 0.533203 0.144531 0.531250 0.142578 0.531250 0.140625 0.529297
0 0.335938 0.539062 0.330078 0.544922 0.330078 0.546875 0.332031 0.548828 0.332031 0.550781 0.333984 0.552734 0.333984 0.554688 0.335938 0.556641 0.335938 0.560547 0.339844 0.564453 0.339844 0.566406 0.341797 0.568359 0.341797 0.570312 0.345703 0.574219 0.345703 0.578125 0.347656 0.580078 0.347656 0.582031 0.349609 0.583984 0.349609 0.585938 0.351562 0.587891 0.351562 0.589844 0.353516 0.591797 0.353516 0.593750 0.355469 0.595703 0.355469 0.597656 0.357422 0.599609 0.357422 0.603516 0.363281 0.609375 0.363281 0.611328 0.367188 0.615234 0.367188 0.617188 0.376953 0.626953 0.376953 0.625000 0.378906 0.623047 0.378906 0.609375 0.380859 0.607422 0.382812 0.607422 0.384766 0.605469 0.390625 0.605469 0.392578 0.603516 0.392578 0.597656 0.396484 0.593750 0.396484 0.589844 0.398438 0.587891 0.398438 0.570312 0.394531 0.566406 0.394531 0.562500 0.380859 0.548828 0.378906 0.548828 0.376953 0.546875 0.375000 0.546875 0.373047 0.544922 0.369141 0.544922 0.367188 0.542969 0.365234 0.542969 0.363281 0.541016 0.349609 0.541016 0.347656 0.539062
0 0.693359 0.626953 0.691406 0.628906 0.689453 0.628906 0.687500 0.630859 0.687500 0.632812 0.683594 0.636719 0.683594 0.642578 0.685547 0.644531 0.687500 0.644531 0.689453 0.646484 0.691406 0.646484 0.693359 0.648438 0.695312 0.648438 0.697266 0.650391 0.708984 0.650391 0.710938 0.648438 0.712891 0.648438 0.718750 0.642578 0.718750 0.634766 0.716797 0.634766 0.714844 0.632812 0.710938 0.632812 0.707031 0.628906 0.705078 0.628906 0.703125 0.626953
0 0.156250 0.656250 0.154297 0.658203 0.154297 0.660156 0.152344 0.662109 0.152344 0.664062 0.148438 0.667969 0.148438 0.671875 0.146484 0.673828 0.146484 0.675781 0.144531 0.677734 0.144531 0.681641 0.140625 0.685547 0.138672 0.685547 0.138672 0.695312 0.142578 0.699219 0.142578 0.701172 0.144531 0.703125 0.144531 0.708984 0.146484 0.710938 0.146484 0.712891 0.156250 0.722656 0.167969 0.722656 0.167969 0.720703 0.166016 0.718750 0.166016 0.710938 0.164062 0.708984 0.164062 0.697266 0.162109 0.695312 0.162109 0.691406 0.160156 0.689453 0.160156 0.671875 0.162109 0.669922 0.162109 0.664062 0.164062 0.662109 0.164062 0.660156 0.166016 0.658203 0.164062 0.656250
0 0.703125 0.679688 0.701172 0.681641 0.697266 0.681641 0.695312 0.683594 0.687500 0.683594 0.685547 0.685547 0.679688 0.685547 0.677734 0.687500 0.673828 0.687500 0.671875 0.689453 0.667969 0.689453 0.666016 0.691406 0.662109 0.691406 0.656250 0.697266 0.654297 0.697266 0.652344 0.699219 0.652344 0.703125 0.650391 0.705078 0.650391 0.710938 0.654297 0.710938 0.658203 0.714844 0.683594 0.714844 0.685547 0.712891 0.687500 0.712891 0.689453 0.710938 0.693359 0.710938 0.697266 0.707031 0.699219 0.707031 0.701172 0.705078 0.703125 0.705078 0.707031 0.701172 0.708984 0.701172 0.712891 0.697266 0.714844 0.697266 0.714844 0.695312 0.716797 0.693359 0.716797 0.683594 0.714844 0.681641 0.710938 0.681641 0.708984 0.679688
0 0.046875 0.699219 0.044922 0.701172 0.041016 0.701172 0.041016 0.703125 0.037109 0.707031 0.035156 0.707031 0.035156 0.712891 0.033203 0.714844 0.033203 0.722656 0.031250 0.724609 0.031250 0.732422 0.035156 0.736328 0.037109 0.736328 0.039062 0.738281 0.044922 0.738281 0.046875 0.740234 0.046875 0.736328 0.048828 0.734375 0.048828 0.724609 0.050781 0.722656 0.050781 0.699219
0 0.296875 0.693359 0.291016 0.699219 0.291016 0.703125 0.287109 0.707031 0.287109 0.724609 0.289062 0.726562 0.289062 0.728516 0.291016 0.730469 0.291016 0.732422 0.294922 0.736328 0.294922 0.738281 0.296875 0.738281 0.298828 0.740234 0.300781 0.740234 0.302734 0.742188 0.302734 0.744141 0.304688 0.746094 0.304688 0.748047 0.306641 0.750000 0.308594 0.750000 0.314453 0.755859 0.316406 0.755859 0.316406 0.744141 0.314453 0.742188 0.314453 0.728516 0.312500 0.726562 0.312500 0.720703 0.310547 0.718750 0.310547 0.710938 0.308594 0.708984 0.308594 0.701172 0.306641 0.699219 0.306641 0.695312 0.304688 0.693359
0 0.572266 0.761719 0.572266 0.769531 0.574219 0.771484 0.574219 0.775391 0.580078 0.781250 0.582031 0.781250 0.583984 0.783203 0.585938 0.783203 0.587891 0.785156 0.597656 0.785156 0.601562 0.781250 0.605469 0.781250 0.601562 0.777344 0.601562 0.775391 0.597656 0.771484 0.597656 0.769531 0.595703 0.767578 0.591797 0.767578 0.587891 0.763672 0.583984 0.763672 0.582031 0.761719
0 0.037109 0.757812 0.037109 0.759766 0.039062 0.761719 0.039062 0.769531 0.042969 0.773438 0.042969 0.775391 0.044922 0.777344 0.044922 0.779297 0.046875 0.781250 0.046875 0.783203 0.050781 0.787109 0.050781 0.789062 0.052734 0.791016 0.052734 0.792969 0.058594 0.798828 0.058594 0.800781 0.062500 0.804688 0.062500 0.808594 0.068359 0.808594 0.066406 0.806641 0.066406 0.802734 0.062500 0.798828 0.062500 0.792969 0.060547 0.791016 0.060547 0.787109 0.058594 0.785156 0.058594 0.783203 0.054688 0.779297 0.054688 0.777344 0.052734 0.775391 0.052734 0.771484 0.048828 0.767578 0.048828 0.765625 0.046875 0.763672 0.046875 0.761719 0.044922 0.761719 0.042969 0.759766 0.042969 0.757812
0 0.779297 0.759766 0.777344 0.761719 0.775391 0.761719 0.773438 0.763672 0.771484 0.763672 0.779297 0.771484 0.779297 0.773438 0.785156 0.779297 0.785156 0.783203 0.789062 0.787109 0.789062 0.791016 0.791016 0.792969 0.791016 0.796875 0.792969 0.798828 0.792969 0.804688 0.794922 0.806641 0.794922 0.808594 0.798828 0.812500 0.798828 0.814453 0.800781 0.816406 0.800781 0.818359 0.800781 0.814453 0.802734 0.812500 0.802734 0.808594 0.804688 0.806641 0.804688 0.769531 0.802734 0.767578 0.802734 0.763672 0.798828 0.759766
0 0.900391 0.824219 0.890625 0.833984 0.890625 0.841797 0.892578 0.843750 0.892578 0.867188 0.902344 0.876953 0.906250 0.876953 0.908203 0.875000 0.910156 0.875000 0.912109 0.873047 0.914062 0.873047 0.914062 0.867188 0.916016 0.865234 0.916016 0.863281 0.917969 0.861328 0.917969 0.835938 0.916016 0.833984 0.916016 0.832031 0.914062 0.830078 0.912109 0.830078 0.910156 0.828125 0.908203 0.828125 0.904297 0.824219
0 0.796875 0.828125 0.796875 0.845703 0.794922 0.847656 0.794922 0.851562 0.792969 0.853516 0.792969 0.857422 0.791016 0.859375 0.791016 0.871094 0.796875 0.876953 0.796875 0.878906 0.798828 0.878906 0.800781 0.880859 0.800781 0.886719 0.802734 0.888672 0.802734 0.894531 0.802734 0.890625 0.804688 0.888672 0.804688 0.861328 0.802734 0.859375 0.802734 0.849609 0.800781 0.847656 0.800781 0.837891 0.798828 0.835938 0.798828 0.833984 0.796875 0.832031
0 0.812500 0.847656 0.810547 0.849609 0.810547 0.855469 0.812500 0.857422 0.810547 0.859375 0.810547 0.863281 0.808594 0.865234 0.808594 0.871094 0.806641 0.873047 0.806641 0.876953 0.806641 0.875000 0.810547 0.871094 0.812500 0.871094 0.818359 0.865234 0.820312 0.865234 0.826172 0.859375 0.828125 0.859375 0.830078 0.857422 0.830078 0.855469 0.833984 0.851562 0.833984 0.847656
0 0.423828 0.841797 0.416016 0.849609 0.416016 0.851562 0.412109 0.855469 0.412109 0.857422 0.410156 0.859375 0.410156 0.886719 0.412109 0.888672 0.412109 0.890625 0.416016 0.894531 0.416016 0.896484 0.417969 0.898438 0.419922 0.898438 0.421875 0.900391 0.425781 0.900391 0.427734 0.902344 0.443359 0.902344 0.445312 0.900391 0.447266 0.900391 0.449219 0.898438 0.451172 0.898438 0.455078 0.894531 0.455078 0.869141 0.457031 0.867188 0.457031 0.849609 0.455078 0.847656 0.453125 0.847656 0.451172 0.845703 0.449219 0.845703 0.447266 0.843750 0.445312 0.843750 0.443359 0.841797
0 0.156250 0.875000 0.158203 0.876953 0.152344 0.882812 0.150391 0.882812 0.148438 0.884766 0.146484 0.884766 0.146484 0.886719 0.144531 0.888672 0.144531 0.890625 0.142578 0.892578 0.140625 0.892578 0.140625 0.894531 0.138672 0.896484 0.138672 0.898438 0.136719 0.900391 0.136719 0.902344 0.132812 0.906250 0.132812 0.908203 0.130859 0.910156 0.130859 0.937500 0.132812 0.939453 0.132812 0.941406 0.138672 0.947266 0.140625 0.947266 0.142578 0.949219 0.148438 0.949219 0.150391 0.951172 0.195312 0.951172 0.197266 0.949219 0.197266 0.947266 0.199219 0.945312 0.201172 0.945312 0.207031 0.939453 0.207031 0.937500 0.208984 0.935547 0.208984 0.906250 0.205078 0.902344 0.205078 0.900391 0.203125 0.898438 0.203125 0.896484 0.199219 0.892578 0.197266 0.892578 0.195312 0.890625 0.193359 0.890625 0.191406 0.888672 0.189453 0.888672 0.187500 0.886719 0.185547 0.886719 0.183594 0.884766 0.181641 0.884766 0.179688 0.882812 0.175781 0.882812 0.171875 0.878906 0.166016 0.878906 0.162109 0.875000
0 0.652344 0.871094 0.652344 0.875000 0.650391 0.876953 0.650391 0.882812 0.648438 0.884766 0.648438 0.886719 0.646484 0.888672 0.646484 0.921875 0.648438 0.923828 0.648438 0.925781 0.650391 0.927734 0.650391 0.929688 0.652344 0.931641 0.652344 0.955078 0.654297 0.953125 0.654297 0.949219 0.658203 0.945312 0.658203 0.943359 0.660156 0.941406 0.660156 0.910156 0.658203 0.908203 0.658203 0.878906 0.656250 0.876953 0.656250 0.875000
0 0.300781 0.925781 0.296875 0.929688 0.294922 0.929688 0.291016 0.933594 0.291016 0.943359 0.298828 0.951172 0.320312 0.951172 0.320312 0.947266 0.322266 0.945312 0.322266 0.933594 0.314453 0.925781
0 0.832031 0.960938 0.832031 0.962891 0.830078 0.964844 0.828125 0.964844 0.826172 0.966797 0.826172 0.968750 0.820312 0.974609 0.820312 0.976562 0.818359 0.978516 0.818359 0.980469 0.814453 0.984375 0.814453 0.996094 0.822266 0.996094 0.824219 0.994141 0.826172 0.994141 0.833984 0.986328 0.839844 0.986328 0.841797 0.984375 0.853516 0.984375 0.853516 0.982422 0.855469 0.980469 0.855469 0.968750 0.853516 0.966797 0.851562 0.966797 0.849609 0.964844 0.847656 0.964844 0.845703 0.962891 0.839844 0.962891 0.837891 0.960938
0 0.072266 0.968750 0.068359 0.972656 0.068359 0.974609 0.066406 0.976562 0.066406 0.990234 0.082031 0.990234 0.083984 0.988281 0.097656 0.988281 0.095703 0.988281 0.093750 0.986328 0.091797 0.986328 0.087891 0.982422 0.085938 0.982422 0.083984 0.980469 0.082031 0.980469 0.080078 0.978516 0.080078 0.976562 0.078125 0.974609 0.078125 0.972656 0.076172 0.972656 0.074219 0.970703 0.074219 0.968750
