0 0.392578 0.003906 0.394531 0.005859 0.394531 0.007812 0.396484 0.009766 0.396484 0.013672 0.402344 0.019531 0.402344 0.021484 0.404297 0.023438 0.404297 0.029297 0.408203 0.033203 0.408203 0.035156 0.410156 0.037109 0.414062 0.037109 0.416016 0.035156 0.416016 0.013672 0.410156 0.007812 0.410156 0.003906
0 0.609375 0.000000 0.609375 0.007812 0.607422 0.009766 0.607422 0.011719 0.605469 0.013672 0.605469 0.015625 0.603516 0.017578 0.603516 0.019531 0.597656 0.025391 0.597656 0.033203 0.595703 0.035156 0.593750 0.035156 0.593750 0.044922 0.597656 0.044922 0.599609 0.042969 0.601562 0.042969 0.603516 0.041016 0.605469 0.041016 0.605469 0.039062 0.607422 0.037109 0.607422 0.035156 0.609375 0.033203 0.609375 0.031250 0.613281 0.027344 0.613281 0.023438 0.617188 0.019531 0.617188 0.017578 0.619141 0.015625 0.621094 0.015625 0.623047 0.013672 0.623047 0.011719 0.628906 0.005859 0.626953 0.003906 0.621094 0.003906 0.619141 0.001953 0.613281 0.001953 0.611328 0.000000
0 0.669922 0.009766 0.666016 0.013672 0.666016 0.015625 0.664062 0.017578 0.664062 0.052734 0.666016 0.054688 0.666016 0.062500 0.666016 0.060547 0.667969 0.058594 0.669922 0.058594 0.669922 0.054688 0.671875 0.052734 0.671875 0.048828 0.675781 0.044922 0.677734 0.044922 0.677734 0.041016 0.679688 0.039062 0.679688 0.037109 0.683594 0.033203 0.683594 0.031250 0.685547 0.029297 0.685547 0.009766
0 0.662109 0.087891 0.658203 0.091797 0.658203 0.093750 0.656250 0.095703 0.656250 0.101562 0.654297 0.103516 0.654297 0.115234 0.662109 0.123047 0.664062 0.123047 0.666016 0.125000 0.669922 0.125000 0.671875 0.126953 0.671875 0.128906 0.675781 0.128906 0.675781 0.115234 0.673828 0.113281 0.673828 0.093750 0.671875 0.091797 0.671875 0.087891
0 0.878906 0.156250 0.878906 0.175781 0.880859 0.175781 0.882812 0.177734 0.882812 0.179688 0.884766 0.181641 0.884766 0.183594 0.886719 0.185547 0.886719 0.187500 0.890625 0.191406 0.890625 0.193359 0.892578 0.195312 0.892578 0.199219 0.896484 0.203125 0.896484 0.207031 0.898438 0.208984 0.898438 0.212891 0.902344 0.216797 0.902344 0.220703 0.906250 0.224609 0.906250 0.226562 0.908203 0.226562 0.910156 0.228516 0.910156 0.230469 0.914062 0.230469 0.914062 0.224609 0.912109 0.222656 0.912109 0.216797 0.910156 0.214844 0.910156 0.212891 0.908203 0.210938 0.908203 0.208984 0.906250 0.207031 0.906250 0.205078 0.904297 0.203125 0.904297 0.199219 0.900391 0.195312 0.900391 0.193359 0.898438 0.191406 0.898438 0.187500 0.894531 0.183594 0.894531 0.175781 0.892578 0.173828 0.892578 0.164062 0.890625 0.162109 0.890625 0.160156 0.888672 0.158203 0.884766 0.158203 0.882812 0.156250
0 0.667969 0.183594 0.666016 0.185547 0.662109 0.185547 0.660156 0.187500 0.658203 0.187500 0.644531 0.201172 0.650391 0.201172 0.654297 0.205078 0.656250 0.205078 0.658203 0.207031 0.662109 0.207031 0.664062 0.208984 0.664062 0.210938 0.667969 0.210938 0.669922 0.212891 0.683594 0.212891 0.683594 0.210938 0.685547 0.208984 0.685547 0.203125 0.687500 0.201172 0.687500 0.197266 0.689453 0.195312 0.689453 0.189453 0.683594 0.183594
0 0.500000 0.197266 0.498047 0.199219 0.496094 0.199219 0.494141 0.201172 0.490234 0.201172 0.488281 0.203125 0.484375 0.203125 0.480469 0.207031 0.478516 0.207031 0.476562 0.208984 0.474609 0.208984 0.472656 0.210938 0.470703 0.210938 0.468750 0.212891 0.466797 0.212891 0.464844 0.214844 0.462891 0.214844 0.460938 0.216797 0.458984 0.216797 0.455078 0.220703 0.455078 0.222656 0.457031 0.224609 0.457031 0.228516 0.458984 0.230469 0.458984 0.234375 0.460938 0.236328 0.460938 0.240234 0.462891 0.242188 0.462891 0.246094 0.464844 0.248047 0.464844 0.251953 0.468750 0.255859 0.486328 0.255859 0.488281 0.253906 0.490234 0.253906 0.492188 0.251953 0.494141 0.251953 0.498047 0.248047 0.500000 0.248047 0.500000 0.246094 0.507812 0.238281 0.507812 0.236328 0.509766 0.234375 0.509766 0.226562 0.511719 0.224609 0.511719 0.197266
0 0.982422 0.199219 0.978516 0.203125 0.976562 0.203125 0.974609 0.205078 0.974609 0.208984 0.972656 0.210938 0.972656 0.248047 0.976562 0.251953 0.976562 0.255859 0.990234 0.269531 0.990234 0.250000 0.992188 0.248047 0.992188 0.222656 0.994141 0.220703 0.994141 0.216797 0.992188 0.214844 0.992188 0.212891 0.990234 0.210938 0.990234 0.207031 0.986328 0.203125 0.986328 0.201172 0.984375 0.199219
0 0.669922 0.222656 0.669922 0.224609 0.671875 0.226562 0.671875 0.230469 0.673828 0.232422 0.673828 0.234375 0.675781 0.236328 0.679688 0.236328 0.691406 0.248047 0.691406 0.250000 0.693359 0.250000 0.699219 0.255859 0.701172 0.255859 0.703125 0.257812 0.705078 0.257812 0.708984 0.261719 0.724609 0.261719 0.728516 0.257812 0.728516 0.240234 0.726562 0.238281 0.726562 0.234375 0.722656 0.230469 0.722656 0.228516 0.720703 0.226562 0.718750 0.226562 0.716797 0.224609 0.710938 0.224609 0.708984 0.222656
0 0.824219 0.224609 0.820312 0.228516 0.820312 0.230469 0.816406 0.234375 0.816406 0.273438 0.818359 0.275391 0.818359 0.279297 0.820312 0.281250 0.820312 0.283203 0.822266 0.285156 0.822266 0.287109 0.820312 0.289062 0.822266 0.289062 0.824219 0.287109 0.826172 0.287109 0.832031 0.281250 0.832031 0.273438 0.833984 0.271484 0.833984 0.250000 0.832031 0.248047 0.832031 0.226562 0.833984 0.224609
0 0.769531 0.242188 0.767578 0.244141 0.767578 0.248047 0.765625 0.250000 0.765625 0.273438 0.769531 0.277344 0.769531 0.279297 0.771484 0.279297 0.773438 0.281250 0.787109 0.281250 0.789062 0.283203 0.791016 0.283203 0.791016 0.269531 0.792969 0.267578 0.792969 0.263672 0.796875 0.259766 0.796875 0.255859 0.798828 0.253906 0.798828 0.242188
0 0.613281 0.255859 0.613281 0.261719 0.615234 0.263672 0.615234 0.267578 0.617188 0.269531 0.617188 0.271484 0.621094 0.275391 0.621094 0.277344 0.623047 0.279297 0.623047 0.283203 0.625000 0.285156 0.625000 0.289062 0.626953 0.289062 0.628906 0.291016 0.628906 0.292969 0.630859 0.294922 0.630859 0.296875 0.632812 0.296875 0.634766 0.298828 0.634766 0.302734 0.636719 0.304688 0.636719 0.306641 0.638672 0.308594 0.638672 0.310547 0.640625 0.310547 0.642578 0.312500 0.642578 0.314453 0.644531 0.316406 0.644531 0.318359 0.652344 0.326172 0.654297 0.326172 0.656250 0.328125 0.658203 0.326172 0.660156 0.326172 0.660156 0.316406 0.662109 0.314453 0.662109 0.291016 0.656250 0.285156 0.656250 0.283203 0.654297 0.281250 0.654297 0.279297 0.650391 0.275391 0.650391 0.273438 0.646484 0.269531 0.644531 0.269531 0.638672 0.263672 0.634766 0.263672 0.632812 0.261719 0.628906 0.261719 0.626953 0.259766 0.625000 0.259766 0.623047 0.257812 0.619141 0.257812 0.617188 0.255859
0 0.007812 0.285156 0.005859 0.287109 0.005859 0.289062 0.001953 0.292969 0.001953 0.316406 0.003906 0.314453 0.007812 0.314453 0.009766 0.312500 0.013672 0.312500 0.013672 0.310547 0.017578 0.306641 0.017578 0.287109 0.015625 0.285156
0 0.457031 0.291016 0.453125 0.294922 0.453125 0.296875 0.447266 0.302734 0.447266 0.304688 0.437500 0.314453 0.435547 0.314453 0.431641 0.318359 0.429688 0.318359 0.427734 0.320312 0.427734 0.324219 0.425781 0.326172 0.425781 0.330078 0.423828 0.332031 0.423828 0.335938 0.421875 0.337891 0.421875 0.343750 0.419922 0.345703 0.419922 0.349609 0.421875 0.349609 0.423828 0.347656 0.433594 0.347656 0.435547 0.345703 0.437500 0.345703 0.439453 0.343750 0.447266 0.343750 0.449219 0.341797 0.453125 0.341797 0.455078 0.339844 0.457031 0.339844 0.458984 0.337891 0.460938 0.337891 0.460938 0.335938 0.462891 0.333984 0.464844 0.333984 0.464844 0.332031 0.468750 0.328125 0.468750 0.326172 0.470703 0.324219 0.470703 0.322266 0.472656 0.320312 0.472656 0.318359 0.474609 0.316406 0.474609 0.312500 0.476562 0.310547 0.478516 0.310547 0.478516 0.298828 0.472656 0.292969 0.466797 0.292969 0.464844 0.291016
0 0.726562 0.318359 0.726562 0.320312 0.724609 0.322266 0.720703 0.322266 0.716797 0.326172 0.714844 0.326172 0.712891 0.328125 0.710938 0.328125 0.707031 0.332031 0.703125 0.332031 0.701172 0.333984 0.689453 0.333984 0.687500 0.335938 0.685547 0.335938 0.681641 0.339844 0.681641 0.341797 0.679688 0.343750 0.679688 0.345703 0.677734 0.347656 0.675781 0.347656 0.671875 0.351562 0.669922 0.351562 0.669922 0.353516 0.667969 0.355469 0.666016 0.355469 0.662109 0.359375 0.662109 0.361328 0.660156 0.363281 0.660156 0.365234 0.658203 0.367188 0.658203 0.369141 0.654297 0.373047 0.654297 0.375000 0.652344 0.376953 0.654297 0.376953 0.656250 0.375000 0.658203 0.375000 0.662109 0.371094 0.667969 0.371094 0.669922 0.369141 0.673828 0.369141 0.677734 0.365234 0.681641 0.365234 0.683594 0.363281 0.685547 0.363281 0.689453 0.359375 0.691406 0.359375 0.693359 0.357422 0.695312 0.357422 0.697266 0.355469 0.699219 0.355469 0.705078 0.349609 0.707031 0.349609 0.712891 0.343750 0.714844 0.343750 0.718750 0.339844 0.720703 0.339844 0.720703 0.337891 0.722656 0.335938 0.722656 0.333984 0.724609 0.332031 0.724609 0.330078 0.732422 0.322266 0.734375 0.322266 0.734375 0.318359
0 0.542969 0.318359 0.542969 0.326172 0.541016 0.328125 0.541016 0.333984 0.539062 0.335938 0.539062 0.365234 0.537109 0.367188 0.537109 0.384766 0.539062 0.384766 0.541016 0.386719 0.544922 0.386719 0.546875 0.388672 0.546875 0.386719 0.548828 0.384766 0.548828 0.380859 0.552734 0.376953 0.552734 0.373047 0.554688 0.371094 0.554688 0.335938 0.550781 0.332031 0.550781 0.326172 0.548828 0.324219 0.548828 0.320312 0.546875 0.318359
0 0.111328 0.371094 0.111328 0.382812 0.113281 0.384766 0.113281 0.396484 0.115234 0.398438 0.115234 0.402344 0.117188 0.404297 0.117188 0.406250 0.119141 0.406250 0.123047 0.410156 0.125000 0.410156 0.128906 0.414062 0.130859 0.414062 0.134766 0.410156 0.134766 0.408203 0.136719 0.406250 0.136719 0.404297 0.138672 0.402344 0.138672 0.394531 0.140625 0.392578 0.140625 0.384766 0.138672 0.382812 0.136719 0.382812 0.132812 0.378906 0.128906 0.378906 0.126953 0.376953 0.121094 0.376953 0.119141 0.375000 0.117188 0.375000 0.115234 0.373047 0.113281 0.373047
0 0.152344 0.380859 0.150391 0.382812 0.148438 0.382812 0.148438 0.384766 0.146484 0.386719 0.144531 0.386719 0.144531 0.388672 0.142578 0.390625 0.142578 0.392578 0.140625 0.394531 0.140625 0.402344 0.144531 0.406250 0.146484 0.406250 0.154297 0.414062 0.158203 0.414062 0.162109 0.417969 0.167969 0.417969 0.167969 0.398438 0.169922 0.396484 0.169922 0.380859
0 0.582031 0.390625 0.582031 0.392578 0.580078 0.394531 0.580078 0.414062 0.583984 0.417969 0.583984 0.419922 0.587891 0.423828 0.587891 0.425781 0.589844 0.427734 0.589844 0.429688 0.591797 0.431641 0.591797 0.435547 0.593750 0.435547 0.595703 0.437500 0.595703 0.441406 0.597656 0.443359 0.597656 0.445312 0.599609 0.443359 0.601562 0.443359 0.601562 0.406250 0.597656 0.402344 0.597656 0.400391 0.595703 0.398438 0.595703 0.396484 0.593750 0.396484 0.591797 0.394531 0.591797 0.392578 0.589844 0.390625
0 0.570312 0.429688 0.568359 0.431641 0.564453 0.431641 0.564453 0.457031 0.566406 0.458984 0.566406 0.460938 0.570312 0.464844 0.570312 0.466797 0.576172 0.472656 0.576172 0.474609 0.578125 0.474609 0.580078 0.476562 0.580078 0.478516 0.582031 0.480469 0.583984 0.480469 0.589844 0.486328 0.593750 0.486328 0.593750 0.480469 0.595703 0.478516 0.595703 0.472656 0.591797 0.468750 0.591797 0.466797 0.589844 0.464844 0.587891 0.464844 0.585938 0.462891 0.585938 0.460938 0.582031 0.457031 0.582031 0.455078 0.580078 0.453125 0.580078 0.443359 0.578125 0.441406 0.578125 0.437500 0.576172 0.435547 0.576172 0.431641 0.574219 0.429688
0 0.548828 0.455078 0.548828 0.466797 0.550781 0.468750 0.550781 0.486328 0.552734 0.488281 0.552734 0.492188 0.558594 0.498047 0.560547 0.498047 0.562500 0.500000 0.564453 0.500000 0.566406 0.501953 0.566406 0.503906 0.568359 0.503906 0.570312 0.505859 0.572266 0.505859 0.576172 0.509766 0.578125 0.509766 0.580078 0.511719 0.583984 0.511719 0.583984 0.503906 0.578125 0.498047 0.578125 0.496094 0.576172 0.496094 0.572266 0.492188 0.570312 0.492188 0.560547 0.482422 0.560547 0.480469 0.558594 0.478516 0.558594 0.476562 0.554688 0.472656 0.554688 0.470703 0.552734 0.468750 0.552734 0.464844 0.550781 0.462891 0.550781 0.457031
0 0.630859 0.457031 0.630859 0.470703 0.632812 0.472656 0.632812 0.474609 0.634766 0.476562 0.634766 0.478516 0.642578 0.486328 0.642578 0.488281 0.646484 0.492188 0.646484 0.505859 0.644531 0.507812 0.644531 0.509766 0.638672 0.515625 0.636719 0.515625 0.634766 0.517578 0.634766 0.519531 0.632812 0.521484 0.630859 0.521484 0.625000 0.527344 0.625000 0.529297 0.628906 0.529297 0.630859 0.531250 0.632812 0.531250 0.634766 0.533203 0.636719 0.533203 0.638672 0.535156 0.642578 0.535156 0.644531 0.537109 0.648438 0.537109 0.650391 0.539062 0.652344 0.539062 0.654297 0.541016 0.660156 0.541016 0.662109 0.542969 0.685547 0.542969 0.687500 0.541016 0.689453 0.541016 0.691406 0.539062 0.691406 0.533203 0.693359 0.531250 0.693359 0.515625 0.687500 0.509766 0.687500 0.507812 0.685547 0.507812 0.683594 0.505859 0.683594 0.501953 0.671875 0.490234 0.671875 0.488281 0.669922 0.486328 0.669922 0.484375 0.667969 0.482422 0.667969 0.480469 0.658203 0.470703 0.656250 0.470703 0.654297 0.468750 0.652344 0.468750 0.650391 0.466797 0.650391 0.464844 0.648438 0.462891 0.646484 0.462891 0.642578 0.458984 0.638672 0.458984 0.636719 0.457031
0 0.240234 0.509766 0.240234 0.511719 0.236328 0.515625 0.234375 0.515625 0.234375 0.517578 0.230469 0.521484 0.228516 0.521484 0.228516 0.523438 0.214844 0.537109 0.212891 0.537109 0.212891 0.539062 0.207031 0.544922 0.207031 0.548828 0.205078 0.550781 0.205078 0.556641 0.207031 0.558594 0.207031 0.560547 0.208984 0.562500 0.208984 0.566406 0.210938 0.568359 0.210938 0.570312 0.210938 0.568359 0.212891 0.566406 0.212891 0.564453 0.214844 0.562500 0.216797 0.562500 0.216797 0.560547 0.218750 0.558594 0.220703 0.558594 0.222656 0.556641 0.224609 0.556641 0.226562 0.554688 0.228516 0.554688 0.230469 0.552734 0.232422 0.552734 0.232422 0.550781 0.236328 0.546875 0.240234 0.546875 0.240234 0.544922 0.242188 0.542969 0.244141 0.542969 0.248047 0.539062 0.250000 0.539062 0.253906 0.535156 0.255859 0.535156 0.261719 0.529297 0.261719 0.515625 0.257812 0.511719 0.255859 0.511719 0.253906 0.509766
0 0.421875 0.503906 0.419922 0.505859 0.417969 0.505859 0.416016 0.507812 0.414062 0.507812 0.410156 0.511719 0.406250 0.511719 0.404297 0.513672 0.402344 0.513672 0.400391 0.515625 0.396484 0.515625 0.394531 0.517578 0.392578 0.517578 0.388672 0.521484 0.386719 0.521484 0.378906 0.529297 0.376953 0.529297 0.376953 0.531250 0.373047 0.535156 0.371094 0.535156 0.371094 0.539062 0.369141 0.541016 0.369141 0.572266 0.371094 0.572266 0.380859 0.582031 0.384766 0.582031 0.386719 0.583984 0.396484 0.583984 0.398438 0.585938 0.404297 0.585938 0.408203 0.582031 0.414062 0.582031 0.417969 0.578125 0.421875 0.578125 0.423828 0.576172 0.425781 0.576172 0.435547 0.566406 0.435547 0.562500 0.437500 0.560547 0.437500 0.531250 0.435547 0.529297 0.435547 0.521484 0.433594 0.519531 0.433594 0.515625 0.431641 0.513672 0.431641 0.511719 0.427734 0.507812 0.427734 0.505859 0.425781 0.503906
0 0.617188 0.529297 0.617188 0.535156 0.621094 0.539062 0.623047 0.539062 0.626953 0.542969 0.626953 0.544922 0.630859 0.548828 0.630859 0.578125 0.626953 0.582031 0.626953 0.585938 0.621094 0.591797 0.621094 0.595703 0.636719 0.595703 0.636719 0.593750 0.638672 0.591797 0.640625 0.591797 0.640625 0.589844 0.642578 0.587891 0.642578 0.585938 0.644531 0.583984 0.644531 0.578125 0.646484 0.576172 0.646484 0.574219 0.648438 0.572266 0.648438 0.558594 0.646484 0.556641 0.646484 0.552734 0.642578 0.548828 0.642578 0.546875 0.638672 0.542969 0.638672 0.541016 0.636719 0.539062 0.634766 0.539062 0.630859 0.535156 0.630859 0.533203 0.628906 0.531250 0.625000 0.531250 0.623047 0.529297
0 0.679688 0.546875 0.679688 0.548828 0.677734 0.550781 0.677734 0.552734 0.675781 0.554688 0.673828 0.554688 0.671875 0.556641 0.669922 0.556641 0.667969 0.558594 0.666016 0.558594 0.662109 0.562500 0.660156 0.562500 0.658203 0.564453 0.658203 0.566406 0.656250 0.568359 0.656250 0.572266 0.654297 0.574219 0.654297 0.576172 0.652344 0.578125 0.652344 0.593750 0.667969 0.593750 0.669922 0.591797 0.671875 0.591797 0.675781 0.587891 0.677734 0.587891 0.677734 0.585938 0.683594 0.580078 0.683594 0.578125 0.685547 0.576172 0.685547 0.560547 0.687500 0.558594 0.687500 0.554688
0 0.765625 0.574219 0.763672 0.576172 0.761719 0.576172 0.761719 0.578125 0.759766 0.580078 0.757812 0.580078 0.755859 0.582031 0.753906 0.582031 0.753906 0.583984 0.748047 0.589844 0.748047 0.591797 0.750000 0.593750 0.750000 0.595703 0.751953 0.597656 0.751953 0.601562 0.753906 0.603516 0.753906 0.605469 0.755859 0.607422 0.755859 0.611328 0.757812 0.613281 0.757812 0.615234 0.759766 0.617188 0.773438 0.617188 0.775391 0.615234 0.777344 0.615234 0.779297 0.613281 0.785156 0.613281 0.787109 0.611328 0.791016 0.611328 0.794922 0.607422 0.800781 0.607422 0.802734 0.605469 0.804688 0.605469 0.806641 0.603516 0.808594 0.603516 0.810547 0.601562 0.812500 0.601562 0.814453 0.599609 0.816406 0.599609 0.816406 0.597656 0.818359 0.595703 0.818359 0.589844 0.816406 0.587891 0.814453 0.587891 0.812500 0.585938 0.810547 0.585938 0.808594 0.583984 0.806641 0.583984 0.804688 0.582031 0.796875 0.582031 0.794922 0.580078 0.792969 0.580078 0.791016 0.578125 0.787109 0.578125 0.785156 0.576172 0.781250 0.576172 0.779297 0.574219
0 0.705078 0.619141 0.703125 0.621094 0.703125 0.623047 0.701172 0.625000 0.701172 0.626953 0.697266 0.630859 0.697266 0.632812 0.695312 0.634766 0.695312 0.638672 0.693359 0.640625 0.691406 0.640625 0.691406 0.644531 0.685547 0.650391 0.683594 0.650391 0.683594 0.652344 0.681641 0.654297 0.681641 0.658203 0.679688 0.660156 0.677734 0.660156 0.677734 0.662109 0.673828 0.666016 0.673828 0.673828 0.664062 0.683594 0.667969 0.683594 0.669922 0.681641 0.675781 0.681641 0.677734 0.679688 0.679688 0.679688 0.685547 0.673828 0.687500 0.673828 0.689453 0.671875 0.691406 0.671875 0.691406 0.669922 0.695312 0.666016 0.697266 0.666016 0.697266 0.664062 0.703125 0.658203 0.703125 0.656250 0.712891 0.646484 0.712891 0.644531 0.716797 0.640625 0.716797 0.638672 0.718750 0.636719 0.718750 0.634766 0.720703 0.632812 0.720703 0.623047 0.718750 0.621094 0.714844 0.621094 0.712891 0.619141
0 0.960938 0.634766 0.962891 0.636719 0.960938 0.638672 0.941406 0.638672 0.941406 0.640625 0.939453 0.642578 0.937500 0.642578 0.935547 0.644531 0.933594 0.644531 0.929688 0.648438 0.929688 0.650391 0.927734 0.652344 0.927734 0.656250 0.925781 0.658203 0.923828 0.658203 0.923828 0.679688 0.927734 0.683594 0.927734 0.685547 0.929688 0.687500 0.929688 0.689453 0.933594 0.693359 0.935547 0.693359 0.939453 0.697266 0.943359 0.697266 0.945312 0.699219 0.970703 0.699219 0.972656 0.697266 0.974609 0.697266 0.976562 0.695312 0.976562 0.691406 0.978516 0.689453 0.978516 0.687500 0.980469 0.685547 0.980469 0.681641 0.982422 0.679688 0.982422 0.675781 0.984375 0.673828 0.986328 0.673828 0.986328 0.667969 0.988281 0.666016 0.988281 0.648438 0.986328 0.648438 0.984375 0.646484 0.984375 0.644531 0.982422 0.642578 0.980469 0.642578 0.978516 0.640625 0.974609 0.640625 0.970703 0.636719 0.964844 0.636719 0.962891 0.634766
0 0.013672 0.630859 0.009766 0.634766 0.007812 0.634766 0.001953 0.640625 0.001953 0.644531 0.000000 0.646484 0.000000 0.662109 0.001953 0.664062 0.001953 0.673828 0.003906 0.675781 0.003906 0.687500 0.005859 0.689453 0.005859 0.701172 0.007812 0.703125 0.007812 0.714844 0.007812 0.708984 0.011719 0.705078 0.011719 0.701172 0.013672 0.699219 0.015625 0.699219 0.015625 0.697266 0.019531 0.693359 0.023438 0.693359 0.029297 0.687500 0.031250 0.687500 0.035156 0.683594 0.039062 0.683594 0.039062 0.681641 0.041016 0.679688 0.044922 0.679688 0.048828 0.675781 0.050781 0.675781 0.050781 0.673828 0.052734 0.671875 0.056641 0.671875 0.058594 0.669922 0.058594 0.667969 0.064453 0.662109 0.064453 0.658203 0.066406 0.656250 0.066406 0.640625 0.062500 0.640625 0.058594 0.636719 0.054688 0.636719 0.052734 0.634766 0.048828 0.634766 0.044922 0.630859
0 0.576172 0.648438 0.572266 0.652344 0.572266 0.660156 0.570312 0.662109 0.570312 0.666016 0.566406 0.669922 0.566406 0.699219 0.568359 0.701172 0.568359 0.705078 0.570312 0.707031 0.572266 0.705078 0.572266 0.701172 0.574219 0.699219 0.574219 0.683594 0.576172 0.681641 0.576172 0.673828 0.578125 0.671875 0.580078 0.671875 0.580078 0.667969 0.583984 0.664062 0.583984 0.662109 0.585938 0.660156 0.585938 0.654297 0.587891 0.652344 0.587891 0.648438
0 0.601562 0.660156 0.597656 0.664062 0.597656 0.666016 0.595703 0.667969 0.593750 0.667969 0.593750 0.669922 0.585938 0.677734 0.585938 0.679688 0.583984 0.681641 0.583984 0.685547 0.580078 0.689453 0.580078 0.707031 0.583984 0.710938 0.605469 0.710938 0.607422 0.708984 0.609375 0.708984 0.613281 0.705078 0.615234 0.705078 0.617188 0.703125 0.617188 0.701172 0.623047 0.695312 0.623047 0.693359 0.625000 0.691406 0.626953 0.691406 0.626953 0.683594 0.628906 0.681641 0.628906 0.664062 0.626953 0.662109 0.625000 0.662109 0.623047 0.660156
0 0.904297 0.701172 0.904297 0.703125 0.896484 0.710938 0.886719 0.710938 0.886719 0.712891 0.884766 0.714844 0.884766 0.718750 0.882812 0.720703 0.882812 0.724609 0.892578 0.724609 0.894531 0.726562 0.896484 0.726562 0.898438 0.728516 0.908203 0.728516 0.910156 0.730469 0.925781 0.730469 0.927734 0.728516 0.931641 0.728516 0.935547 0.724609 0.939453 0.724609 0.941406 0.722656 0.943359 0.722656 0.943359 0.718750 0.945312 0.716797 0.945312 0.703125 0.943359 0.701172
0 0.996094 0.685547 0.994141 0.687500 0.992188 0.687500 0.988281 0.691406 0.986328 0.691406 0.980469 0.697266 0.978516 0.697266 0.978516 0.699219 0.974609 0.703125 0.974609 0.705078 0.972656 0.707031 0.972656 0.710938 0.970703 0.712891 0.970703 0.714844 0.968750 0.716797 0.966797 0.716797 0.966797 0.744141 0.968750 0.746094 0.968750 0.748047 0.972656 0.751953 0.974609 0.751953 0.976562 0.753906 0.982422 0.753906 0.984375 0.755859 0.986328 0.755859 0.988281 0.757812 0.992188 0.757812 0.992188 0.724609 0.994141 0.722656 0.994141 0.687500
0 0.732422 0.708984 0.728516 0.712891 0.728516 0.732422 0.730469 0.732422 0.732422 0.734375 0.734375 0.734375 0.736328 0.736328 0.738281 0.736328 0.740234 0.738281 0.742188 0.738281 0.744141 0.740234 0.746094 0.740234 0.748047 0.742188 0.751953 0.742188 0.753906 0.744141 0.757812 0.744141 0.759766 0.746094 0.792969 0.746094 0.794922 0.744141 0.796875 0.744141 0.798828 0.742188 0.798828 0.740234 0.800781 0.738281 0.800781 0.736328 0.802734 0.734375 0.802734 0.732422 0.804688 0.730469 0.804688 0.722656 0.802734 0.720703 0.800781 0.720703 0.798828 0.718750 0.796875 0.718750 0.792969 0.714844 0.791016 0.714844 0.789062 0.712891 0.775391 0.712891 0.773438 0.710938 0.742188 0.710938 0.740234 0.708984
0 0.531250 0.710938 0.529297 0.712891 0.527344 0.712891 0.523438 0.716797 0.521484 0.716797 0.517578 0.720703 0.517578 0.722656 0.515625 0.724609 0.515625 0.726562 0.513672 0.728516 0.513672 0.732422 0.511719 0.734375 0.511719 0.742188 0.509766 0.744141 0.509766 0.763672 0.511719 0.765625 0.511719 0.775391 0.513672 0.777344 0.513672 0.779297 0.515625 0.781250 0.515625 0.785156 0.521484 0.791016 0.525391 0.787109 0.525391 0.785156 0.529297 0.781250 0.529297 0.779297 0.533203 0.775391 0.533203 0.757812 0.535156 0.755859 0.535156 0.730469 0.537109 0.728516 0.537109 0.722656 0.539062 0.720703 0.539062 0.718750 0.541016 0.716797 0.541016 0.712891 0.539062 0.710938
0 0.566406 0.720703 0.562500 0.724609 0.558594 0.724609 0.558594 0.726562 0.554688 0.730469 0.554688 0.734375 0.552734 0.736328 0.552734 0.738281 0.550781 0.740234 0.550781 0.744141 0.548828 0.746094 0.548828 0.763672 0.550781 0.765625 0.550781 0.767578 0.552734 0.767578 0.558594 0.773438 0.558594 0.775391 0.560547 0.775391 0.562500 0.777344 0.564453 0.777344 0.566406 0.779297 0.568359 0.779297 0.570312 0.781250 0.595703 0.781250 0.595703 0.769531 0.591797 0.765625 0.591797 0.763672 0.587891 0.759766 0.587891 0.757812 0.585938 0.755859 0.585938 0.751953 0.583984 0.750000 0.583984 0.744141 0.582031 0.742188 0.582031 0.732422 0.580078 0.730469 0.580078 0.728516 0.578125 0.726562 0.578125 0.724609 0.576172 0.722656 0.576172 0.720703
0 0.810547 0.750000 0.808594 0.751953 0.806641 0.751953 0.804688 0.753906 0.802734 0.753906 0.800781 0.755859 0.798828 0.755859 0.796875 0.757812 0.794922 0.757812 0.792969 0.759766 0.791016 0.759766 0.787109 0.763672 0.783203 0.763672 0.775391 0.771484 0.775391 0.773438 0.777344 0.775391 0.781250 0.775391 0.783203 0.777344 0.806641 0.777344 0.808594 0.775391 0.810547 0.775391 0.812500 0.773438 0.814453 0.773438 0.816406 0.771484 0.818359 0.771484 0.820312 0.769531 0.822266 0.769531 0.826172 0.765625 0.828125 0.765625 0.830078 0.763672 0.832031 0.763672 0.833984 0.761719 0.833984 0.757812 0.835938 0.755859 0.835938 0.751953 0.832031 0.751953 0.830078 0.750000
0 0.666016 0.738281 0.662109 0.742188 0.658203 0.742188 0.654297 0.746094 0.652344 0.746094 0.652344 0.748047 0.650391 0.750000 0.648438 0.750000 0.648438 0.753906 0.646484 0.755859 0.646484 0.759766 0.644531 0.761719 0.644531 0.763672 0.642578 0.765625 0.642578 0.773438 0.644531 0.775391 0.644531 0.779297 0.646484 0.781250 0.646484 0.783203 0.648438 0.785156 0.648438 0.789062 0.650391 0.789062 0.652344 0.787109 0.654297 0.787109 0.658203 0.783203 0.671875 0.783203 0.673828 0.781250 0.687500 0.781250 0.689453 0.779297 0.699219 0.779297 0.701172 0.777344 0.703125 0.777344 0.705078 0.775391 0.707031 0.775391 0.710938 0.771484 0.712891 0.771484 0.714844 0.769531 0.716797 0.769531 0.720703 0.765625 0.722656 0.765625 0.722656 0.763672 0.724609 0.761719 0.724609 0.757812 0.726562 0.755859 0.726562 0.753906 0.724609 0.751953 0.720703 0.751953 0.718750 0.750000 0.712891 0.750000 0.710938 0.748047 0.707031 0.748047 0.705078 0.746094 0.697266 0.746094 0.695312 0.744141 0.695312 0.742188 0.693359 0.740234 0.687500 0.740234 0.685547 0.738281
0 0.119141 0.781250 0.119141 0.783203 0.113281 0.789062 0.113281 0.791016 0.111328 0.792969 0.111328 0.806641 0.113281 0.806641 0.121094 0.814453 0.126953 0.814453 0.126953 0.812500 0.128906 0.810547 0.128906 0.808594 0.130859 0.806641 0.130859 0.804688 0.132812 0.802734 0.132812 0.800781 0.134766 0.798828 0.134766 0.791016 0.136719 0.789062 0.136719 0.783203 0.134766 0.781250
0 0.322266 0.824219 0.320312 0.826172 0.316406 0.826172 0.312500 0.830078 0.310547 0.830078 0.306641 0.833984 0.306641 0.845703 0.322266 0.845703 0.324219 0.847656 0.335938 0.847656 0.337891 0.845703 0.337891 0.843750 0.339844 0.841797 0.339844 0.835938 0.337891 0.833984 0.337891 0.832031 0.335938 0.830078 0.335938 0.828125 0.332031 0.824219
0 0.589844 0.816406 0.587891 0.818359 0.585938 0.818359 0.583984 0.820312 0.582031 0.820312 0.574219 0.828125 0.574219 0.830078 0.572266 0.832031 0.572266 0.835938 0.570312 0.837891 0.570312 0.843750 0.568359 0.845703 0.568359 0.865234 0.570312 0.867188 0.570312 0.873047 0.572266 0.875000 0.572266 0.878906 0.576172 0.882812 0.576172 0.886719 0.578125 0.888672 0.578125 0.892578 0.580078 0.892578 0.582031 0.894531 0.582031 0.898438 0.585938 0.902344 0.585938 0.904297 0.591797 0.910156 0.597656 0.910156 0.599609 0.912109 0.601562 0.912109 0.603516 0.914062 0.607422 0.914062 0.609375 0.916016 0.611328 0.916016 0.613281 0.917969 0.613281 0.910156 0.615234 0.908203 0.615234 0.906250 0.617188 0.904297 0.617188 0.896484 0.619141 0.894531 0.619141 0.892578 0.621094 0.890625 0.621094 0.884766 0.623047 0.882812 0.623047 0.875000 0.625000 0.873047 0.625000 0.867188 0.626953 0.865234 0.626953 0.833984 0.625000 0.832031 0.625000 0.830078 0.621094 0.826172 0.621094 0.824219 0.619141 0.822266 0.615234 0.822266 0.613281 0.820312 0.607422 0.820312 0.605469 0.818359 0.603516 0.818359 0.601562 0.816406
0 0.291016 0.863281 0.283203 0.871094 0.283203 0.873047 0.281250 0.875000 0.281250 0.876953 0.279297 0.878906 0.279297 0.884766 0.281250 0.884766 0.283203 0.886719 0.320312 0.886719 0.320312 0.884766 0.322266 0.882812 0.322266 0.871094 0.320312 0.869141 0.320312 0.865234 0.318359 0.863281
0 0.083984 0.859375 0.082031 0.861328 0.078125 0.861328 0.076172 0.863281 0.076172 0.865234 0.074219 0.867188 0.072266 0.867188 0.072266 0.869141 0.070312 0.871094 0.070312 0.873047 0.066406 0.876953 0.066406 0.878906 0.062500 0.882812 0.062500 0.886719 0.058594 0.890625 0.058594 0.892578 0.056641 0.894531 0.068359 0.906250 0.070312 0.906250 0.074219 0.902344 0.076172 0.902344 0.078125 0.900391 0.080078 0.900391 0.083984 0.896484 0.085938 0.896484 0.091797 0.890625 0.093750 0.890625 0.097656 0.886719 0.097656 0.884766 0.101562 0.880859 0.101562 0.876953 0.103516 0.875000 0.103516 0.871094 0.105469 0.869141 0.105469 0.861328 0.103516 0.861328 0.101562 0.859375
0 0.363281 0.861328 0.361328 0.863281 0.361328 0.865234 0.357422 0.869141 0.357422 0.873047 0.355469 0.875000 0.355469 0.876953 0.351562 0.880859 0.351562 0.904297 0.353516 0.906250 0.353516 0.917969 0.355469 0.919922 0.355469 0.921875 0.359375 0.925781 0.361328 0.925781 0.365234 0.929688 0.365234 0.921875 0.363281 0.919922 0.363281 0.886719 0.365234 0.884766 0.365234 0.882812 0.369141 0.878906 0.371094 0.878906 0.375000 0.875000 0.375000 0.873047 0.376953 0.871094 0.376953 0.865234 0.375000 0.863281 0.373047 0.863281 0.371094 0.861328
0 0.201172 0.884766 0.201172 0.886719 0.199219 0.888672 0.197266 0.888672 0.195312 0.890625 0.195312 0.892578 0.193359 0.894531 0.193359 0.912109 0.191406 0.914062 0.191406 0.929688 0.205078 0.929688 0.205078 0.927734 0.207031 0.925781 0.207031 0.921875 0.208984 0.919922 0.210938 0.919922 0.212891 0.917969 0.214844 0.917969 0.216797 0.916016 0.218750 0.916016 0.218750 0.886719 0.216797 0.886719 0.214844 0.884766
0 0.226562 0.916016 0.224609 0.917969 0.216797 0.917969 0.214844 0.919922 0.212891 0.919922 0.210938 0.921875 0.208984 0.921875 0.208984 0.925781 0.207031 0.927734 0.207031 0.939453 0.208984 0.941406 0.208984 0.943359 0.210938 0.943359 0.212891 0.945312 0.244141 0.945312 0.244141 0.943359 0.246094 0.941406 0.246094 0.927734 0.240234 0.921875 0.240234 0.919922 0.236328 0.916016
0 0.617188 0.949219 0.617188 0.951172 0.615234 0.953125 0.615234 0.957031 0.613281 0.958984 0.613281 0.962891 0.607422 0.968750 0.607422 0.970703 0.605469 0.972656 0.603516 0.972656 0.601562 0.974609 0.601562 0.976562 0.597656 0.980469 0.597656 0.982422 0.595703 0.984375 0.595703 0.986328 0.593750 0.988281 0.593750 0.992188 0.605469 0.992188 0.607422 0.990234 0.619141 0.990234 0.621094 0.988281 0.632812 0.988281 0.632812 0.982422 0.630859 0.980469 0.630859 0.978516 0.628906 0.976562 0.628906 0.972656 0.626953 0.970703 0.626953 0.966797 0.623047 0.962891 0.623047 0.955078 0.621094 0.953125 0.621094 0.951172 0.619141 0.949219
0 0.822266 0.968750 0.820312 0.970703 0.812500 0.970703 0.810547 0.972656 0.808594 0.972656 0.796875 0.984375 0.796875 0.994141 0.798828 0.992188 0.830078 0.992188 0.832031 0.990234 0.861328 0.990234 0.861328 0.986328 0.857422 0.982422 0.857422 0.980469 0.855469 0.980469 0.853516 0.978516 0.853516 0.976562 0.851562 0.974609 0.849609 0.974609 0.847656 0.972656 0.847656 0.970703 0.843750 0.970703 0.841797 0.968750
