0 0.880859 0.015625 0.875000 0.021484 0.875000 0.025391 0.873047 0.027344 0.873047 0.033203 0.875000 0.033203 0.878906 0.037109 0.880859 0.037109 0.884766 0.041016 0.884766 0.042969 0.886719 0.042969 0.888672 0.044922 0.888672 0.046875 0.904297 0.062500 0.904297 0.064453 0.906250 0.066406 0.908203 0.066406 0.912109 0.070312 0.917969 0.070312 0.919922 0.072266 0.931641 0.072266 0.933594 0.074219 0.957031 0.074219 0.960938 0.070312 0.960938 0.062500 0.958984 0.060547 0.958984 0.058594 0.955078 0.054688 0.955078 0.052734 0.953125 0.052734 0.949219 0.048828 0.947266 0.048828 0.945312 0.046875 0.945312 0.044922 0.943359 0.044922 0.937500 0.039062 0.935547 0.039062 0.933594 0.037109 0.931641 0.037109 0.929688 0.035156 0.927734 0.035156 0.923828 0.031250 0.921875 0.031250 0.919922 0.029297 0.916016 0.029297 0.912109 0.025391 0.908203 0.025391 0.906250 0.023438 0.904297 0.023438 0.902344 0.021484 0.898438 0.021484 0.896484 0.019531 0.894531 0.019531 0.892578 0.017578 0.888672 0.017578 0.886719 0.015625
0 0.525391 0.023438 0.525391 0.027344 0.523438 0.029297 0.523438 0.042969 0.525391 0.044922 0.525391 0.048828 0.527344 0.050781 0.527344 0.052734 0.529297 0.054688 0.529297 0.056641 0.535156 0.062500 0.535156 0.066406 0.537109 0.066406 0.541016 0.070312 0.541016 0.072266 0.546875 0.078125 0.546875 0.080078 0.548828 0.082031 0.550781 0.082031 0.552734 0.083984 0.552734 0.085938 0.554688 0.085938 0.556641 0.087891 0.568359 0.087891 0.572266 0.083984 0.572266 0.082031 0.574219 0.080078 0.574219 0.078125 0.576172 0.076172 0.576172 0.064453 0.574219 0.062500 0.574219 0.060547 0.560547 0.046875 0.560547 0.044922 0.556641 0.041016 0.556641 0.039062 0.552734 0.035156 0.552734 0.033203 0.550781 0.031250 0.550781 0.029297 0.546875 0.025391 0.542969 0.025391 0.541016 0.023438
0 0.416016 0.175781 0.410156 0.181641 0.410156 0.183594 0.408203 0.185547 0.408203 0.195312 0.412109 0.199219 0.412109 0.201172 0.414062 0.201172 0.416016 0.203125 0.417969 0.203125 0.419922 0.205078 0.421875 0.205078 0.423828 0.207031 0.429688 0.207031 0.431641 0.208984 0.433594 0.208984 0.435547 0.210938 0.453125 0.210938 0.455078 0.208984 0.458984 0.208984 0.460938 0.207031 0.468750 0.207031 0.472656 0.203125 0.478516 0.203125 0.478516 0.197266 0.476562 0.195312 0.474609 0.195312 0.470703 0.191406 0.466797 0.191406 0.464844 0.189453 0.457031 0.189453 0.453125 0.185547 0.449219 0.185547 0.447266 0.183594 0.443359 0.183594 0.441406 0.181641 0.437500 0.181641 0.435547 0.179688 0.435547 0.175781
0 0.673828 0.214844 0.671875 0.216797 0.671875 0.220703 0.669922 0.222656 0.669922 0.240234 0.671875 0.242188 0.671875 0.244141 0.673828 0.246094 0.673828 0.250000 0.675781 0.251953 0.677734 0.251953 0.681641 0.255859 0.687500 0.255859 0.689453 0.257812 0.701172 0.257812 0.701172 0.255859 0.703125 0.253906 0.705078 0.253906 0.705078 0.251953 0.707031 0.250000 0.707031 0.232422 0.703125 0.228516 0.703125 0.226562 0.697266 0.220703 0.695312 0.220703 0.691406 0.216797 0.685547 0.216797 0.683594 0.214844
0 0.609375 0.320312 0.609375 0.322266 0.607422 0.324219 0.607422 0.326172 0.605469 0.328125 0.605469 0.345703 0.609375 0.349609 0.609375 0.351562 0.611328 0.353516 0.617188 0.353516 0.619141 0.351562 0.628906 0.351562 0.625000 0.347656 0.625000 0.345703 0.623047 0.343750 0.623047 0.341797 0.619141 0.337891 0.619141 0.335938 0.615234 0.332031 0.615234 0.330078 0.613281 0.328125 0.613281 0.326172 0.609375 0.322266
0 0.488281 0.464844 0.488281 0.466797 0.486328 0.468750 0.486328 0.470703 0.484375 0.472656 0.484375 0.474609 0.482422 0.476562 0.482422 0.480469 0.484375 0.482422 0.484375 0.486328 0.486328 0.488281 0.486328 0.490234 0.490234 0.494141 0.494141 0.494141 0.496094 0.492188 0.498047 0.492188 0.503906 0.486328 0.503906 0.472656 0.501953 0.470703 0.501953 0.468750 0.500000 0.468750 0.496094 0.464844
0 0.480469 0.474609 0.472656 0.482422 0.472656 0.484375 0.466797 0.490234 0.462891 0.490234 0.457031 0.496094 0.457031 0.507812 0.466797 0.507812 0.468750 0.505859 0.472656 0.505859 0.478516 0.500000 0.480469 0.500000
0 0.275391 0.464844 0.273438 0.466797 0.273438 0.488281 0.277344 0.492188 0.277344 0.496094 0.279297 0.498047 0.279297 0.501953 0.283203 0.505859 0.283203 0.507812 0.285156 0.509766 0.285156 0.511719 0.287109 0.513672 0.287109 0.517578 0.291016 0.521484 0.291016 0.523438 0.294922 0.527344 0.292969 0.529297 0.294922 0.527344 0.304688 0.527344 0.308594 0.523438 0.308594 0.501953 0.304688 0.498047 0.304688 0.496094 0.302734 0.494141 0.302734 0.492188 0.300781 0.490234 0.300781 0.486328 0.294922 0.480469 0.294922 0.478516 0.292969 0.476562 0.292969 0.474609 0.291016 0.472656 0.291016 0.468750 0.287109 0.464844
0 0.388672 0.537109 0.386719 0.539062 0.386719 0.554688 0.388672 0.554688 0.390625 0.556641 0.390625 0.558594 0.392578 0.558594 0.394531 0.560547 0.396484 0.560547 0.398438 0.562500 0.398438 0.564453 0.402344 0.564453 0.406250 0.568359 0.410156 0.568359 0.412109 0.570312 0.431641 0.570312 0.431641 0.550781 0.429688 0.550781 0.425781 0.546875 0.423828 0.546875 0.421875 0.544922 0.417969 0.544922 0.416016 0.542969 0.414062 0.542969 0.412109 0.541016 0.412109 0.537109
0 0.349609 0.556641 0.349609 0.595703 0.351562 0.597656 0.351562 0.599609 0.355469 0.603516 0.355469 0.605469 0.359375 0.609375 0.359375 0.603516 0.361328 0.601562 0.361328 0.585938 0.365234 0.582031 0.365234 0.574219 0.367188 0.572266 0.367188 0.566406 0.357422 0.556641
0 0.873047 0.669922 0.871094 0.671875 0.869141 0.671875 0.863281 0.677734 0.863281 0.679688 0.861328 0.681641 0.861328 0.689453 0.863281 0.689453 0.865234 0.691406 0.869141 0.691406 0.873047 0.695312 0.873047 0.697266 0.876953 0.701172 0.876953 0.703125 0.878906 0.705078 0.880859 0.705078 0.886719 0.710938 0.888672 0.710938 0.890625 0.712891 0.892578 0.712891 0.894531 0.714844 0.894531 0.716797 0.898438 0.716797 0.900391 0.718750 0.906250 0.718750 0.908203 0.720703 0.923828 0.720703 0.929688 0.714844 0.929688 0.712891 0.931641 0.710938 0.931641 0.693359 0.929688 0.691406 0.929688 0.689453 0.921875 0.681641 0.921875 0.679688 0.919922 0.679688 0.917969 0.677734 0.916016 0.677734 0.912109 0.673828 0.906250 0.673828 0.904297 0.671875 0.888672 0.671875 0.886719 0.669922
0 0.027344 0.726562 0.025391 0.728516 0.023438 0.728516 0.021484 0.730469 0.019531 0.730469 0.019531 0.736328 0.021484 0.738281 0.021484 0.740234 0.027344 0.746094 0.031250 0.746094 0.033203 0.748047 0.044922 0.748047 0.046875 0.750000 0.050781 0.750000 0.054688 0.753906 0.056641 0.753906 0.058594 0.755859 0.078125 0.755859 0.080078 0.753906 0.080078 0.751953 0.082031 0.750000 0.082031 0.742188 0.076172 0.742188 0.072266 0.738281 0.064453 0.738281 0.062500 0.736328 0.058594 0.736328 0.056641 0.734375 0.054688 0.734375 0.052734 0.732422 0.048828 0.732422 0.046875 0.730469 0.042969 0.730469 0.041016 0.728516 0.039062 0.728516 0.037109 0.726562
0 0.439453 0.855469 0.437500 0.857422 0.435547 0.857422 0.435547 0.859375 0.429688 0.865234 0.429688 0.867188 0.427734 0.869141 0.427734 0.882812 0.437500 0.882812 0.441406 0.878906 0.453125 0.878906 0.455078 0.876953 0.458984 0.876953 0.460938 0.875000 0.462891 0.875000 0.462891 0.873047 0.464844 0.871094 0.464844 0.863281 0.458984 0.857422 0.457031 0.857422 0.455078 0.855469
0 0.812500 0.951172 0.810547 0.953125 0.806641 0.953125 0.802734 0.957031 0.800781 0.957031 0.794922 0.962891 0.794922 0.970703 0.796875 0.972656 0.806641 0.972656 0.808594 0.974609 0.826172 0.974609 0.828125 0.972656 0.830078 0.972656 0.830078 0.960938 0.828125 0.960938 0.826172 0.958984 0.820312 0.958984 0.814453 0.953125 0.816406 0.951172
