0 0.089844 0.000000 0.089844 0.009766 0.091797 0.011719 0.091797 0.015625 0.093750 0.017578 0.093750 0.019531 0.101562 0.027344 0.103516 0.027344 0.105469 0.029297 0.128906 0.029297 0.130859 0.027344 0.132812 0.027344 0.134766 0.025391 0.138672 0.025391 0.138672 0.023438 0.140625 0.021484 0.144531 0.021484 0.146484 0.019531 0.150391 0.019531 0.152344 0.017578 0.154297 0.017578 0.156250 0.015625 0.158203 0.015625 0.160156 0.013672 0.162109 0.013672 0.164062 0.011719 0.166016 0.011719 0.167969 0.009766 0.166016 0.007812 0.150391 0.007812 0.148438 0.005859 0.134766 0.005859 0.132812 0.003906 0.119141 0.003906 0.117188 0.001953 0.101562 0.001953 0.099609 0.000000
0 0.419922 0.048828 0.417969 0.050781 0.416016 0.050781 0.412109 0.054688 0.410156 0.054688 0.402344 0.062500 0.402344 0.064453 0.394531 0.072266 0.394531 0.074219 0.392578 0.076172 0.392578 0.078125 0.390625 0.080078 0.390625 0.083984 0.392578 0.085938 0.396484 0.085938 0.398438 0.087891 0.400391 0.087891 0.402344 0.089844 0.406250 0.089844 0.410156 0.093750 0.410156 0.095703 0.408203 0.097656 0.412109 0.097656 0.414062 0.095703 0.417969 0.095703 0.421875 0.091797 0.425781 0.091797 0.429688 0.087891 0.431641 0.087891 0.433594 0.085938 0.435547 0.085938 0.441406 0.080078 0.445312 0.080078 0.455078 0.070312 0.457031 0.070312 0.458984 0.068359 0.460938 0.068359 0.462891 0.066406 0.464844 0.066406 0.464844 0.064453 0.466797 0.062500 0.466797 0.056641 0.460938 0.050781 0.453125 0.050781 0.451172 0.048828
0 0.412109 0.093750 0.414062 0.091797 0.416016 0.093750 0.414062 0.095703
0 0.875000 0.082031 0.871094 0.085938 0.869141 0.085938 0.867188 0.087891 0.865234 0.087891 0.865234 0.089844 0.857422 0.097656 0.857422 0.101562 0.855469 0.103516 0.855469 0.115234 0.853516 0.117188 0.853516 0.130859 0.859375 0.136719 0.861328 0.136719 0.867188 0.142578 0.871094 0.142578 0.873047 0.144531 0.873047 0.146484 0.876953 0.146484 0.878906 0.148438 0.880859 0.148438 0.882812 0.150391 0.884766 0.150391 0.886719 0.152344 0.888672 0.152344 0.890625 0.154297 0.894531 0.154297 0.894531 0.152344 0.896484 0.150391 0.896484 0.146484 0.898438 0.144531 0.898438 0.142578 0.900391 0.140625 0.900391 0.132812 0.902344 0.130859 0.902344 0.111328 0.892578 0.101562 0.892578 0.099609 0.888672 0.095703 0.888672 0.093750 0.882812 0.087891 0.882812 0.085938 0.878906 0.082031
0 0.617188 0.181641 0.615234 0.183594 0.613281 0.183594 0.613281 0.185547 0.611328 0.187500 0.611328 0.189453 0.609375 0.191406 0.607422 0.191406 0.607422 0.193359 0.605469 0.195312 0.605469 0.197266 0.601562 0.201172 0.601562 0.203125 0.599609 0.205078 0.599609 0.208984 0.597656 0.210938 0.597656 0.216797 0.595703 0.218750 0.595703 0.226562 0.593750 0.228516 0.593750 0.244141 0.597656 0.244141 0.599609 0.242188 0.605469 0.242188 0.607422 0.240234 0.609375 0.240234 0.611328 0.238281 0.615234 0.238281 0.615234 0.236328 0.617188 0.234375 0.619141 0.234375 0.621094 0.232422 0.621094 0.230469 0.623047 0.228516 0.625000 0.228516 0.625000 0.224609 0.628906 0.220703 0.628906 0.214844 0.630859 0.212891 0.630859 0.201172 0.632812 0.199219 0.632812 0.181641
0 0.867188 0.214844 0.867188 0.216797 0.865234 0.218750 0.865234 0.220703 0.861328 0.224609 0.861328 0.234375 0.867188 0.240234 0.867188 0.242188 0.871094 0.246094 0.871094 0.248047 0.876953 0.253906 0.890625 0.253906 0.894531 0.250000 0.894531 0.246094 0.896484 0.244141 0.896484 0.232422 0.894531 0.230469 0.894531 0.228516 0.892578 0.228516 0.886719 0.222656 0.886719 0.220703 0.882812 0.216797 0.880859 0.216797 0.878906 0.214844
0 0.742188 0.236328 0.740234 0.238281 0.738281 0.238281 0.736328 0.240234 0.730469 0.240234 0.728516 0.242188 0.718750 0.242188 0.716797 0.244141 0.710938 0.244141 0.705078 0.250000 0.703125 0.250000 0.703125 0.251953 0.701172 0.253906 0.701172 0.255859 0.699219 0.257812 0.701172 0.259766 0.703125 0.259766 0.705078 0.261719 0.707031 0.261719 0.708984 0.263672 0.716797 0.263672 0.718750 0.261719 0.728516 0.261719 0.730469 0.259766 0.732422 0.259766 0.734375 0.257812 0.738281 0.257812 0.742188 0.253906 0.746094 0.253906 0.746094 0.251953 0.748047 0.250000 0.750000 0.250000 0.751953 0.248047 0.753906 0.248047 0.753906 0.246094 0.755859 0.244141 0.755859 0.242188 0.757812 0.240234 0.759766 0.240234 0.759766 0.236328
0 0.757812 0.242188 0.757812 0.251953 0.755859 0.253906 0.755859 0.277344 0.757812 0.279297 0.794922 0.279297 0.798828 0.275391 0.798828 0.265625 0.796875 0.263672 0.796875 0.261719 0.794922 0.259766 0.792969 0.259766 0.791016 0.257812 0.791016 0.255859 0.789062 0.253906 0.787109 0.253906 0.785156 0.251953 0.783203 0.251953 0.781250 0.250000 0.779297 0.250000 0.775391 0.246094 0.773438 0.246094 0.769531 0.242188
0 0.125000 0.250000 0.121094 0.253906 0.121094 0.255859 0.119141 0.257812 0.119141 0.269531 0.123047 0.273438 0.123047 0.275391 0.125000 0.277344 0.125000 0.279297 0.126953 0.281250 0.126953 0.285156 0.128906 0.285156 0.130859 0.287109 0.130859 0.289062 0.132812 0.289062 0.134766 0.291016 0.134766 0.292969 0.138672 0.296875 0.138672 0.298828 0.140625 0.300781 0.142578 0.300781 0.144531 0.302734 0.144531 0.304688 0.148438 0.308594 0.152344 0.308594 0.156250 0.312500 0.179688 0.312500 0.183594 0.308594 0.183594 0.277344 0.181641 0.275391 0.181641 0.271484 0.179688 0.269531 0.179688 0.267578 0.177734 0.265625 0.175781 0.265625 0.169922 0.259766 0.167969 0.259766 0.166016 0.257812 0.162109 0.257812 0.158203 0.253906 0.154297 0.253906 0.152344 0.251953 0.148438 0.251953 0.146484 0.250000
0 0.859375 0.296875 0.853516 0.302734 0.853516 0.304688 0.847656 0.310547 0.847656 0.314453 0.849609 0.314453 0.851562 0.316406 0.851562 0.318359 0.853516 0.318359 0.855469 0.320312 0.859375 0.320312 0.863281 0.324219 0.869141 0.324219 0.871094 0.326172 0.876953 0.326172 0.878906 0.328125 0.908203 0.328125 0.910156 0.326172 0.910156 0.322266 0.912109 0.320312 0.912109 0.306641 0.910156 0.304688 0.904297 0.304688 0.902344 0.302734 0.900391 0.302734 0.898438 0.300781 0.896484 0.300781 0.894531 0.298828 0.892578 0.298828 0.890625 0.296875
0 0.693359 0.304688 0.691406 0.306641 0.689453 0.306641 0.685547 0.310547 0.683594 0.310547 0.681641 0.312500 0.679688 0.312500 0.673828 0.318359 0.671875 0.318359 0.669922 0.320312 0.669922 0.322266 0.666016 0.326172 0.666016 0.335938 0.664062 0.337891 0.664062 0.365234 0.666016 0.365234 0.669922 0.369141 0.732422 0.369141 0.734375 0.367188 0.740234 0.367188 0.742188 0.365234 0.742188 0.363281 0.734375 0.363281 0.732422 0.361328 0.732422 0.359375 0.734375 0.357422 0.734375 0.318359 0.732422 0.316406 0.732422 0.314453 0.730469 0.314453 0.724609 0.308594 0.722656 0.308594 0.720703 0.306641 0.716797 0.306641 0.714844 0.304688
0 0.882812 0.375000 0.882812 0.376953 0.878906 0.380859 0.869141 0.380859 0.867188 0.382812 0.865234 0.382812 0.865234 0.390625 0.873047 0.390625 0.875000 0.392578 0.880859 0.392578 0.882812 0.394531 0.890625 0.394531 0.894531 0.398438 0.898438 0.398438 0.900391 0.400391 0.904297 0.400391 0.906250 0.402344 0.916016 0.402344 0.917969 0.400391 0.921875 0.400391 0.925781 0.396484 0.927734 0.396484 0.927734 0.384766 0.921875 0.378906 0.919922 0.378906 0.917969 0.376953 0.916016 0.376953 0.914062 0.375000
0 0.937500 0.392578 0.935547 0.394531 0.933594 0.394531 0.931641 0.396484 0.929688 0.396484 0.925781 0.400391 0.923828 0.400391 0.923828 0.402344 0.919922 0.406250 0.919922 0.408203 0.916016 0.412109 0.916016 0.423828 0.917969 0.425781 0.917969 0.429688 0.919922 0.429688 0.921875 0.431641 0.923828 0.431641 0.925781 0.433594 0.933594 0.433594 0.935547 0.431641 0.939453 0.431641 0.943359 0.427734 0.945312 0.427734 0.951172 0.421875 0.951172 0.394531 0.949219 0.392578
0 0.056641 0.423828 0.052734 0.427734 0.052734 0.429688 0.050781 0.431641 0.048828 0.431641 0.048828 0.433594 0.046875 0.435547 0.046875 0.457031 0.048828 0.458984 0.048828 0.460938 0.054688 0.466797 0.058594 0.466797 0.062500 0.470703 0.068359 0.470703 0.070312 0.472656 0.097656 0.472656 0.097656 0.470703 0.099609 0.468750 0.099609 0.462891 0.101562 0.460938 0.101562 0.457031 0.105469 0.453125 0.105469 0.449219 0.087891 0.431641 0.087891 0.429688 0.085938 0.427734 0.082031 0.427734 0.080078 0.425781 0.078125 0.425781 0.076172 0.423828
0 0.958984 0.457031 0.957031 0.458984 0.955078 0.458984 0.953125 0.460938 0.951172 0.460938 0.949219 0.462891 0.947266 0.462891 0.943359 0.466797 0.941406 0.466797 0.937500 0.470703 0.935547 0.470703 0.935547 0.472656 0.933594 0.474609 0.933594 0.476562 0.927734 0.482422 0.927734 0.484375 0.925781 0.486328 0.925781 0.488281 0.921875 0.492188 0.921875 0.496094 0.916016 0.501953 0.916016 0.507812 0.914062 0.509766 0.914062 0.525391 0.916016 0.527344 0.916016 0.529297 0.921875 0.535156 0.925781 0.535156 0.927734 0.537109 0.939453 0.537109 0.941406 0.535156 0.945312 0.535156 0.947266 0.533203 0.949219 0.533203 0.951172 0.531250 0.953125 0.531250 0.955078 0.529297 0.957031 0.529297 0.958984 0.527344 0.962891 0.527344 0.964844 0.525391 0.966797 0.525391 0.968750 0.523438 0.970703 0.523438 0.970703 0.501953 0.972656 0.500000 0.972656 0.494141 0.974609 0.492188 0.974609 0.488281 0.976562 0.486328 0.976562 0.470703 0.974609 0.468750 0.974609 0.466797 0.972656 0.464844 0.972656 0.462891 0.966797 0.457031
0 0.785156 0.585938 0.785156 0.589844 0.783203 0.591797 0.783203 0.597656 0.781250 0.599609 0.781250 0.603516 0.779297 0.605469 0.779297 0.638672 0.781250 0.640625 0.781250 0.642578 0.785156 0.646484 0.787109 0.646484 0.792969 0.652344 0.796875 0.652344 0.798828 0.654297 0.814453 0.654297 0.816406 0.652344 0.820312 0.652344 0.820312 0.650391 0.826172 0.644531 0.826172 0.640625 0.828125 0.638672 0.828125 0.626953 0.826172 0.625000 0.826172 0.623047 0.824219 0.621094 0.824219 0.619141 0.820312 0.615234 0.820312 0.613281 0.818359 0.613281 0.814453 0.609375 0.812500 0.609375 0.810547 0.607422 0.810547 0.605469 0.808594 0.605469 0.796875 0.593750 0.794922 0.593750 0.791016 0.589844 0.789062 0.589844
0 0.033203 0.636719 0.029297 0.640625 0.027344 0.640625 0.025391 0.642578 0.025391 0.650391 0.023438 0.652344 0.023438 0.669922 0.025391 0.669922 0.027344 0.671875 0.027344 0.673828 0.029297 0.673828 0.031250 0.675781 0.039062 0.675781 0.041016 0.677734 0.050781 0.677734 0.052734 0.675781 0.052734 0.644531 0.050781 0.642578 0.048828 0.642578 0.046875 0.640625 0.044922 0.640625 0.042969 0.638672 0.041016 0.638672 0.039062 0.636719
0 0.789062 0.720703 0.789062 0.748047 0.791016 0.750000 0.791016 0.761719 0.792969 0.761719 0.794922 0.763672 0.794922 0.765625 0.796875 0.767578 0.796875 0.769531 0.798828 0.769531 0.800781 0.771484 0.802734 0.771484 0.804688 0.773438 0.820312 0.773438 0.822266 0.771484 0.824219 0.771484 0.828125 0.767578 0.830078 0.767578 0.832031 0.765625 0.833984 0.765625 0.833984 0.763672 0.835938 0.761719 0.835938 0.750000 0.833984 0.748047 0.832031 0.748047 0.826172 0.742188 0.826172 0.740234 0.824219 0.740234 0.822266 0.738281 0.822266 0.736328 0.816406 0.730469 0.814453 0.730469 0.812500 0.728516 0.810547 0.728516 0.808594 0.726562 0.808594 0.724609 0.804688 0.720703
0 0.349609 0.726562 0.347656 0.728516 0.345703 0.728516 0.343750 0.730469 0.339844 0.730469 0.337891 0.732422 0.335938 0.732422 0.333984 0.734375 0.332031 0.734375 0.322266 0.744141 0.320312 0.744141 0.320312 0.746094 0.318359 0.748047 0.318359 0.761719 0.324219 0.767578 0.326172 0.767578 0.328125 0.769531 0.330078 0.769531 0.332031 0.771484 0.333984 0.771484 0.335938 0.773438 0.337891 0.773438 0.339844 0.775391 0.359375 0.775391 0.361328 0.777344 0.386719 0.777344 0.388672 0.775391 0.390625 0.775391 0.392578 0.773438 0.396484 0.773438 0.398438 0.771484 0.400391 0.771484 0.402344 0.769531 0.406250 0.769531 0.408203 0.767578 0.410156 0.767578 0.410156 0.763672 0.412109 0.761719 0.412109 0.740234 0.406250 0.734375 0.402344 0.734375 0.396484 0.728516 0.390625 0.728516 0.388672 0.726562
0 0.974609 0.787109 0.974609 0.789062 0.972656 0.791016 0.972656 0.792969 0.968750 0.796875 0.968750 0.810547 0.970703 0.812500 0.970703 0.818359 0.972656 0.820312 0.972656 0.822266 0.974609 0.824219 0.974609 0.828125 0.976562 0.830078 0.978516 0.830078 0.980469 0.832031 0.982422 0.832031 0.984375 0.833984 0.986328 0.833984 0.988281 0.835938 0.992188 0.835938 0.992188 0.822266 0.994141 0.820312 0.994141 0.804688 0.996094 0.802734 0.996094 0.787109
0 0.449219 0.792969 0.447266 0.794922 0.447266 0.796875 0.441406 0.802734 0.441406 0.806641 0.439453 0.808594 0.437500 0.808594 0.437500 0.816406 0.435547 0.818359 0.435547 0.828125 0.437500 0.828125 0.439453 0.830078 0.439453 0.832031 0.443359 0.835938 0.445312 0.835938 0.449219 0.839844 0.464844 0.839844 0.466797 0.837891 0.468750 0.837891 0.470703 0.835938 0.472656 0.835938 0.476562 0.832031 0.478516 0.832031 0.484375 0.826172 0.484375 0.822266 0.486328 0.820312 0.486328 0.814453 0.488281 0.812500 0.488281 0.804688 0.486328 0.804688 0.484375 0.802734 0.482422 0.802734 0.480469 0.800781 0.478516 0.800781 0.474609 0.796875 0.472656 0.796875 0.470703 0.794922 0.468750 0.794922 0.466797 0.792969
0 0.708984 0.802734 0.708984 0.804688 0.705078 0.808594 0.703125 0.808594 0.701172 0.810547 0.701172 0.812500 0.699219 0.814453 0.699219 0.816406 0.697266 0.818359 0.697266 0.820312 0.695312 0.822266 0.695312 0.824219 0.693359 0.826172 0.693359 0.828125 0.691406 0.830078 0.691406 0.832031 0.689453 0.833984 0.689453 0.843750 0.687500 0.845703 0.687500 0.851562 0.712891 0.851562 0.712891 0.849609 0.714844 0.847656 0.716797 0.847656 0.718750 0.845703 0.720703 0.845703 0.722656 0.843750 0.724609 0.843750 0.728516 0.839844 0.730469 0.839844 0.732422 0.837891 0.732422 0.835938 0.734375 0.833984 0.734375 0.832031 0.736328 0.830078 0.736328 0.826172 0.738281 0.824219 0.738281 0.804688 0.736328 0.804688 0.734375 0.802734
0 0.207031 0.826172 0.203125 0.830078 0.201172 0.830078 0.201172 0.832031 0.197266 0.835938 0.195312 0.835938 0.195312 0.839844 0.193359 0.841797 0.193359 0.861328 0.197266 0.865234 0.197266 0.867188 0.199219 0.869141 0.199219 0.873047 0.201172 0.873047 0.207031 0.878906 0.208984 0.878906 0.214844 0.884766 0.232422 0.884766 0.236328 0.880859 0.236328 0.853516 0.234375 0.853516 0.214844 0.833984 0.214844 0.832031 0.212891 0.830078 0.212891 0.828125 0.210938 0.826172
0 0.863281 0.845703 0.859375 0.849609 0.857422 0.849609 0.857422 0.851562 0.853516 0.855469 0.851562 0.855469 0.849609 0.857422 0.849609 0.859375 0.843750 0.865234 0.843750 0.867188 0.841797 0.869141 0.841797 0.882812 0.843750 0.884766 0.843750 0.886719 0.847656 0.890625 0.847656 0.892578 0.851562 0.892578 0.853516 0.894531 0.857422 0.894531 0.859375 0.896484 0.865234 0.896484 0.867188 0.894531 0.867188 0.892578 0.871094 0.888672 0.871094 0.886719 0.886719 0.871094 0.886719 0.851562 0.884766 0.849609 0.882812 0.849609 0.880859 0.847656 0.875000 0.847656 0.873047 0.845703
0 0.572266 0.875000 0.570312 0.876953 0.568359 0.876953 0.564453 0.880859 0.560547 0.880859 0.560547 0.882812 0.556641 0.886719 0.554688 0.886719 0.552734 0.888672 0.552734 0.890625 0.548828 0.894531 0.548828 0.900391 0.550781 0.902344 0.550781 0.904297 0.552734 0.906250 0.552734 0.910156 0.554688 0.910156 0.564453 0.919922 0.564453 0.923828 0.562500 0.925781 0.562500 0.929688 0.566406 0.925781 0.570312 0.925781 0.570312 0.923828 0.572266 0.921875 0.574219 0.921875 0.576172 0.919922 0.578125 0.919922 0.578125 0.917969 0.582031 0.914062 0.583984 0.914062 0.587891 0.910156 0.589844 0.910156 0.593750 0.906250 0.595703 0.906250 0.599609 0.902344 0.601562 0.902344 0.603516 0.900391 0.605469 0.900391 0.607422 0.898438 0.607422 0.896484 0.609375 0.894531 0.611328 0.894531 0.613281 0.892578 0.613281 0.890625 0.615234 0.888672 0.615234 0.880859 0.613281 0.878906 0.613281 0.876953 0.609375 0.876953 0.607422 0.875000
0 0.878906 0.945312 0.878906 0.947266 0.875000 0.951172 0.875000 0.953125 0.873047 0.955078 0.873047 0.974609 0.875000 0.976562 0.876953 0.976562 0.878906 0.978516 0.878906 0.980469 0.882812 0.980469 0.884766 0.982422 0.886719 0.982422 0.888672 0.984375 0.890625 0.984375 0.892578 0.986328 0.914062 0.986328 0.916016 0.984375 0.917969 0.984375 0.917969 0.982422 0.919922 0.980469 0.919922 0.964844 0.917969 0.962891 0.917969 0.958984 0.916016 0.957031 0.914062 0.957031 0.910156 0.953125 0.908203 0.953125 0.904297 0.949219 0.902344 0.949219 0.900391 0.947266 0.898438 0.947266 0.896484 0.945312
