0 0.482422 0.003906 0.482422 0.005859 0.484375 0.007812 0.486328 0.007812 0.490234 0.011719 0.494141 0.011719 0.500000 0.017578 0.513672 0.017578 0.515625 0.015625 0.519531 0.015625 0.521484 0.013672 0.525391 0.013672 0.527344 0.011719 0.529297 0.011719 0.533203 0.007812 0.535156 0.007812 0.539062 0.003906 0.541016 0.003906
0 0.189453 0.007812 0.201172 0.019531 0.203125 0.019531 0.205078 0.021484 0.205078 0.023438 0.208984 0.023438 0.210938 0.025391 0.216797 0.025391 0.218750 0.027344 0.232422 0.027344 0.234375 0.025391 0.236328 0.025391 0.240234 0.021484 0.242188 0.021484 0.244141 0.019531 0.246094 0.019531 0.246094 0.017578 0.250000 0.013672 0.251953 0.013672 0.257812 0.007812 0.259766 0.007812
0 0.574219 0.125000 0.572266 0.126953 0.572266 0.128906 0.570312 0.130859 0.568359 0.130859 0.566406 0.132812 0.566406 0.134766 0.564453 0.136719 0.564453 0.138672 0.560547 0.142578 0.560547 0.164062 0.558594 0.166016 0.558594 0.177734 0.560547 0.179688 0.560547 0.181641 0.562500 0.183594 0.564453 0.183594 0.566406 0.185547 0.570312 0.185547 0.572266 0.187500 0.597656 0.187500 0.599609 0.185547 0.601562 0.185547 0.603516 0.183594 0.609375 0.183594 0.611328 0.181641 0.611328 0.179688 0.613281 0.177734 0.615234 0.177734 0.615234 0.154297 0.613281 0.152344 0.613281 0.148438 0.611328 0.146484 0.611328 0.140625 0.607422 0.136719 0.607422 0.134766 0.603516 0.130859 0.599609 0.130859 0.597656 0.128906 0.591797 0.128906 0.589844 0.126953 0.585938 0.126953 0.583984 0.125000
0 0.833984 0.154297 0.832031 0.156250 0.830078 0.156250 0.830078 0.158203 0.828125 0.160156 0.828125 0.164062 0.826172 0.166016 0.826172 0.167969 0.822266 0.171875 0.822266 0.183594 0.820312 0.185547 0.820312 0.207031 0.824219 0.210938 0.824219 0.214844 0.835938 0.226562 0.837891 0.226562 0.839844 0.228516 0.841797 0.228516 0.845703 0.232422 0.865234 0.232422 0.869141 0.228516 0.869141 0.226562 0.871094 0.224609 0.871094 0.222656 0.873047 0.220703 0.873047 0.218750 0.875000 0.216797 0.875000 0.214844 0.876953 0.212891 0.876953 0.171875 0.873047 0.167969 0.873047 0.166016 0.869141 0.162109 0.869141 0.160156 0.865234 0.156250 0.857422 0.156250 0.855469 0.154297
0 0.125000 0.167969 0.117188 0.175781 0.117188 0.177734 0.115234 0.179688 0.115234 0.183594 0.111328 0.187500 0.111328 0.212891 0.115234 0.216797 0.117188 0.216797 0.125000 0.224609 0.126953 0.224609 0.132812 0.230469 0.136719 0.230469 0.138672 0.232422 0.142578 0.232422 0.144531 0.234375 0.148438 0.234375 0.150391 0.236328 0.154297 0.236328 0.156250 0.238281 0.164062 0.238281 0.166016 0.240234 0.191406 0.240234 0.193359 0.238281 0.197266 0.238281 0.199219 0.236328 0.199219 0.234375 0.201172 0.232422 0.201172 0.228516 0.205078 0.224609 0.205078 0.222656 0.207031 0.220703 0.207031 0.216797 0.208984 0.214844 0.208984 0.187500 0.207031 0.185547 0.207031 0.183594 0.201172 0.177734 0.199219 0.177734 0.195312 0.173828 0.193359 0.173828 0.191406 0.175781 0.187500 0.171875 0.181641 0.171875 0.179688 0.169922 0.175781 0.169922 0.173828 0.167969
0 0.193359 0.177734 0.195312 0.175781 0.197266 0.177734 0.195312 0.179688
0 0.191406 0.175781 0.193359 0.173828 0.195312 0.175781 0.193359 0.177734
0 0.402344 0.203125 0.400391 0.205078 0.396484 0.205078 0.394531 0.207031 0.392578 0.207031 0.390625 0.208984 0.388672 0.208984 0.384766 0.212891 0.382812 0.212891 0.380859 0.214844 0.376953 0.214844 0.367188 0.224609 0.367188 0.226562 0.363281 0.230469 0.363281 0.251953 0.365234 0.253906 0.365234 0.255859 0.367188 0.257812 0.367188 0.259766 0.369141 0.259766 0.371094 0.261719 0.371094 0.263672 0.373047 0.263672 0.375000 0.265625 0.376953 0.265625 0.378906 0.267578 0.378906 0.269531 0.380859 0.271484 0.382812 0.271484 0.384766 0.273438 0.386719 0.273438 0.390625 0.277344 0.396484 0.277344 0.398438 0.279297 0.402344 0.279297 0.404297 0.281250 0.408203 0.281250 0.410156 0.283203 0.437500 0.283203 0.439453 0.281250 0.443359 0.281250 0.445312 0.279297 0.447266 0.279297 0.447266 0.277344 0.449219 0.275391 0.451172 0.275391 0.453125 0.273438 0.455078 0.273438 0.455078 0.271484 0.457031 0.269531 0.458984 0.269531 0.462891 0.265625 0.462891 0.240234 0.458984 0.236328 0.458984 0.234375 0.457031 0.232422 0.457031 0.230469 0.451172 0.224609 0.451172 0.222656 0.449219 0.220703 0.449219 0.218750 0.447266 0.218750 0.435547 0.207031 0.433594 0.207031 0.431641 0.205078 0.419922 0.205078 0.417969 0.203125
0 0.750000 0.248047 0.746094 0.251953 0.744141 0.251953 0.742188 0.253906 0.740234 0.253906 0.740234 0.255859 0.738281 0.257812 0.738281 0.259766 0.736328 0.261719 0.736328 0.267578 0.738281 0.267578 0.740234 0.269531 0.740234 0.271484 0.742188 0.271484 0.748047 0.277344 0.750000 0.277344 0.751953 0.279297 0.755859 0.279297 0.757812 0.281250 0.779297 0.281250 0.781250 0.279297 0.781250 0.265625 0.777344 0.261719 0.777344 0.259766 0.773438 0.255859 0.773438 0.253906 0.769531 0.253906 0.765625 0.250000 0.763672 0.250000 0.761719 0.248047
0 0.912109 0.248047 0.908203 0.251953 0.904297 0.251953 0.902344 0.253906 0.900391 0.253906 0.900391 0.255859 0.898438 0.257812 0.898438 0.259766 0.894531 0.263672 0.894531 0.275391 0.896484 0.277344 0.896484 0.289062 0.898438 0.291016 0.898438 0.298828 0.900391 0.300781 0.900391 0.302734 0.902344 0.304688 0.902344 0.310547 0.904297 0.312500 0.904297 0.314453 0.906250 0.316406 0.906250 0.318359 0.908203 0.320312 0.908203 0.322266 0.912109 0.326172 0.912109 0.330078 0.914062 0.330078 0.916016 0.332031 0.919922 0.332031 0.921875 0.333984 0.923828 0.333984 0.925781 0.335938 0.941406 0.335938 0.943359 0.333984 0.947266 0.333984 0.951172 0.330078 0.953125 0.330078 0.960938 0.322266 0.960938 0.320312 0.962891 0.318359 0.962891 0.314453 0.964844 0.312500 0.964844 0.310547 0.966797 0.308594 0.966797 0.285156 0.964844 0.283203 0.964844 0.279297 0.962891 0.277344 0.962891 0.273438 0.958984 0.269531 0.958984 0.267578 0.957031 0.265625 0.957031 0.263672 0.953125 0.259766 0.953125 0.257812 0.951172 0.255859 0.951172 0.253906 0.947266 0.250000 0.937500 0.250000 0.935547 0.248047
0 0.664062 0.306641 0.660156 0.310547 0.658203 0.310547 0.658203 0.312500 0.656250 0.314453 0.656250 0.316406 0.654297 0.318359 0.654297 0.320312 0.650391 0.324219 0.650391 0.349609 0.654297 0.353516 0.654297 0.355469 0.656250 0.357422 0.656250 0.359375 0.658203 0.359375 0.662109 0.363281 0.662109 0.365234 0.666016 0.369141 0.669922 0.369141 0.671875 0.371094 0.673828 0.371094 0.675781 0.373047 0.677734 0.373047 0.679688 0.375000 0.693359 0.375000 0.693359 0.373047 0.695312 0.371094 0.697266 0.371094 0.697266 0.369141 0.699219 0.367188 0.701172 0.367188 0.703125 0.365234 0.705078 0.365234 0.705078 0.361328 0.710938 0.355469 0.710938 0.353516 0.712891 0.351562 0.712891 0.349609 0.714844 0.347656 0.714844 0.324219 0.712891 0.322266 0.708984 0.322266 0.705078 0.318359 0.701172 0.318359 0.697266 0.314453 0.695312 0.314453 0.693359 0.312500 0.691406 0.312500 0.689453 0.310547 0.689453 0.308594 0.687500 0.306641
0 0.527344 0.322266 0.525391 0.324219 0.523438 0.324219 0.523438 0.326172 0.517578 0.332031 0.517578 0.341797 0.519531 0.343750 0.519531 0.345703 0.521484 0.347656 0.521484 0.349609 0.527344 0.355469 0.527344 0.357422 0.542969 0.373047 0.542969 0.375000 0.544922 0.375000 0.548828 0.378906 0.550781 0.378906 0.552734 0.380859 0.558594 0.380859 0.560547 0.382812 0.568359 0.382812 0.568359 0.378906 0.570312 0.376953 0.570312 0.355469 0.568359 0.353516 0.568359 0.351562 0.566406 0.349609 0.566406 0.347656 0.564453 0.345703 0.564453 0.341797 0.562500 0.339844 0.562500 0.337891 0.556641 0.332031 0.556641 0.330078 0.548828 0.322266
0 0.373047 0.380859 0.371094 0.382812 0.365234 0.382812 0.363281 0.384766 0.361328 0.384766 0.359375 0.386719 0.355469 0.386719 0.353516 0.388672 0.345703 0.388672 0.343750 0.390625 0.341797 0.390625 0.339844 0.392578 0.333984 0.392578 0.332031 0.394531 0.332031 0.396484 0.328125 0.400391 0.328125 0.416016 0.332031 0.419922 0.332031 0.421875 0.335938 0.425781 0.335938 0.427734 0.337891 0.429688 0.337891 0.433594 0.339844 0.433594 0.347656 0.441406 0.349609 0.441406 0.353516 0.445312 0.361328 0.445312 0.363281 0.447266 0.367188 0.447266 0.369141 0.449219 0.404297 0.449219 0.406250 0.447266 0.408203 0.447266 0.410156 0.445312 0.410156 0.443359 0.412109 0.441406 0.412109 0.439453 0.414062 0.437500 0.414062 0.419922 0.410156 0.416016 0.410156 0.404297 0.406250 0.400391 0.406250 0.388672 0.404297 0.386719 0.404297 0.384766 0.400391 0.384766 0.396484 0.380859
0 0.857422 0.400391 0.853516 0.404297 0.851562 0.404297 0.851562 0.410156 0.849609 0.412109 0.849609 0.423828 0.847656 0.425781 0.847656 0.439453 0.849609 0.441406 0.849609 0.443359 0.855469 0.449219 0.855469 0.453125 0.859375 0.453125 0.861328 0.455078 0.863281 0.455078 0.865234 0.457031 0.902344 0.457031 0.902344 0.447266 0.904297 0.445312 0.904297 0.441406 0.906250 0.439453 0.906250 0.429688 0.904297 0.427734 0.904297 0.419922 0.902344 0.417969 0.902344 0.416016 0.900391 0.414062 0.898438 0.414062 0.890625 0.406250 0.875000 0.406250 0.873047 0.404297 0.871094 0.404297 0.869141 0.402344 0.865234 0.402344 0.863281 0.400391
0 0.003906 0.460938 0.003906 0.482422 0.005859 0.484375 0.005859 0.509766 0.007812 0.511719 0.007812 0.537109 0.009766 0.539062 0.009766 0.541016 0.027344 0.541016 0.029297 0.539062 0.037109 0.539062 0.039062 0.537109 0.044922 0.537109 0.046875 0.535156 0.052734 0.535156 0.064453 0.523438 0.064453 0.521484 0.066406 0.519531 0.066406 0.503906 0.064453 0.501953 0.064453 0.498047 0.062500 0.496094 0.062500 0.488281 0.050781 0.476562 0.048828 0.476562 0.042969 0.470703 0.041016 0.470703 0.035156 0.464844 0.033203 0.464844 0.031250 0.462891 0.023438 0.462891 0.021484 0.460938
0 0.445312 0.511719 0.445312 0.521484 0.443359 0.523438 0.443359 0.558594 0.445312 0.560547 0.445312 0.562500 0.449219 0.566406 0.451172 0.566406 0.453125 0.568359 0.460938 0.568359 0.462891 0.570312 0.472656 0.570312 0.478516 0.564453 0.478516 0.560547 0.480469 0.558594 0.480469 0.544922 0.478516 0.542969 0.478516 0.539062 0.474609 0.535156 0.474609 0.533203 0.470703 0.529297 0.470703 0.525391 0.468750 0.523438 0.466797 0.523438 0.462891 0.519531 0.462891 0.517578 0.460938 0.515625 0.457031 0.515625 0.455078 0.513672 0.451172 0.513672 0.449219 0.511719
0 0.642578 0.501953 0.640625 0.503906 0.638672 0.503906 0.636719 0.505859 0.634766 0.505859 0.632812 0.507812 0.630859 0.507812 0.625000 0.513672 0.623047 0.513672 0.623047 0.515625 0.621094 0.517578 0.621094 0.519531 0.619141 0.521484 0.619141 0.525391 0.615234 0.529297 0.615234 0.548828 0.617188 0.550781 0.617188 0.554688 0.619141 0.556641 0.619141 0.562500 0.625000 0.568359 0.625000 0.570312 0.626953 0.572266 0.628906 0.572266 0.632812 0.576172 0.634766 0.576172 0.636719 0.578125 0.638672 0.578125 0.640625 0.580078 0.648438 0.580078 0.650391 0.582031 0.656250 0.582031 0.658203 0.583984 0.679688 0.583984 0.681641 0.582031 0.685547 0.582031 0.687500 0.580078 0.689453 0.580078 0.691406 0.578125 0.693359 0.578125 0.699219 0.572266 0.699219 0.570312 0.701172 0.568359 0.701172 0.566406 0.703125 0.564453 0.703125 0.560547 0.705078 0.558594 0.705078 0.552734 0.707031 0.550781 0.707031 0.535156 0.705078 0.533203 0.705078 0.531250 0.703125 0.529297 0.703125 0.527344 0.701172 0.525391 0.701172 0.523438 0.689453 0.511719 0.687500 0.511719 0.685547 0.509766 0.683594 0.509766 0.679688 0.505859 0.675781 0.505859 0.673828 0.503906 0.669922 0.503906 0.667969 0.501953
0 0.312500 0.515625 0.310547 0.517578 0.308594 0.517578 0.306641 0.519531 0.306641 0.521484 0.304688 0.523438 0.302734 0.523438 0.298828 0.527344 0.298828 0.529297 0.294922 0.533203 0.294922 0.535156 0.289062 0.541016 0.289062 0.542969 0.287109 0.544922 0.287109 0.548828 0.285156 0.550781 0.285156 0.566406 0.289062 0.570312 0.289062 0.572266 0.291016 0.574219 0.291016 0.576172 0.292969 0.576172 0.294922 0.578125 0.294922 0.580078 0.296875 0.582031 0.298828 0.582031 0.302734 0.585938 0.304688 0.585938 0.306641 0.587891 0.312500 0.587891 0.316406 0.591797 0.333984 0.591797 0.337891 0.595703 0.337891 0.605469 0.339844 0.607422 0.339844 0.605469 0.341797 0.603516 0.343750 0.603516 0.353516 0.593750 0.353516 0.591797 0.355469 0.589844 0.355469 0.587891 0.357422 0.585938 0.357422 0.570312 0.359375 0.568359 0.359375 0.558594 0.361328 0.556641 0.361328 0.537109 0.355469 0.531250 0.353516 0.531250 0.349609 0.527344 0.345703 0.527344 0.341797 0.523438 0.337891 0.523438 0.335938 0.521484 0.333984 0.521484 0.332031 0.519531 0.330078 0.519531 0.328125 0.517578 0.324219 0.517578 0.322266 0.515625
0 0.375000 0.554688 0.373047 0.556641 0.369141 0.556641 0.367188 0.558594 0.365234 0.558594 0.365234 0.560547 0.361328 0.564453 0.361328 0.568359 0.359375 0.570312 0.359375 0.607422 0.361328 0.609375 0.361328 0.613281 0.363281 0.615234 0.363281 0.617188 0.365234 0.617188 0.371094 0.623047 0.373047 0.623047 0.375000 0.625000 0.376953 0.625000 0.378906 0.626953 0.380859 0.626953 0.382812 0.628906 0.384766 0.628906 0.386719 0.630859 0.396484 0.630859 0.398438 0.628906 0.402344 0.628906 0.408203 0.623047 0.410156 0.623047 0.414062 0.619141 0.416016 0.619141 0.419922 0.615234 0.421875 0.615234 0.423828 0.613281 0.425781 0.613281 0.427734 0.611328 0.427734 0.609375 0.431641 0.605469 0.431641 0.603516 0.433594 0.601562 0.433594 0.574219 0.431641 0.572266 0.429688 0.572266 0.423828 0.566406 0.421875 0.566406 0.419922 0.564453 0.416016 0.564453 0.412109 0.560547 0.408203 0.560547 0.406250 0.558594 0.398438 0.558594 0.396484 0.556641 0.392578 0.556641 0.390625 0.554688
0 0.521484 0.628906 0.519531 0.630859 0.519531 0.650391 0.521484 0.652344 0.523438 0.652344 0.533203 0.662109 0.535156 0.662109 0.537109 0.664062 0.539062 0.664062 0.544922 0.669922 0.548828 0.669922 0.552734 0.673828 0.556641 0.673828 0.558594 0.675781 0.560547 0.675781 0.562500 0.677734 0.564453 0.677734 0.566406 0.679688 0.570312 0.679688 0.572266 0.681641 0.574219 0.681641 0.578125 0.685547 0.589844 0.685547 0.591797 0.687500 0.597656 0.687500 0.599609 0.689453 0.603516 0.689453 0.605469 0.691406 0.607422 0.691406 0.605469 0.691406 0.603516 0.689453 0.601562 0.689453 0.597656 0.685547 0.595703 0.685547 0.593750 0.683594 0.591797 0.683594 0.589844 0.681641 0.587891 0.681641 0.585938 0.679688 0.585938 0.660156 0.582031 0.656250 0.582031 0.654297 0.580078 0.652344 0.580078 0.650391 0.578125 0.650391 0.576172 0.648438 0.574219 0.648438 0.572266 0.646484 0.570312 0.646484 0.568359 0.644531 0.566406 0.644531 0.562500 0.640625 0.556641 0.640625 0.550781 0.634766 0.544922 0.634766 0.542969 0.632812 0.539062 0.632812 0.537109 0.630859 0.535156 0.630859 0.533203 0.628906
0 0.183594 0.652344 0.181641 0.654297 0.177734 0.654297 0.171875 0.660156 0.169922 0.660156 0.169922 0.662109 0.167969 0.664062 0.167969 0.673828 0.171875 0.677734 0.173828 0.677734 0.179688 0.683594 0.183594 0.683594 0.187500 0.687500 0.189453 0.687500 0.195312 0.693359 0.197266 0.693359 0.199219 0.695312 0.201172 0.695312 0.203125 0.697266 0.210938 0.697266 0.212891 0.699219 0.242188 0.699219 0.244141 0.697266 0.246094 0.697266 0.250000 0.693359 0.255859 0.693359 0.259766 0.689453 0.259766 0.671875 0.253906 0.666016 0.250000 0.666016 0.248047 0.664062 0.246094 0.664062 0.238281 0.656250 0.234375 0.656250 0.232422 0.654297 0.220703 0.654297 0.218750 0.652344
0 0.080078 0.656250 0.078125 0.658203 0.074219 0.658203 0.072266 0.660156 0.072266 0.683594 0.074219 0.685547 0.074219 0.689453 0.076172 0.691406 0.076172 0.693359 0.080078 0.697266 0.080078 0.699219 0.082031 0.699219 0.085938 0.703125 0.087891 0.703125 0.091797 0.707031 0.095703 0.707031 0.097656 0.708984 0.099609 0.708984 0.101562 0.710938 0.105469 0.710938 0.109375 0.714844 0.115234 0.714844 0.117188 0.716797 0.130859 0.716797 0.130859 0.691406 0.128906 0.689453 0.128906 0.687500 0.126953 0.685547 0.126953 0.683594 0.123047 0.679688 0.123047 0.677734 0.121094 0.677734 0.119141 0.675781 0.119141 0.673828 0.117188 0.671875 0.115234 0.671875 0.111328 0.667969 0.109375 0.667969 0.107422 0.666016 0.105469 0.666016 0.103516 0.664062 0.101562 0.664062 0.097656 0.660156 0.093750 0.660156 0.089844 0.656250
0 0.275391 0.691406 0.273438 0.693359 0.271484 0.693359 0.271484 0.695312 0.269531 0.697266 0.269531 0.718750 0.281250 0.730469 0.283203 0.730469 0.289062 0.736328 0.291016 0.736328 0.294922 0.740234 0.296875 0.740234 0.298828 0.742188 0.300781 0.742188 0.304688 0.746094 0.308594 0.746094 0.312500 0.750000 0.316406 0.750000 0.318359 0.751953 0.320312 0.751953 0.322266 0.753906 0.330078 0.753906 0.330078 0.751953 0.332031 0.750000 0.332031 0.748047 0.333984 0.746094 0.333984 0.744141 0.335938 0.742188 0.335938 0.740234 0.337891 0.738281 0.337891 0.736328 0.339844 0.734375 0.339844 0.732422 0.335938 0.728516 0.335938 0.722656 0.333984 0.720703 0.333984 0.718750 0.332031 0.716797 0.332031 0.714844 0.328125 0.710938 0.328125 0.708984 0.326172 0.708984 0.320312 0.703125 0.318359 0.703125 0.316406 0.701172 0.314453 0.701172 0.310547 0.697266 0.304688 0.697266 0.302734 0.695312 0.296875 0.695312 0.294922 0.693359 0.287109 0.693359 0.285156 0.691406
0 0.244141 0.740234 0.240234 0.744141 0.240234 0.746094 0.238281 0.748047 0.238281 0.753906 0.236328 0.755859 0.236328 0.757812 0.234375 0.759766 0.234375 0.771484 0.236328 0.773438 0.236328 0.775391 0.242188 0.781250 0.242188 0.783203 0.246094 0.787109 0.246094 0.789062 0.248047 0.791016 0.251953 0.791016 0.255859 0.794922 0.271484 0.794922 0.273438 0.792969 0.277344 0.792969 0.279297 0.791016 0.281250 0.791016 0.285156 0.787109 0.289062 0.787109 0.291016 0.785156 0.292969 0.785156 0.296875 0.781250 0.298828 0.781250 0.298828 0.761719 0.296875 0.759766 0.296875 0.757812 0.289062 0.750000 0.285156 0.750000 0.281250 0.746094 0.279297 0.746094 0.277344 0.744141 0.271484 0.744141 0.269531 0.742188 0.267578 0.742188 0.265625 0.740234
0 0.826172 0.726562 0.824219 0.728516 0.822266 0.728516 0.822266 0.730469 0.820312 0.732422 0.818359 0.732422 0.818359 0.734375 0.816406 0.736328 0.816406 0.740234 0.814453 0.742188 0.814453 0.744141 0.812500 0.746094 0.812500 0.771484 0.814453 0.773438 0.814453 0.777344 0.816406 0.779297 0.816406 0.781250 0.820312 0.785156 0.820312 0.787109 0.826172 0.792969 0.826172 0.794922 0.828125 0.796875 0.830078 0.796875 0.835938 0.802734 0.837891 0.802734 0.841797 0.806641 0.845703 0.806641 0.847656 0.808594 0.894531 0.808594 0.894531 0.804688 0.898438 0.800781 0.898438 0.779297 0.896484 0.777344 0.896484 0.775391 0.894531 0.773438 0.894531 0.771484 0.892578 0.769531 0.890625 0.769531 0.884766 0.763672 0.882812 0.763672 0.880859 0.761719 0.878906 0.761719 0.875000 0.757812 0.875000 0.738281 0.876953 0.736328 0.873047 0.732422 0.867188 0.732422 0.865234 0.730469 0.863281 0.730469 0.861328 0.728516 0.855469 0.728516 0.853516 0.726562
0 0.544922 0.759766 0.542969 0.761719 0.541016 0.761719 0.539062 0.763672 0.537109 0.763672 0.533203 0.767578 0.533203 0.773438 0.531250 0.775391 0.531250 0.785156 0.533203 0.787109 0.533203 0.789062 0.537109 0.792969 0.541016 0.792969 0.542969 0.794922 0.542969 0.796875 0.546875 0.800781 0.548828 0.800781 0.552734 0.804688 0.554688 0.804688 0.556641 0.806641 0.562500 0.806641 0.564453 0.808594 0.566406 0.808594 0.568359 0.810547 0.574219 0.810547 0.576172 0.812500 0.580078 0.812500 0.582031 0.814453 0.585938 0.814453 0.587891 0.816406 0.605469 0.816406 0.607422 0.814453 0.609375 0.816406 0.609375 0.818359 0.607422 0.820312 0.611328 0.820312 0.615234 0.816406 0.621094 0.816406 0.626953 0.810547 0.628906 0.810547 0.630859 0.808594 0.630859 0.806641 0.632812 0.804688 0.632812 0.791016 0.630859 0.789062 0.630859 0.785156 0.628906 0.785156 0.626953 0.783203 0.626953 0.781250 0.625000 0.779297 0.625000 0.777344 0.621094 0.773438 0.621094 0.771484 0.619141 0.769531 0.617188 0.769531 0.613281 0.765625 0.611328 0.765625 0.609375 0.763672 0.603516 0.763672 0.601562 0.761719 0.599609 0.761719 0.597656 0.759766
0 0.607422 0.814453 0.609375 0.812500 0.611328 0.814453 0.609375 0.816406
0 0.144531 0.794922 0.142578 0.796875 0.140625 0.796875 0.138672 0.798828 0.136719 0.798828 0.134766 0.800781 0.134766 0.804688 0.130859 0.808594 0.130859 0.812500 0.128906 0.814453 0.128906 0.826172 0.130859 0.828125 0.130859 0.832031 0.134766 0.835938 0.136719 0.835938 0.138672 0.837891 0.138672 0.839844 0.146484 0.847656 0.166016 0.847656 0.167969 0.845703 0.173828 0.845703 0.175781 0.843750 0.179688 0.843750 0.183594 0.839844 0.185547 0.839844 0.187500 0.837891 0.189453 0.837891 0.189453 0.804688 0.187500 0.804688 0.183594 0.800781 0.181641 0.800781 0.177734 0.796875 0.171875 0.796875 0.169922 0.794922
0 0.326172 0.841797 0.324219 0.843750 0.322266 0.843750 0.314453 0.851562 0.314453 0.873047 0.316406 0.875000 0.316406 0.882812 0.322266 0.888672 0.322266 0.890625 0.324219 0.890625 0.326172 0.892578 0.326172 0.894531 0.328125 0.894531 0.332031 0.898438 0.333984 0.898438 0.337891 0.902344 0.339844 0.902344 0.347656 0.910156 0.353516 0.910156 0.355469 0.912109 0.365234 0.912109 0.367188 0.910156 0.371094 0.910156 0.373047 0.908203 0.376953 0.908203 0.378906 0.906250 0.384766 0.906250 0.386719 0.904297 0.388672 0.904297 0.392578 0.900391 0.396484 0.900391 0.400391 0.896484 0.400391 0.888672 0.402344 0.886719 0.402344 0.875000 0.404297 0.873047 0.404297 0.861328 0.398438 0.855469 0.394531 0.855469 0.392578 0.853516 0.380859 0.853516 0.376953 0.849609 0.376953 0.847656 0.373047 0.843750 0.369141 0.843750 0.367188 0.841797
0 0.242188 0.857422 0.236328 0.863281 0.234375 0.863281 0.230469 0.867188 0.228516 0.867188 0.228516 0.869141 0.222656 0.875000 0.222656 0.876953 0.220703 0.878906 0.220703 0.880859 0.218750 0.882812 0.218750 0.884766 0.214844 0.888672 0.214844 0.894531 0.212891 0.896484 0.212891 0.912109 0.220703 0.919922 0.224609 0.919922 0.226562 0.921875 0.228516 0.921875 0.230469 0.923828 0.261719 0.923828 0.265625 0.919922 0.267578 0.919922 0.267578 0.917969 0.275391 0.910156 0.275391 0.898438 0.277344 0.896484 0.277344 0.894531 0.279297 0.892578 0.279297 0.886719 0.275391 0.882812 0.275391 0.878906 0.271484 0.875000 0.271484 0.873047 0.265625 0.867188 0.265625 0.863281 0.263672 0.861328 0.261719 0.861328 0.259766 0.859375 0.255859 0.859375 0.253906 0.857422
0 0.880859 0.896484 0.878906 0.898438 0.878906 0.912109 0.880859 0.914062 0.880859 0.916016 0.886719 0.921875 0.888672 0.921875 0.890625 0.923828 0.902344 0.923828 0.904297 0.925781 0.914062 0.925781 0.916016 0.927734 0.923828 0.927734 0.921875 0.925781 0.921875 0.923828 0.917969 0.919922 0.917969 0.917969 0.916016 0.916016 0.916016 0.914062 0.912109 0.910156 0.912109 0.908203 0.910156 0.906250 0.910156 0.902344 0.908203 0.900391 0.906250 0.900391 0.904297 0.898438 0.902344 0.898438 0.900391 0.896484
0 0.134766 0.917969 0.132812 0.919922 0.130859 0.919922 0.126953 0.923828 0.126953 0.925781 0.123047 0.929688 0.123047 0.951172 0.126953 0.955078 0.128906 0.955078 0.130859 0.957031 0.132812 0.957031 0.134766 0.958984 0.136719 0.958984 0.138672 0.960938 0.150391 0.960938 0.156250 0.955078 0.156250 0.953125 0.160156 0.949219 0.160156 0.945312 0.164062 0.941406 0.164062 0.933594 0.158203 0.927734 0.154297 0.927734 0.152344 0.925781 0.148438 0.925781 0.146484 0.923828 0.134766 0.923828 0.132812 0.921875 0.136719 0.917969
0 0.966797 0.917969 0.964844 0.919922 0.962891 0.919922 0.958984 0.923828 0.957031 0.923828 0.949219 0.931641 0.949219 0.949219 0.951172 0.951172 0.951172 0.953125 0.953125 0.955078 0.953125 0.957031 0.960938 0.964844 0.962891 0.964844 0.972656 0.974609 0.974609 0.974609 0.978516 0.978516 0.982422 0.978516 0.986328 0.982422 0.990234 0.982422 0.994141 0.986328 0.994141 0.957031 0.996094 0.955078 0.996094 0.921875 0.998047 0.919922 0.998047 0.917969
0 0.332031 0.949219 0.330078 0.951172 0.328125 0.951172 0.326172 0.953125 0.326172 0.964844 0.330078 0.968750 0.330078 0.970703 0.343750 0.984375 0.345703 0.984375 0.349609 0.988281 0.351562 0.988281 0.353516 0.990234 0.355469 0.990234 0.357422 0.992188 0.361328 0.992188 0.363281 0.994141 0.365234 0.994141 0.369141 0.990234 0.369141 0.962891 0.365234 0.962891 0.359375 0.957031 0.357422 0.957031 0.355469 0.955078 0.353516 0.955078 0.347656 0.949219
