0 0.681641 0.046875 0.681641 0.083984 0.683594 0.085938 0.683594 0.097656 0.685547 0.099609 0.685547 0.105469 0.689453 0.109375 0.689453 0.111328 0.691406 0.111328 0.693359 0.113281 0.693359 0.115234 0.695312 0.115234 0.697266 0.113281 0.697266 0.107422 0.699219 0.105469 0.699219 0.099609 0.701172 0.097656 0.701172 0.089844 0.703125 0.087891 0.703125 0.070312 0.701172 0.068359 0.701172 0.064453 0.697266 0.060547 0.697266 0.058594 0.689453 0.050781 0.689453 0.048828 0.687500 0.048828 0.685547 0.046875
0 0.156250 0.121094 0.156250 0.142578 0.158203 0.144531 0.158203 0.148438 0.160156 0.150391 0.160156 0.160156 0.162109 0.162109 0.162109 0.166016 0.164062 0.167969 0.164062 0.169922 0.166016 0.171875 0.166016 0.173828 0.167969 0.175781 0.167969 0.183594 0.169922 0.185547 0.169922 0.203125 0.173828 0.207031 0.173828 0.208984 0.173828 0.205078 0.177734 0.201172 0.177734 0.197266 0.179688 0.195312 0.179688 0.181641 0.177734 0.179688 0.177734 0.175781 0.175781 0.173828 0.175781 0.171875 0.173828 0.169922 0.173828 0.164062 0.171875 0.162109 0.171875 0.160156 0.169922 0.158203 0.169922 0.154297 0.167969 0.152344 0.167969 0.126953 0.166016 0.125000 0.166016 0.123047 0.162109 0.123047 0.160156 0.121094
0 0.335938 0.130859 0.333984 0.132812 0.332031 0.132812 0.328125 0.136719 0.326172 0.136719 0.326172 0.138672 0.320312 0.144531 0.320312 0.148438 0.316406 0.152344 0.316406 0.183594 0.320312 0.187500 0.320312 0.191406 0.324219 0.191406 0.326172 0.193359 0.328125 0.193359 0.330078 0.195312 0.332031 0.195312 0.335938 0.199219 0.337891 0.199219 0.339844 0.201172 0.343750 0.201172 0.343750 0.146484 0.341797 0.144531 0.341797 0.142578 0.339844 0.140625 0.339844 0.134766
0 0.207031 0.222656 0.207031 0.263672 0.208984 0.265625 0.208984 0.279297 0.212891 0.283203 0.220703 0.283203 0.220703 0.281250 0.222656 0.279297 0.222656 0.263672 0.224609 0.261719 0.224609 0.255859 0.226562 0.253906 0.224609 0.251953 0.224609 0.238281 0.222656 0.236328 0.222656 0.226562 0.220703 0.224609 0.218750 0.224609 0.216797 0.222656
0 0.595703 0.285156 0.593750 0.287109 0.593750 0.289062 0.591797 0.291016 0.591797 0.312500 0.595703 0.316406 0.595703 0.320312 0.597656 0.322266 0.597656 0.324219 0.599609 0.326172 0.599609 0.328125 0.605469 0.333984 0.605469 0.335938 0.607422 0.335938 0.609375 0.337891 0.619141 0.337891 0.621094 0.335938 0.625000 0.335938 0.613281 0.324219 0.613281 0.320312 0.611328 0.318359 0.611328 0.316406 0.609375 0.316406 0.607422 0.314453 0.607422 0.310547 0.605469 0.308594 0.605469 0.304688 0.603516 0.302734 0.603516 0.298828 0.601562 0.296875 0.601562 0.291016 0.599609 0.289062 0.599609 0.285156
0 0.322266 0.306641 0.322266 0.320312 0.320312 0.322266 0.320312 0.330078 0.318359 0.332031 0.318359 0.343750 0.320312 0.345703 0.320312 0.349609 0.322266 0.351562 0.322266 0.355469 0.324219 0.357422 0.324219 0.361328 0.326172 0.363281 0.326172 0.369141 0.328125 0.371094 0.328125 0.373047 0.330078 0.375000 0.330078 0.378906 0.332031 0.380859 0.332031 0.388672 0.333984 0.388672 0.335938 0.390625 0.335938 0.392578 0.337891 0.394531 0.339844 0.394531 0.341797 0.392578 0.341797 0.388672 0.343750 0.386719 0.343750 0.343750 0.341797 0.341797 0.341797 0.328125 0.339844 0.326172 0.339844 0.324219 0.337891 0.322266 0.337891 0.318359 0.335938 0.316406 0.335938 0.310547 0.333984 0.308594 0.328125 0.308594 0.326172 0.306641
0 0.837891 0.332031 0.837891 0.349609 0.839844 0.351562 0.839844 0.355469 0.841797 0.357422 0.841797 0.363281 0.843750 0.365234 0.843750 0.369141 0.845703 0.371094 0.845703 0.373047 0.847656 0.375000 0.847656 0.378906 0.849609 0.380859 0.849609 0.382812 0.853516 0.386719 0.863281 0.386719 0.863281 0.369141 0.861328 0.367188 0.861328 0.363281 0.859375 0.361328 0.859375 0.359375 0.857422 0.357422 0.857422 0.353516 0.853516 0.349609 0.853516 0.347656 0.851562 0.347656 0.847656 0.343750 0.847656 0.339844 0.843750 0.335938 0.843750 0.332031
0 0.484375 0.337891 0.482422 0.339844 0.482422 0.341797 0.478516 0.345703 0.478516 0.349609 0.474609 0.353516 0.474609 0.375000 0.476562 0.376953 0.476562 0.378906 0.478516 0.380859 0.478516 0.384766 0.480469 0.386719 0.480469 0.388672 0.482422 0.390625 0.486328 0.390625 0.488281 0.392578 0.488281 0.390625 0.490234 0.388672 0.490234 0.380859 0.492188 0.378906 0.492188 0.375000 0.496094 0.371094 0.496094 0.369141 0.498047 0.367188 0.498047 0.365234 0.503906 0.359375 0.503906 0.357422 0.505859 0.355469 0.505859 0.337891
0 0.716797 0.339844 0.716797 0.341797 0.714844 0.343750 0.714844 0.345703 0.712891 0.347656 0.712891 0.357422 0.710938 0.359375 0.710938 0.365234 0.708984 0.367188 0.708984 0.402344 0.708984 0.396484 0.710938 0.394531 0.710938 0.392578 0.714844 0.388672 0.714844 0.384766 0.716797 0.382812 0.716797 0.380859 0.720703 0.376953 0.720703 0.375000 0.722656 0.373047 0.722656 0.371094 0.724609 0.369141 0.726562 0.369141 0.728516 0.367188 0.728516 0.363281 0.730469 0.361328 0.730469 0.359375 0.734375 0.355469 0.734375 0.351562 0.736328 0.349609 0.736328 0.341797 0.734375 0.339844
0 0.277344 0.500000 0.277344 0.501953 0.275391 0.503906 0.275391 0.509766 0.273438 0.511719 0.273438 0.539062 0.275391 0.541016 0.275391 0.558594 0.279297 0.562500 0.279297 0.603516 0.281250 0.601562 0.281250 0.595703 0.283203 0.593750 0.283203 0.591797 0.285156 0.589844 0.285156 0.587891 0.287109 0.585938 0.287109 0.578125 0.289062 0.576172 0.289062 0.568359 0.291016 0.566406 0.291016 0.560547 0.289062 0.558594 0.289062 0.542969 0.287109 0.541016 0.287109 0.521484 0.285156 0.519531 0.285156 0.517578 0.283203 0.515625 0.283203 0.509766 0.281250 0.507812 0.281250 0.501953 0.279297 0.500000
0 0.687500 0.562500 0.685547 0.564453 0.683594 0.564453 0.681641 0.566406 0.679688 0.566406 0.669922 0.576172 0.669922 0.578125 0.666016 0.582031 0.666016 0.583984 0.662109 0.587891 0.660156 0.587891 0.660156 0.589844 0.658203 0.591797 0.656250 0.591797 0.640625 0.607422 0.640625 0.611328 0.638672 0.613281 0.638672 0.617188 0.642578 0.613281 0.644531 0.613281 0.646484 0.611328 0.648438 0.611328 0.650391 0.609375 0.652344 0.609375 0.654297 0.607422 0.658203 0.607422 0.660156 0.605469 0.664062 0.605469 0.667969 0.601562 0.673828 0.601562 0.675781 0.599609 0.679688 0.599609 0.681641 0.597656 0.683594 0.597656 0.693359 0.587891 0.695312 0.587891 0.697266 0.585938 0.697266 0.583984 0.708984 0.572266 0.710938 0.572266 0.714844 0.568359 0.716797 0.568359 0.716797 0.566406 0.720703 0.562500
0 0.353516 0.593750 0.353516 0.603516 0.351562 0.605469 0.351562 0.625000 0.353516 0.626953 0.353516 0.628906 0.357422 0.632812 0.357422 0.634766 0.361328 0.638672 0.361328 0.640625 0.373047 0.640625 0.373047 0.636719 0.375000 0.634766 0.376953 0.634766 0.378906 0.632812 0.376953 0.630859 0.376953 0.628906 0.375000 0.628906 0.367188 0.621094 0.367188 0.619141 0.365234 0.617188 0.365234 0.607422 0.363281 0.605469 0.363281 0.597656 0.361328 0.595703 0.361328 0.593750
0 0.126953 0.714844 0.125000 0.716797 0.123047 0.716797 0.123047 0.718750 0.121094 0.720703 0.121094 0.724609 0.119141 0.726562 0.119141 0.732422 0.117188 0.734375 0.117188 0.746094 0.115234 0.748047 0.115234 0.759766 0.113281 0.761719 0.113281 0.771484 0.115234 0.771484 0.117188 0.773438 0.117188 0.771484 0.121094 0.767578 0.123047 0.767578 0.125000 0.765625 0.125000 0.763672 0.128906 0.759766 0.128906 0.750000 0.130859 0.748047 0.130859 0.740234 0.132812 0.738281 0.132812 0.726562 0.134766 0.724609 0.134766 0.714844
0 0.689453 0.736328 0.689453 0.738281 0.687500 0.740234 0.685547 0.740234 0.683594 0.742188 0.683594 0.744141 0.679688 0.748047 0.677734 0.748047 0.677734 0.750000 0.675781 0.751953 0.673828 0.751953 0.673828 0.753906 0.669922 0.757812 0.669922 0.779297 0.671875 0.781250 0.671875 0.783203 0.673828 0.785156 0.673828 0.789062 0.675781 0.791016 0.675781 0.792969 0.679688 0.796875 0.679688 0.798828 0.683594 0.802734 0.685547 0.802734 0.687500 0.804688 0.687500 0.806641 0.691406 0.810547 0.697266 0.810547 0.699219 0.808594 0.699219 0.806641 0.701172 0.804688 0.701172 0.802734 0.707031 0.796875 0.707031 0.785156 0.708984 0.783203 0.708984 0.771484 0.707031 0.769531 0.707031 0.763672 0.705078 0.761719 0.705078 0.759766 0.703125 0.757812 0.703125 0.748047 0.701172 0.748047
0 0.484375 0.744141 0.484375 0.746094 0.480469 0.750000 0.480469 0.751953 0.478516 0.753906 0.478516 0.757812 0.476562 0.759766 0.476562 0.763672 0.474609 0.765625 0.474609 0.777344 0.476562 0.779297 0.476562 0.783203 0.478516 0.785156 0.478516 0.789062 0.480469 0.791016 0.480469 0.794922 0.484375 0.798828 0.484375 0.802734 0.486328 0.804688 0.486328 0.806641 0.488281 0.808594 0.488281 0.812500 0.490234 0.814453 0.490234 0.826172 0.492188 0.828125 0.492188 0.832031 0.494141 0.833984 0.494141 0.835938 0.498047 0.839844 0.498047 0.841797 0.500000 0.843750 0.500000 0.841797 0.501953 0.839844 0.501953 0.832031 0.503906 0.830078 0.503906 0.820312 0.505859 0.818359 0.505859 0.814453 0.507812 0.812500 0.507812 0.763672 0.505859 0.761719 0.505859 0.759766 0.503906 0.757812 0.503906 0.755859 0.494141 0.746094 0.492188 0.746094 0.490234 0.744141
0 0.093750 0.822266 0.093750 0.824219 0.091797 0.826172 0.091797 0.828125 0.089844 0.830078 0.089844 0.837891 0.087891 0.839844 0.087891 0.857422 0.091797 0.861328 0.093750 0.861328 0.097656 0.865234 0.097656 0.867188 0.101562 0.867188 0.103516 0.869141 0.105469 0.869141 0.105469 0.859375 0.103516 0.857422 0.103516 0.822266
0 0.320312 0.837891 0.316406 0.841797 0.316406 0.843750 0.314453 0.845703 0.312500 0.845703 0.312500 0.857422 0.314453 0.859375 0.314453 0.863281 0.316406 0.865234 0.316406 0.867188 0.318359 0.869141 0.318359 0.871094 0.322266 0.875000 0.322266 0.876953 0.324219 0.878906 0.326172 0.878906 0.328125 0.880859 0.328125 0.882812 0.330078 0.884766 0.332031 0.884766 0.332031 0.855469 0.333984 0.853516 0.333984 0.837891
