0 0.191406 0.000000 0.189453 0.001953 0.185547 0.001953 0.183594 0.003906 0.181641 0.003906 0.179688 0.005859 0.177734 0.005859 0.173828 0.009766 0.173828 0.019531 0.175781 0.021484 0.175781 0.025391 0.177734 0.027344 0.177734 0.029297 0.179688 0.029297 0.181641 0.031250 0.183594 0.031250 0.185547 0.033203 0.208984 0.033203 0.210938 0.031250 0.212891 0.031250 0.214844 0.029297 0.216797 0.029297 0.220703 0.025391 0.222656 0.025391 0.226562 0.021484 0.228516 0.021484 0.228516 0.015625 0.226562 0.013672 0.226562 0.007812 0.224609 0.007812 0.220703 0.003906 0.220703 0.001953 0.218750 0.001953 0.216797 0.000000
0 0.792969 0.003906 0.792969 0.005859 0.791016 0.007812 0.791016 0.021484 0.796875 0.027344 0.796875 0.029297 0.798828 0.031250 0.800781 0.031250 0.804688 0.035156 0.814453 0.035156 0.816406 0.033203 0.816406 0.031250 0.818359 0.029297 0.818359 0.017578 0.814453 0.013672 0.812500 0.013672 0.810547 0.011719 0.810547 0.009766 0.808594 0.009766 0.802734 0.003906
0 0.066406 0.048828 0.062500 0.052734 0.058594 0.052734 0.058594 0.054688 0.056641 0.056641 0.054688 0.056641 0.046875 0.064453 0.046875 0.074219 0.044922 0.076172 0.044922 0.095703 0.056641 0.095703 0.056641 0.093750 0.060547 0.089844 0.060547 0.085938 0.062500 0.083984 0.062500 0.080078 0.068359 0.074219 0.068359 0.070312 0.070312 0.068359 0.070312 0.050781 0.068359 0.048828
0 0.710938 0.064453 0.707031 0.068359 0.707031 0.072266 0.705078 0.074219 0.705078 0.089844 0.708984 0.093750 0.710938 0.093750 0.712891 0.095703 0.712891 0.097656 0.714844 0.097656 0.716797 0.099609 0.732422 0.099609 0.738281 0.093750 0.738281 0.091797 0.744141 0.085938 0.744141 0.074219 0.742188 0.072266 0.742188 0.070312 0.738281 0.070312 0.736328 0.068359 0.736328 0.066406 0.734375 0.066406 0.732422 0.064453
0 0.242188 0.101562 0.236328 0.107422 0.234375 0.107422 0.226562 0.115234 0.224609 0.115234 0.218750 0.121094 0.218750 0.125000 0.216797 0.126953 0.216797 0.144531 0.218750 0.146484 0.218750 0.148438 0.220703 0.150391 0.220703 0.154297 0.224609 0.158203 0.224609 0.160156 0.234375 0.169922 0.238281 0.169922 0.240234 0.171875 0.242188 0.171875 0.244141 0.173828 0.246094 0.173828 0.246094 0.171875 0.248047 0.169922 0.251953 0.169922 0.255859 0.166016 0.263672 0.166016 0.267578 0.162109 0.271484 0.162109 0.279297 0.154297 0.279297 0.150391 0.285156 0.144531 0.285156 0.142578 0.287109 0.140625 0.287109 0.123047 0.285156 0.121094 0.285156 0.119141 0.277344 0.111328 0.275391 0.111328 0.271484 0.107422 0.269531 0.107422 0.265625 0.103516 0.261719 0.103516 0.259766 0.101562
0 0.675781 0.154297 0.673828 0.156250 0.667969 0.156250 0.666016 0.158203 0.664062 0.158203 0.660156 0.162109 0.656250 0.162109 0.652344 0.166016 0.650391 0.166016 0.646484 0.169922 0.644531 0.169922 0.642578 0.171875 0.642578 0.173828 0.640625 0.175781 0.640625 0.195312 0.642578 0.197266 0.642578 0.203125 0.644531 0.205078 0.640625 0.208984 0.640625 0.212891 0.677734 0.212891 0.679688 0.210938 0.685547 0.210938 0.687500 0.208984 0.695312 0.208984 0.697266 0.207031 0.699219 0.207031 0.701172 0.205078 0.705078 0.205078 0.708984 0.201172 0.708984 0.197266 0.710938 0.195312 0.710938 0.175781 0.708984 0.173828 0.708984 0.171875 0.707031 0.169922 0.707031 0.167969 0.705078 0.167969 0.701172 0.164062 0.701172 0.162109 0.699219 0.162109 0.697266 0.160156 0.697266 0.158203 0.693359 0.154297
0 0.037109 0.179688 0.033203 0.183594 0.031250 0.183594 0.029297 0.185547 0.029297 0.187500 0.027344 0.189453 0.027344 0.193359 0.025391 0.195312 0.025391 0.203125 0.033203 0.210938 0.035156 0.210938 0.037109 0.212891 0.041016 0.212891 0.042969 0.210938 0.044922 0.210938 0.046875 0.208984 0.046875 0.207031 0.050781 0.203125 0.050781 0.183594 0.048828 0.181641 0.048828 0.179688
0 0.203125 0.179688 0.203125 0.181641 0.201172 0.183594 0.199219 0.183594 0.195312 0.187500 0.193359 0.187500 0.189453 0.191406 0.187500 0.191406 0.187500 0.193359 0.183594 0.197266 0.181641 0.197266 0.181641 0.201172 0.179688 0.203125 0.179688 0.216797 0.181641 0.218750 0.181641 0.220703 0.185547 0.224609 0.185547 0.228516 0.187500 0.230469 0.187500 0.232422 0.189453 0.232422 0.191406 0.234375 0.191406 0.236328 0.193359 0.238281 0.193359 0.240234 0.195312 0.242188 0.195312 0.246094 0.201172 0.251953 0.201172 0.253906 0.210938 0.253906 0.212891 0.251953 0.214844 0.251953 0.216797 0.250000 0.216797 0.246094 0.218750 0.244141 0.218750 0.240234 0.220703 0.238281 0.222656 0.238281 0.222656 0.232422 0.224609 0.230469 0.224609 0.216797 0.222656 0.214844 0.222656 0.212891 0.220703 0.210938 0.220703 0.207031 0.218750 0.205078 0.218750 0.203125 0.216797 0.201172 0.216797 0.199219 0.212891 0.195312 0.212891 0.193359 0.210938 0.191406 0.210938 0.189453 0.208984 0.187500 0.208984 0.185547 0.207031 0.183594 0.207031 0.181641 0.205078 0.179688
0 0.476562 0.208984 0.472656 0.212891 0.470703 0.212891 0.468750 0.214844 0.466797 0.214844 0.464844 0.216797 0.464844 0.240234 0.466797 0.240234 0.468750 0.242188 0.468750 0.244141 0.472656 0.248047 0.476562 0.248047 0.478516 0.250000 0.488281 0.250000 0.490234 0.251953 0.503906 0.251953 0.505859 0.250000 0.507812 0.250000 0.509766 0.248047 0.509766 0.246094 0.511719 0.244141 0.511719 0.220703 0.507812 0.216797 0.507812 0.214844 0.503906 0.210938 0.501953 0.210938 0.500000 0.208984
0 0.060547 0.207031 0.060547 0.208984 0.058594 0.210938 0.054688 0.210938 0.052734 0.212891 0.050781 0.212891 0.039062 0.224609 0.039062 0.226562 0.035156 0.230469 0.035156 0.232422 0.033203 0.234375 0.033203 0.236328 0.029297 0.240234 0.029297 0.246094 0.031250 0.248047 0.031250 0.250000 0.033203 0.251953 0.033203 0.253906 0.035156 0.255859 0.037109 0.255859 0.039062 0.257812 0.042969 0.257812 0.044922 0.255859 0.046875 0.255859 0.046875 0.253906 0.048828 0.251953 0.050781 0.251953 0.054688 0.248047 0.054688 0.246094 0.058594 0.242188 0.058594 0.240234 0.060547 0.238281 0.060547 0.232422 0.062500 0.230469 0.062500 0.208984
0 0.910156 0.207031 0.906250 0.210938 0.904297 0.210938 0.904297 0.214844 0.906250 0.216797 0.906250 0.218750 0.908203 0.220703 0.908203 0.224609 0.914062 0.230469 0.914062 0.232422 0.916016 0.234375 0.916016 0.236328 0.929688 0.250000 0.929688 0.251953 0.933594 0.255859 0.939453 0.255859 0.941406 0.253906 0.941406 0.251953 0.947266 0.246094 0.947266 0.242188 0.949219 0.240234 0.949219 0.238281 0.951172 0.236328 0.953125 0.236328 0.953125 0.228516 0.951172 0.226562 0.951172 0.222656 0.949219 0.220703 0.949219 0.216797 0.947266 0.216797 0.941406 0.210938 0.939453 0.210938 0.937500 0.208984 0.933594 0.208984 0.931641 0.207031
0 0.980469 0.230469 0.978516 0.232422 0.976562 0.232422 0.976562 0.234375 0.974609 0.236328 0.974609 0.251953 0.978516 0.255859 0.978516 0.257812 0.980469 0.257812 0.982422 0.259766 0.986328 0.259766 0.988281 0.261719 0.996094 0.261719 0.994141 0.259766 0.994141 0.244141 0.992188 0.242188 0.992188 0.230469
0 0.876953 0.275391 0.875000 0.277344 0.875000 0.279297 0.873047 0.281250 0.873047 0.300781 0.875000 0.302734 0.875000 0.304688 0.876953 0.306641 0.876953 0.308594 0.878906 0.310547 0.878906 0.314453 0.882812 0.318359 0.884766 0.316406 0.884766 0.314453 0.886719 0.312500 0.888672 0.312500 0.896484 0.304688 0.896484 0.298828 0.898438 0.296875 0.898438 0.281250 0.894531 0.277344 0.892578 0.277344 0.890625 0.275391
0 0.037109 0.267578 0.037109 0.269531 0.035156 0.271484 0.029297 0.271484 0.029297 0.273438 0.025391 0.277344 0.025391 0.279297 0.023438 0.281250 0.023438 0.283203 0.021484 0.285156 0.021484 0.289062 0.019531 0.291016 0.019531 0.292969 0.017578 0.294922 0.017578 0.322266 0.021484 0.326172 0.021484 0.328125 0.025391 0.332031 0.025391 0.333984 0.027344 0.335938 0.027344 0.337891 0.029297 0.337891 0.031250 0.339844 0.031250 0.341797 0.035156 0.345703 0.044922 0.345703 0.044922 0.341797 0.046875 0.339844 0.046875 0.335938 0.050781 0.332031 0.050781 0.322266 0.052734 0.320312 0.052734 0.292969 0.048828 0.289062 0.048828 0.287109 0.046875 0.285156 0.046875 0.283203 0.042969 0.279297 0.042969 0.275391 0.041016 0.273438 0.041016 0.269531 0.039062 0.267578
0 0.802734 0.283203 0.802734 0.285156 0.800781 0.287109 0.798828 0.287109 0.796875 0.289062 0.794922 0.289062 0.789062 0.294922 0.789062 0.296875 0.783203 0.302734 0.783203 0.308594 0.781250 0.310547 0.781250 0.314453 0.779297 0.316406 0.779297 0.330078 0.777344 0.332031 0.777344 0.376953 0.781250 0.376953 0.783203 0.378906 0.783203 0.376953 0.785156 0.375000 0.785156 0.373047 0.787109 0.371094 0.787109 0.369141 0.791016 0.365234 0.791016 0.363281 0.794922 0.359375 0.796875 0.359375 0.798828 0.357422 0.798828 0.355469 0.804688 0.349609 0.804688 0.347656 0.810547 0.341797 0.810547 0.339844 0.812500 0.337891 0.812500 0.333984 0.814453 0.332031 0.816406 0.332031 0.816406 0.330078 0.818359 0.328125 0.818359 0.289062 0.816406 0.287109 0.816406 0.283203
0 0.970703 0.339844 0.968750 0.341797 0.960938 0.341797 0.958984 0.343750 0.957031 0.343750 0.947266 0.353516 0.947266 0.365234 0.949219 0.367188 0.949219 0.369141 0.951172 0.371094 0.953125 0.371094 0.958984 0.376953 0.964844 0.376953 0.966797 0.375000 0.968750 0.375000 0.972656 0.371094 0.972656 0.369141 0.974609 0.367188 0.974609 0.365234 0.976562 0.363281 0.976562 0.343750 0.974609 0.343750 0.972656 0.341797 0.972656 0.339844
0 0.167969 0.376953 0.160156 0.384766 0.160156 0.386719 0.158203 0.388672 0.156250 0.388672 0.154297 0.390625 0.152344 0.390625 0.152344 0.392578 0.148438 0.396484 0.148438 0.406250 0.152344 0.410156 0.152344 0.412109 0.156250 0.416016 0.156250 0.417969 0.164062 0.425781 0.164062 0.427734 0.166016 0.427734 0.169922 0.431641 0.173828 0.431641 0.175781 0.433594 0.199219 0.433594 0.201172 0.431641 0.205078 0.431641 0.205078 0.429688 0.207031 0.427734 0.207031 0.425781 0.208984 0.423828 0.208984 0.421875 0.210938 0.419922 0.210938 0.404297 0.207031 0.400391 0.207031 0.398438 0.193359 0.384766 0.193359 0.382812 0.191406 0.380859 0.189453 0.380859 0.187500 0.378906 0.187500 0.376953
0 0.785156 0.378906 0.785156 0.384766 0.783203 0.386719 0.779297 0.382812 0.771484 0.382812 0.767578 0.386719 0.765625 0.386719 0.763672 0.388672 0.761719 0.388672 0.759766 0.390625 0.759766 0.392578 0.757812 0.394531 0.757812 0.396484 0.755859 0.398438 0.753906 0.398438 0.753906 0.408203 0.751953 0.410156 0.751953 0.449219 0.753906 0.451172 0.753906 0.457031 0.759766 0.462891 0.761719 0.462891 0.763672 0.464844 0.771484 0.464844 0.771484 0.462891 0.773438 0.460938 0.773438 0.458984 0.775391 0.457031 0.775391 0.451172 0.777344 0.449219 0.777344 0.447266 0.779297 0.445312 0.781250 0.445312 0.781250 0.439453 0.783203 0.437500 0.783203 0.423828 0.785156 0.421875
0 0.900391 0.398438 0.894531 0.404297 0.894531 0.408203 0.892578 0.410156 0.892578 0.417969 0.890625 0.419922 0.890625 0.423828 0.888672 0.425781 0.888672 0.441406 0.890625 0.443359 0.890625 0.447266 0.892578 0.449219 0.894531 0.449219 0.896484 0.451172 0.898438 0.451172 0.900391 0.453125 0.914062 0.453125 0.917969 0.449219 0.917969 0.445312 0.919922 0.443359 0.919922 0.441406 0.921875 0.439453 0.921875 0.427734 0.919922 0.425781 0.919922 0.419922 0.917969 0.417969 0.917969 0.412109 0.914062 0.408203 0.914062 0.402344 0.910156 0.398438
0 0.228516 0.466797 0.226562 0.468750 0.224609 0.468750 0.218750 0.474609 0.216797 0.474609 0.214844 0.476562 0.214844 0.480469 0.212891 0.482422 0.212891 0.484375 0.210938 0.486328 0.210938 0.498047 0.212891 0.500000 0.212891 0.501953 0.214844 0.503906 0.214844 0.505859 0.220703 0.511719 0.220703 0.513672 0.228516 0.521484 0.228516 0.523438 0.230469 0.523438 0.232422 0.525391 0.232422 0.527344 0.232422 0.525391 0.234375 0.523438 0.234375 0.509766 0.236328 0.507812 0.236328 0.503906 0.238281 0.501953 0.238281 0.498047 0.240234 0.496094 0.240234 0.482422 0.242188 0.480469 0.242188 0.470703 0.238281 0.466797
0 0.996094 0.484375 0.996094 0.486328 0.994141 0.488281 0.992188 0.488281 0.992188 0.490234 0.988281 0.494141 0.986328 0.494141 0.984375 0.496094 0.984375 0.507812 0.986328 0.509766 0.986328 0.513672 0.994141 0.521484 0.994141 0.488281 0.996094 0.486328
0 0.818359 0.482422 0.816406 0.484375 0.810547 0.484375 0.808594 0.486328 0.804688 0.486328 0.798828 0.492188 0.798828 0.494141 0.796875 0.496094 0.796875 0.507812 0.798828 0.509766 0.798828 0.515625 0.800781 0.517578 0.800781 0.521484 0.802734 0.523438 0.806641 0.523438 0.808594 0.525391 0.812500 0.525391 0.814453 0.527344 0.824219 0.527344 0.826172 0.525391 0.828125 0.525391 0.832031 0.521484 0.832031 0.515625 0.835938 0.511719 0.835938 0.496094 0.833984 0.494141 0.833984 0.492188 0.832031 0.490234 0.832031 0.488281 0.830078 0.488281 0.826172 0.484375 0.824219 0.484375 0.822266 0.482422
0 0.623047 0.466797 0.623047 0.470703 0.621094 0.472656 0.621094 0.478516 0.619141 0.480469 0.617188 0.480469 0.615234 0.482422 0.615234 0.484375 0.613281 0.486328 0.613281 0.490234 0.611328 0.492188 0.611328 0.525391 0.613281 0.527344 0.613281 0.537109 0.615234 0.539062 0.615234 0.542969 0.619141 0.546875 0.619141 0.550781 0.623047 0.554688 0.623047 0.556641 0.626953 0.560547 0.626953 0.562500 0.628906 0.564453 0.628906 0.566406 0.632812 0.570312 0.632812 0.572266 0.634766 0.574219 0.634766 0.576172 0.636719 0.576172 0.640625 0.572266 0.640625 0.566406 0.642578 0.564453 0.642578 0.562500 0.644531 0.560547 0.644531 0.517578 0.642578 0.515625 0.642578 0.509766 0.640625 0.507812 0.640625 0.501953 0.638672 0.500000 0.638672 0.494141 0.636719 0.492188 0.636719 0.486328 0.634766 0.484375 0.634766 0.480469 0.632812 0.478516 0.632812 0.476562 0.630859 0.474609 0.630859 0.472656 0.628906 0.470703 0.628906 0.468750 0.626953 0.466797
0 0.322266 0.478516 0.320312 0.480469 0.318359 0.480469 0.316406 0.482422 0.314453 0.482422 0.310547 0.486328 0.308594 0.486328 0.306641 0.488281 0.304688 0.488281 0.302734 0.490234 0.298828 0.490234 0.296875 0.492188 0.292969 0.492188 0.291016 0.494141 0.289062 0.494141 0.287109 0.496094 0.283203 0.496094 0.283203 0.498047 0.281250 0.500000 0.279297 0.500000 0.277344 0.501953 0.275391 0.501953 0.275391 0.503906 0.267578 0.511719 0.267578 0.513672 0.265625 0.515625 0.265625 0.517578 0.263672 0.519531 0.261719 0.519531 0.257812 0.523438 0.255859 0.523438 0.255859 0.527344 0.257812 0.529297 0.259766 0.529297 0.265625 0.535156 0.267578 0.535156 0.271484 0.539062 0.271484 0.541016 0.273438 0.541016 0.277344 0.544922 0.279297 0.544922 0.283203 0.548828 0.285156 0.548828 0.289062 0.552734 0.291016 0.552734 0.292969 0.554688 0.294922 0.554688 0.298828 0.558594 0.300781 0.558594 0.302734 0.560547 0.304688 0.560547 0.308594 0.564453 0.312500 0.564453 0.314453 0.566406 0.316406 0.566406 0.318359 0.568359 0.320312 0.568359 0.322266 0.570312 0.324219 0.570312 0.328125 0.574219 0.332031 0.574219 0.333984 0.576172 0.339844 0.576172 0.341797 0.578125 0.380859 0.578125 0.382812 0.576172 0.398438 0.576172 0.400391 0.574219 0.404297 0.574219 0.406250 0.572266 0.412109 0.572266 0.414062 0.570312 0.416016 0.570312 0.416016 0.568359 0.417969 0.566406 0.419922 0.566406 0.419922 0.550781 0.417969 0.548828 0.417969 0.546875 0.414062 0.542969 0.414062 0.541016 0.412109 0.541016 0.408203 0.537109 0.408203 0.535156 0.406250 0.533203 0.404297 0.533203 0.400391 0.529297 0.400391 0.527344 0.398438 0.527344 0.396484 0.525391 0.396484 0.523438 0.394531 0.523438 0.388672 0.517578 0.386719 0.517578 0.376953 0.507812 0.375000 0.507812 0.351562 0.484375 0.349609 0.484375 0.347656 0.482422 0.345703 0.482422 0.341797 0.478516
0 0.085938 0.492188 0.083984 0.494141 0.082031 0.494141 0.078125 0.498047 0.078125 0.500000 0.076172 0.501953 0.076172 0.503906 0.074219 0.505859 0.074219 0.513672 0.072266 0.515625 0.072266 0.529297 0.074219 0.529297 0.076172 0.531250 0.076172 0.533203 0.080078 0.537109 0.080078 0.552734 0.087891 0.560547 0.087891 0.562500 0.089844 0.562500 0.091797 0.564453 0.091797 0.566406 0.093750 0.568359 0.095703 0.568359 0.099609 0.572266 0.099609 0.574219 0.101562 0.576172 0.126953 0.576172 0.130859 0.572266 0.130859 0.570312 0.132812 0.568359 0.132812 0.566406 0.136719 0.562500 0.136719 0.548828 0.134766 0.546875 0.134766 0.542969 0.132812 0.541016 0.132812 0.535156 0.130859 0.533203 0.130859 0.531250 0.128906 0.529297 0.128906 0.521484 0.126953 0.519531 0.126953 0.513672 0.125000 0.511719 0.125000 0.507812 0.121094 0.503906 0.121094 0.501953 0.119141 0.500000 0.119141 0.498047 0.117188 0.496094 0.115234 0.496094 0.111328 0.492188
0 0.837891 0.544922 0.835938 0.546875 0.830078 0.546875 0.826172 0.550781 0.822266 0.550781 0.820312 0.552734 0.820312 0.568359 0.824219 0.572266 0.824219 0.576172 0.826172 0.578125 0.826172 0.580078 0.832031 0.585938 0.832031 0.587891 0.833984 0.589844 0.845703 0.589844 0.847656 0.587891 0.849609 0.587891 0.851562 0.585938 0.853516 0.585938 0.855469 0.583984 0.857422 0.583984 0.857422 0.580078 0.859375 0.578125 0.859375 0.566406 0.857422 0.564453 0.857422 0.558594 0.855469 0.556641 0.855469 0.552734 0.853516 0.552734 0.849609 0.548828 0.849609 0.546875 0.847656 0.544922
0 0.781250 0.564453 0.777344 0.568359 0.777344 0.572266 0.775391 0.574219 0.773438 0.574219 0.773438 0.576172 0.771484 0.578125 0.771484 0.587891 0.775391 0.591797 0.775391 0.595703 0.779297 0.599609 0.785156 0.599609 0.787109 0.601562 0.802734 0.601562 0.802734 0.599609 0.804688 0.597656 0.804688 0.585938 0.806641 0.583984 0.806641 0.572266 0.800781 0.566406 0.796875 0.566406 0.794922 0.564453
0 0.939453 0.601562 0.937500 0.603516 0.933594 0.603516 0.927734 0.609375 0.927734 0.611328 0.925781 0.613281 0.925781 0.632812 0.927734 0.634766 0.927734 0.638672 0.931641 0.642578 0.931641 0.648438 0.939453 0.648438 0.941406 0.646484 0.945312 0.646484 0.949219 0.642578 0.949219 0.638672 0.951172 0.636719 0.951172 0.634766 0.953125 0.632812 0.953125 0.630859 0.955078 0.628906 0.955078 0.617188 0.957031 0.615234 0.957031 0.611328 0.953125 0.607422 0.953125 0.605469 0.951172 0.603516 0.951172 0.601562
0 0.089844 0.601562 0.085938 0.605469 0.085938 0.607422 0.083984 0.609375 0.083984 0.613281 0.082031 0.615234 0.082031 0.636719 0.083984 0.636719 0.085938 0.638672 0.085938 0.640625 0.087891 0.642578 0.087891 0.644531 0.089844 0.646484 0.089844 0.648438 0.091797 0.648438 0.095703 0.652344 0.095703 0.654297 0.101562 0.660156 0.101562 0.662109 0.101562 0.660156 0.105469 0.656250 0.105469 0.652344 0.107422 0.650391 0.107422 0.609375 0.099609 0.601562
0 0.998047 0.685547 0.986328 0.697266 0.986328 0.699219 0.984375 0.701172 0.984375 0.707031 0.982422 0.708984 0.982422 0.734375 0.986328 0.738281 0.986328 0.742188 0.990234 0.746094 0.990234 0.750000 0.992188 0.751953 0.992188 0.753906 0.994141 0.755859 0.994141 0.724609 0.996094 0.722656 0.996094 0.687500
0 0.755859 0.712891 0.753906 0.714844 0.753906 0.716797 0.751953 0.718750 0.751953 0.720703 0.750000 0.722656 0.750000 0.724609 0.748047 0.726562 0.748047 0.738281 0.750000 0.740234 0.750000 0.742188 0.759766 0.751953 0.761719 0.751953 0.763672 0.753906 0.769531 0.753906 0.771484 0.751953 0.773438 0.751953 0.775391 0.750000 0.775391 0.748047 0.777344 0.746094 0.777344 0.740234 0.779297 0.738281 0.779297 0.728516 0.777344 0.726562 0.777344 0.724609 0.775391 0.722656 0.771484 0.722656 0.767578 0.718750 0.767578 0.714844 0.765625 0.712891
0 0.636719 0.740234 0.634766 0.742188 0.630859 0.742188 0.628906 0.744141 0.626953 0.744141 0.625000 0.746094 0.623047 0.746094 0.619141 0.750000 0.619141 0.763672 0.621094 0.765625 0.621094 0.767578 0.623047 0.769531 0.623047 0.773438 0.625000 0.775391 0.625000 0.781250 0.630859 0.787109 0.630859 0.791016 0.634766 0.794922 0.634766 0.796875 0.636719 0.798828 0.636719 0.802734 0.638672 0.804688 0.638672 0.806641 0.646484 0.814453 0.648438 0.814453 0.648438 0.810547 0.650391 0.808594 0.650391 0.800781 0.656250 0.794922 0.656250 0.791016 0.658203 0.789062 0.658203 0.765625 0.656250 0.763672 0.656250 0.759766 0.654297 0.757812 0.654297 0.748047 0.652344 0.746094 0.652344 0.744141 0.648438 0.740234
0 0.791016 0.781250 0.789062 0.783203 0.789062 0.800781 0.791016 0.802734 0.792969 0.802734 0.794922 0.804688 0.814453 0.804688 0.818359 0.800781 0.818359 0.791016 0.812500 0.785156 0.806641 0.785156 0.804688 0.783203 0.802734 0.783203 0.800781 0.781250
0 0.482422 0.753906 0.476562 0.759766 0.474609 0.759766 0.474609 0.763672 0.472656 0.765625 0.470703 0.765625 0.470703 0.783203 0.466797 0.787109 0.466797 0.832031 0.468750 0.833984 0.468750 0.837891 0.470703 0.839844 0.470703 0.841797 0.476562 0.847656 0.478516 0.847656 0.482422 0.851562 0.484375 0.851562 0.486328 0.853516 0.490234 0.853516 0.492188 0.855469 0.494141 0.855469 0.496094 0.857422 0.500000 0.857422 0.501953 0.859375 0.515625 0.859375 0.517578 0.861328 0.537109 0.861328 0.542969 0.855469 0.544922 0.855469 0.546875 0.853516 0.548828 0.853516 0.548828 0.851562 0.552734 0.847656 0.552734 0.837891 0.554688 0.835938 0.554688 0.798828 0.552734 0.796875 0.552734 0.794922 0.550781 0.792969 0.550781 0.791016 0.548828 0.789062 0.548828 0.785156 0.546875 0.785156 0.544922 0.783203 0.544922 0.781250 0.533203 0.769531 0.531250 0.769531 0.523438 0.761719 0.521484 0.761719 0.519531 0.759766 0.517578 0.759766 0.515625 0.757812 0.511719 0.757812 0.509766 0.755859 0.501953 0.755859 0.500000 0.753906
0 0.837891 0.794922 0.833984 0.798828 0.833984 0.812500 0.835938 0.812500 0.837891 0.814453 0.837891 0.816406 0.839844 0.818359 0.839844 0.820312 0.843750 0.820312 0.845703 0.822266 0.845703 0.824219 0.851562 0.824219 0.853516 0.826172 0.857422 0.826172 0.861328 0.830078 0.871094 0.830078 0.875000 0.826172 0.875000 0.810547 0.873047 0.810547 0.871094 0.808594 0.871094 0.804688 0.867188 0.800781 0.861328 0.800781 0.859375 0.798828 0.857422 0.798828 0.855469 0.796875 0.847656 0.796875 0.845703 0.794922
0 0.923828 0.794922 0.923828 0.796875 0.921875 0.798828 0.919922 0.798828 0.919922 0.802734 0.917969 0.804688 0.917969 0.818359 0.923828 0.824219 0.923828 0.826172 0.929688 0.826172 0.931641 0.828125 0.937500 0.828125 0.947266 0.818359 0.947266 0.806641 0.945312 0.804688 0.943359 0.804688 0.939453 0.800781 0.937500 0.800781 0.935547 0.798828 0.933594 0.798828 0.929688 0.794922
0 0.279297 0.783203 0.275391 0.787109 0.273438 0.787109 0.271484 0.789062 0.271484 0.792969 0.267578 0.796875 0.267578 0.800781 0.265625 0.802734 0.265625 0.808594 0.263672 0.810547 0.263672 0.814453 0.261719 0.816406 0.261719 0.832031 0.265625 0.835938 0.265625 0.839844 0.267578 0.839844 0.269531 0.841797 0.269531 0.843750 0.271484 0.845703 0.271484 0.847656 0.273438 0.849609 0.273438 0.851562 0.279297 0.857422 0.279297 0.859375 0.281250 0.859375 0.285156 0.863281 0.285156 0.865234 0.287109 0.867188 0.308594 0.867188 0.312500 0.863281 0.314453 0.863281 0.318359 0.859375 0.318359 0.857422 0.320312 0.855469 0.322266 0.855469 0.322266 0.851562 0.326172 0.847656 0.326172 0.843750 0.328125 0.841797 0.328125 0.820312 0.324219 0.816406 0.324219 0.812500 0.318359 0.806641 0.318359 0.804688 0.316406 0.802734 0.316406 0.800781 0.304688 0.789062 0.300781 0.789062 0.298828 0.787109 0.292969 0.787109 0.291016 0.785156 0.289062 0.785156 0.287109 0.783203
0 0.128906 0.818359 0.128906 0.820312 0.126953 0.822266 0.126953 0.835938 0.128906 0.837891 0.128906 0.841797 0.132812 0.845703 0.132812 0.849609 0.134766 0.851562 0.134766 0.857422 0.136719 0.859375 0.136719 0.861328 0.140625 0.865234 0.140625 0.867188 0.142578 0.869141 0.142578 0.871094 0.144531 0.873047 0.146484 0.873047 0.148438 0.875000 0.150391 0.875000 0.152344 0.876953 0.152344 0.878906 0.156250 0.878906 0.158203 0.880859 0.166016 0.880859 0.167969 0.878906 0.167969 0.867188 0.169922 0.865234 0.169922 0.843750 0.167969 0.843750 0.162109 0.837891 0.162109 0.833984 0.158203 0.830078 0.158203 0.826172 0.156250 0.826172 0.154297 0.824219 0.154297 0.822266 0.152344 0.820312 0.150391 0.820312 0.148438 0.818359
0 0.060547 0.835938 0.056641 0.839844 0.056641 0.845703 0.054688 0.847656 0.054688 0.869141 0.064453 0.878906 0.066406 0.878906 0.070312 0.882812 0.078125 0.882812 0.076172 0.882812 0.074219 0.880859 0.076172 0.878906 0.078125 0.878906 0.080078 0.876953 0.083984 0.876953 0.085938 0.875000 0.091797 0.875000 0.097656 0.869141 0.097656 0.853516 0.095703 0.851562 0.095703 0.849609 0.093750 0.847656 0.093750 0.845703 0.091797 0.845703 0.087891 0.841797 0.087891 0.839844 0.085938 0.837891 0.080078 0.837891 0.078125 0.835938
0 0.195312 0.943359 0.189453 0.949219 0.189453 0.953125 0.187500 0.955078 0.187500 0.957031 0.183594 0.960938 0.183594 0.970703 0.185547 0.972656 0.185547 0.976562 0.187500 0.978516 0.187500 0.982422 0.191406 0.982422 0.193359 0.984375 0.197266 0.984375 0.199219 0.986328 0.203125 0.986328 0.205078 0.988281 0.208984 0.988281 0.210938 0.990234 0.212891 0.990234 0.214844 0.992188 0.216797 0.992188 0.218750 0.990234 0.230469 0.990234 0.232422 0.988281 0.234375 0.988281 0.240234 0.982422 0.242188 0.982422 0.242188 0.974609 0.240234 0.972656 0.240234 0.968750 0.238281 0.966797 0.238281 0.964844 0.236328 0.962891 0.236328 0.960938 0.234375 0.958984 0.234375 0.957031 0.232422 0.957031 0.230469 0.955078 0.230469 0.953125 0.228516 0.953125 0.224609 0.949219 0.220703 0.949219 0.216797 0.945312 0.214844 0.945312 0.212891 0.943359
0 0.039062 0.957031 0.037109 0.958984 0.035156 0.958984 0.035156 0.984375 0.037109 0.986328 0.037109 0.988281 0.039062 0.990234 0.039062 0.994141 0.041016 0.996094 0.042969 0.994141 0.070312 0.994141 0.070312 0.980469 0.066406 0.976562 0.066406 0.974609 0.064453 0.972656 0.064453 0.970703 0.054688 0.960938 0.052734 0.960938 0.050781 0.958984 0.050781 0.957031
