0 0.109375 0.007812 0.105469 0.011719 0.105469 0.013672 0.101562 0.017578 0.099609 0.017578 0.097656 0.019531 0.095703 0.019531 0.093750 0.021484 0.089844 0.021484 0.085938 0.025391 0.083984 0.025391 0.082031 0.027344 0.082031 0.029297 0.080078 0.031250 0.080078 0.033203 0.078125 0.035156 0.078125 0.042969 0.080078 0.044922 0.080078 0.050781 0.082031 0.048828 0.082031 0.046875 0.089844 0.039062 0.091797 0.039062 0.093750 0.037109 0.095703 0.037109 0.097656 0.035156 0.099609 0.035156 0.103516 0.031250 0.107422 0.031250 0.117188 0.021484 0.117188 0.017578 0.119141 0.015625 0.119141 0.011719 0.115234 0.007812
0 0.615234 0.011719 0.613281 0.013672 0.613281 0.017578 0.611328 0.019531 0.611328 0.041016 0.613281 0.042969 0.613281 0.050781 0.615234 0.052734 0.615234 0.074219 0.621094 0.074219 0.623047 0.072266 0.626953 0.072266 0.630859 0.068359 0.630859 0.052734 0.628906 0.050781 0.628906 0.041016 0.626953 0.039062 0.626953 0.035156 0.625000 0.033203 0.625000 0.029297 0.623047 0.027344 0.623047 0.023438 0.621094 0.021484 0.619141 0.021484 0.617188 0.019531 0.617188 0.011719
0 0.011719 0.064453 0.009766 0.066406 0.005859 0.066406 0.003906 0.068359 0.001953 0.068359 0.001953 0.089844 0.005859 0.089844 0.005859 0.087891 0.007812 0.085938 0.011719 0.085938 0.013672 0.083984 0.017578 0.083984 0.019531 0.082031 0.021484 0.082031 0.025391 0.078125 0.027344 0.078125 0.029297 0.076172 0.046875 0.076172 0.048828 0.074219 0.050781 0.074219 0.052734 0.072266 0.052734 0.064453
0 0.105469 0.105469 0.103516 0.107422 0.099609 0.107422 0.097656 0.109375 0.093750 0.109375 0.091797 0.111328 0.085938 0.111328 0.083984 0.113281 0.082031 0.113281 0.078125 0.117188 0.076172 0.117188 0.074219 0.119141 0.074219 0.121094 0.072266 0.123047 0.072266 0.125000 0.068359 0.128906 0.068359 0.158203 0.070312 0.160156 0.070312 0.162109 0.072266 0.164062 0.072266 0.166016 0.072266 0.156250 0.074219 0.154297 0.074219 0.148438 0.076172 0.146484 0.076172 0.142578 0.080078 0.138672 0.082031 0.138672 0.082031 0.136719 0.087891 0.130859 0.087891 0.128906 0.089844 0.126953 0.091797 0.126953 0.093750 0.125000 0.095703 0.125000 0.099609 0.121094 0.101562 0.121094 0.103516 0.119141 0.105469 0.119141 0.107422 0.117188 0.109375 0.117188 0.109375 0.113281 0.111328 0.111328 0.111328 0.105469
0 0.207031 0.140625 0.207031 0.142578 0.205078 0.144531 0.205078 0.156250 0.207031 0.158203 0.207031 0.167969 0.208984 0.169922 0.208984 0.173828 0.212891 0.169922 0.212891 0.167969 0.216797 0.164062 0.218750 0.164062 0.218750 0.162109 0.224609 0.156250 0.224609 0.154297 0.226562 0.152344 0.226562 0.140625
0 0.837891 0.226562 0.835938 0.228516 0.833984 0.228516 0.832031 0.230469 0.830078 0.230469 0.830078 0.232422 0.828125 0.234375 0.826172 0.234375 0.826172 0.246094 0.828125 0.248047 0.847656 0.248047 0.851562 0.251953 0.851562 0.253906 0.855469 0.257812 0.855469 0.259766 0.857422 0.261719 0.857422 0.263672 0.859375 0.265625 0.859375 0.267578 0.861328 0.267578 0.867188 0.273438 0.869141 0.273438 0.871094 0.275391 0.875000 0.271484 0.875000 0.232422 0.873047 0.230469 0.865234 0.230469 0.863281 0.228516 0.859375 0.228516 0.857422 0.226562
0 0.585938 0.335938 0.583984 0.337891 0.582031 0.337891 0.580078 0.339844 0.580078 0.353516 0.583984 0.357422 0.583984 0.359375 0.587891 0.363281 0.589844 0.363281 0.591797 0.365234 0.593750 0.365234 0.595703 0.367188 0.597656 0.367188 0.599609 0.369141 0.601562 0.369141 0.601562 0.365234 0.603516 0.363281 0.603516 0.361328 0.607422 0.357422 0.607422 0.351562 0.609375 0.349609 0.609375 0.341797 0.605469 0.337891 0.597656 0.337891 0.595703 0.335938
0 0.003906 0.382812 0.003906 0.412109 0.009766 0.412109 0.011719 0.410156 0.013672 0.410156 0.015625 0.408203 0.017578 0.408203 0.021484 0.404297 0.023438 0.404297 0.025391 0.402344 0.029297 0.402344 0.033203 0.398438 0.037109 0.398438 0.039062 0.396484 0.041016 0.396484 0.042969 0.394531 0.044922 0.394531 0.046875 0.392578 0.046875 0.388672 0.044922 0.386719 0.037109 0.386719 0.035156 0.384766 0.015625 0.384766 0.013672 0.382812
0 0.216797 0.431641 0.216797 0.435547 0.212891 0.439453 0.212891 0.451172 0.210938 0.453125 0.210938 0.472656 0.212891 0.470703 0.214844 0.470703 0.216797 0.468750 0.218750 0.468750 0.218750 0.462891 0.220703 0.460938 0.220703 0.431641
0 0.431641 0.457031 0.429688 0.458984 0.429688 0.462891 0.435547 0.468750 0.437500 0.468750 0.443359 0.474609 0.445312 0.474609 0.451172 0.480469 0.453125 0.480469 0.455078 0.482422 0.455078 0.478516 0.453125 0.476562 0.453125 0.472656 0.451172 0.470703 0.451172 0.460938 0.449219 0.458984 0.447266 0.458984 0.445312 0.457031
0 0.207031 0.482422 0.205078 0.484375 0.203125 0.484375 0.197266 0.490234 0.195312 0.490234 0.191406 0.494141 0.191406 0.513672 0.193359 0.511719 0.197266 0.511719 0.199219 0.509766 0.203125 0.509766 0.203125 0.507812 0.205078 0.505859 0.212891 0.505859 0.216797 0.501953 0.218750 0.501953 0.220703 0.500000 0.222656 0.500000 0.224609 0.498047 0.226562 0.498047 0.232422 0.492188 0.232422 0.486328 0.230469 0.484375 0.228516 0.484375 0.226562 0.482422
0 0.181641 0.707031 0.177734 0.710938 0.175781 0.710938 0.173828 0.712891 0.173828 0.714844 0.171875 0.716797 0.171875 0.744141 0.169922 0.746094 0.169922 0.748047 0.167969 0.750000 0.167969 0.757812 0.171875 0.757812 0.173828 0.755859 0.179688 0.755859 0.185547 0.750000 0.187500 0.750000 0.189453 0.748047 0.191406 0.748047 0.195312 0.744141 0.195312 0.740234 0.197266 0.738281 0.197266 0.736328 0.199219 0.734375 0.199219 0.732422 0.201172 0.730469 0.201172 0.728516 0.203125 0.726562 0.203125 0.724609 0.207031 0.720703 0.207031 0.716797 0.208984 0.714844 0.208984 0.708984 0.205078 0.708984 0.203125 0.707031
0 0.580078 0.742188 0.578125 0.744141 0.568359 0.744141 0.564453 0.748047 0.562500 0.748047 0.560547 0.750000 0.558594 0.750000 0.554688 0.753906 0.552734 0.753906 0.548828 0.757812 0.546875 0.757812 0.542969 0.761719 0.541016 0.761719 0.539062 0.763672 0.537109 0.763672 0.535156 0.765625 0.531250 0.765625 0.529297 0.767578 0.527344 0.767578 0.525391 0.769531 0.523438 0.769531 0.519531 0.773438 0.519531 0.781250 0.523438 0.781250 0.525391 0.783203 0.541016 0.783203 0.542969 0.785156 0.539062 0.789062 0.539062 0.791016 0.541016 0.789062 0.544922 0.789062 0.550781 0.783203 0.556641 0.783203 0.560547 0.779297 0.564453 0.779297 0.566406 0.777344 0.568359 0.777344 0.572266 0.773438 0.574219 0.773438 0.580078 0.767578 0.583984 0.767578 0.585938 0.765625 0.589844 0.765625 0.591797 0.763672 0.591797 0.761719 0.593750 0.759766 0.595703 0.759766 0.603516 0.751953 0.603516 0.742188
0 0.072266 0.757812 0.070312 0.759766 0.066406 0.759766 0.066406 0.761719 0.064453 0.763672 0.062500 0.763672 0.060547 0.765625 0.058594 0.765625 0.054688 0.769531 0.052734 0.769531 0.048828 0.773438 0.044922 0.773438 0.039062 0.779297 0.039062 0.781250 0.037109 0.783203 0.037109 0.787109 0.039062 0.787109 0.041016 0.789062 0.042969 0.789062 0.044922 0.791016 0.052734 0.791016 0.054688 0.792969 0.064453 0.792969 0.066406 0.791016 0.070312 0.791016 0.070312 0.789062 0.072266 0.787109 0.074219 0.787109 0.078125 0.783203 0.082031 0.783203 0.082031 0.781250 0.083984 0.779297 0.087891 0.779297 0.093750 0.773438 0.095703 0.773438 0.097656 0.771484 0.099609 0.771484 0.103516 0.767578 0.103516 0.761719 0.074219 0.761719 0.072266 0.759766
0 0.630859 0.775391 0.628906 0.777344 0.626953 0.777344 0.621094 0.783203 0.619141 0.783203 0.615234 0.787109 0.613281 0.787109 0.611328 0.789062 0.609375 0.789062 0.607422 0.791016 0.605469 0.791016 0.605469 0.792969 0.603516 0.794922 0.603516 0.798828 0.599609 0.802734 0.599609 0.810547 0.601562 0.812500 0.601562 0.814453 0.609375 0.814453 0.611328 0.816406 0.613281 0.814453 0.613281 0.812500 0.615234 0.810547 0.619141 0.810547 0.621094 0.808594 0.623047 0.808594 0.626953 0.804688 0.628906 0.804688 0.630859 0.802734 0.632812 0.802734 0.634766 0.800781 0.636719 0.800781 0.636719 0.798828 0.638672 0.796875 0.640625 0.796875 0.642578 0.794922 0.646484 0.794922 0.650391 0.791016 0.652344 0.791016 0.656250 0.787109 0.656250 0.783203 0.658203 0.781250 0.658203 0.777344 0.656250 0.775391
0 0.865234 0.828125 0.857422 0.835938 0.857422 0.837891 0.859375 0.839844 0.861328 0.839844 0.863281 0.841797 0.863281 0.843750 0.865234 0.845703 0.865234 0.861328 0.859375 0.867188 0.863281 0.867188 0.869141 0.861328 0.873047 0.861328 0.873047 0.857422 0.875000 0.855469 0.875000 0.851562 0.880859 0.845703 0.880859 0.830078 0.869141 0.830078 0.867188 0.828125
0 0.265625 0.855469 0.261719 0.859375 0.255859 0.859375 0.253906 0.861328 0.250000 0.861328 0.248047 0.863281 0.244141 0.863281 0.244141 0.865234 0.242188 0.867188 0.240234 0.867188 0.238281 0.869141 0.238281 0.873047 0.236328 0.875000 0.236328 0.878906 0.234375 0.880859 0.234375 0.888672 0.238281 0.888672 0.242188 0.892578 0.248047 0.892578 0.250000 0.894531 0.255859 0.888672 0.257812 0.888672 0.261719 0.884766 0.263672 0.884766 0.265625 0.882812 0.267578 0.882812 0.269531 0.880859 0.275391 0.880859 0.277344 0.878906 0.281250 0.878906 0.285156 0.875000 0.289062 0.875000 0.294922 0.869141 0.296875 0.869141 0.300781 0.865234 0.300781 0.859375 0.298828 0.857422 0.285156 0.857422 0.283203 0.855469
0 0.794922 0.871094 0.792969 0.873047 0.792969 0.876953 0.777344 0.892578 0.777344 0.906250 0.779297 0.908203 0.779297 0.910156 0.783203 0.914062 0.783203 0.916016 0.783203 0.908203 0.785156 0.906250 0.785156 0.904297 0.789062 0.900391 0.791016 0.900391 0.792969 0.898438 0.792969 0.896484 0.794922 0.894531 0.798828 0.894531 0.806641 0.886719 0.808594 0.886719 0.810547 0.884766 0.810547 0.880859 0.814453 0.876953 0.816406 0.876953 0.816406 0.875000 0.818359 0.873047 0.814453 0.873047 0.812500 0.871094
0 0.755859 0.929688 0.748047 0.937500 0.748047 0.939453 0.744141 0.943359 0.744141 0.945312 0.742188 0.947266 0.740234 0.947266 0.736328 0.951172 0.736328 0.955078 0.734375 0.957031 0.734375 0.966797 0.736328 0.968750 0.738281 0.968750 0.740234 0.970703 0.742188 0.970703 0.744141 0.972656 0.746094 0.972656 0.748047 0.974609 0.750000 0.974609 0.750000 0.960938 0.753906 0.957031 0.753906 0.953125 0.755859 0.951172 0.755859 0.949219 0.761719 0.943359 0.761719 0.941406 0.765625 0.937500 0.767578 0.937500 0.769531 0.935547 0.769531 0.931641 0.767578 0.929688
0 0.048828 0.953125 0.044922 0.957031 0.041016 0.957031 0.041016 0.958984 0.037109 0.962891 0.035156 0.962891 0.031250 0.966797 0.029297 0.966797 0.027344 0.968750 0.025391 0.968750 0.023438 0.970703 0.021484 0.970703 0.021484 0.972656 0.017578 0.976562 0.017578 0.978516 0.041016 0.978516 0.042969 0.980469 0.050781 0.980469 0.052734 0.978516 0.056641 0.978516 0.058594 0.976562 0.062500 0.976562 0.064453 0.974609 0.072266 0.974609 0.076172 0.970703 0.078125 0.970703 0.082031 0.966797 0.082031 0.964844 0.083984 0.962891 0.085938 0.962891 0.085938 0.955078 0.082031 0.955078 0.080078 0.953125
