0 0.613281 0.000000 0.609375 0.003906 0.603516 0.003906 0.603516 0.011719 0.611328 0.019531 0.613281 0.019531 0.615234 0.021484 0.617188 0.021484 0.619141 0.023438 0.623047 0.023438 0.625000 0.025391 0.634766 0.025391 0.636719 0.023438 0.636719 0.021484 0.638672 0.019531 0.638672 0.011719 0.640625 0.009766 0.640625 0.005859 0.642578 0.003906 0.642578 0.000000
0 0.607422 0.007812 0.609375 0.005859 0.611328 0.007812 0.609375 0.009766
0 0.603516 0.005859 0.605469 0.003906 0.607422 0.003906 0.609375 0.005859 0.607422 0.007812 0.605469 0.007812
0 0.369141 0.007812 0.367188 0.009766 0.365234 0.009766 0.363281 0.011719 0.361328 0.011719 0.357422 0.015625 0.353516 0.015625 0.353516 0.017578 0.351562 0.019531 0.349609 0.019531 0.347656 0.021484 0.345703 0.021484 0.343750 0.023438 0.341797 0.023438 0.337891 0.027344 0.335938 0.027344 0.335938 0.029297 0.333984 0.031250 0.333984 0.033203 0.332031 0.035156 0.332031 0.039062 0.333984 0.041016 0.335938 0.041016 0.337891 0.042969 0.339844 0.042969 0.341797 0.044922 0.343750 0.044922 0.345703 0.046875 0.355469 0.046875 0.357422 0.048828 0.388672 0.048828 0.390625 0.046875 0.392578 0.046875 0.394531 0.044922 0.396484 0.044922 0.404297 0.037109 0.404297 0.035156 0.406250 0.033203 0.406250 0.025391 0.404297 0.023438 0.404297 0.021484 0.400391 0.017578 0.400391 0.015625 0.398438 0.013672 0.398438 0.011719 0.396484 0.009766 0.392578 0.009766 0.390625 0.007812
0 0.562500 0.000000 0.560547 0.001953 0.558594 0.001953 0.556641 0.003906 0.554688 0.003906 0.552734 0.005859 0.550781 0.005859 0.546875 0.009766 0.542969 0.009766 0.541016 0.011719 0.523438 0.011719 0.521484 0.013672 0.519531 0.013672 0.517578 0.015625 0.515625 0.015625 0.513672 0.017578 0.509766 0.017578 0.503906 0.023438 0.500000 0.023438 0.498047 0.025391 0.492188 0.025391 0.490234 0.027344 0.488281 0.027344 0.488281 0.029297 0.486328 0.031250 0.486328 0.033203 0.482422 0.037109 0.482422 0.050781 0.484375 0.052734 0.484375 0.056641 0.484375 0.052734 0.490234 0.046875 0.507812 0.046875 0.509766 0.048828 0.539062 0.048828 0.541016 0.046875 0.546875 0.046875 0.548828 0.044922 0.550781 0.044922 0.554688 0.041016 0.558594 0.041016 0.560547 0.039062 0.562500 0.039062 0.566406 0.035156 0.566406 0.033203 0.570312 0.029297 0.570312 0.027344 0.572266 0.025391 0.572266 0.019531 0.574219 0.017578 0.574219 0.015625 0.580078 0.009766 0.580078 0.001953 0.578125 0.000000
0 0.787109 0.017578 0.792969 0.023438 0.794922 0.023438 0.796875 0.025391 0.796875 0.027344 0.798828 0.029297 0.800781 0.029297 0.804688 0.033203 0.804688 0.035156 0.806641 0.037109 0.806641 0.039062 0.808594 0.041016 0.808594 0.042969 0.816406 0.050781 0.816406 0.097656 0.818359 0.099609 0.818359 0.097656 0.820312 0.095703 0.820312 0.089844 0.824219 0.085938 0.824219 0.076172 0.826172 0.074219 0.826172 0.068359 0.828125 0.066406 0.828125 0.050781 0.826172 0.048828 0.826172 0.046875 0.822266 0.042969 0.822266 0.041016 0.820312 0.039062 0.818359 0.039062 0.816406 0.037109 0.816406 0.035156 0.806641 0.025391 0.804688 0.025391 0.802734 0.023438 0.800781 0.023438 0.798828 0.021484 0.792969 0.021484 0.791016 0.019531 0.789062 0.019531
0 0.187500 0.044922 0.185547 0.046875 0.179688 0.046875 0.171875 0.054688 0.171875 0.060547 0.169922 0.062500 0.169922 0.066406 0.183594 0.080078 0.185547 0.080078 0.187500 0.082031 0.189453 0.082031 0.191406 0.083984 0.193359 0.083984 0.195312 0.085938 0.199219 0.085938 0.201172 0.087891 0.208984 0.087891 0.210938 0.089844 0.212891 0.089844 0.214844 0.091797 0.271484 0.091797 0.273438 0.089844 0.283203 0.089844 0.285156 0.087891 0.289062 0.087891 0.289062 0.085938 0.291016 0.083984 0.291016 0.072266 0.289062 0.070312 0.289062 0.066406 0.287109 0.064453 0.285156 0.064453 0.283203 0.062500 0.281250 0.062500 0.277344 0.058594 0.275391 0.058594 0.271484 0.054688 0.269531 0.054688 0.265625 0.050781 0.261719 0.050781 0.259766 0.048828 0.251953 0.048828 0.250000 0.046875 0.244141 0.046875 0.242188 0.044922
0 0.453125 0.058594 0.451172 0.060547 0.449219 0.060547 0.447266 0.062500 0.429688 0.062500 0.427734 0.064453 0.425781 0.064453 0.425781 0.068359 0.423828 0.070312 0.423828 0.082031 0.425781 0.082031 0.431641 0.087891 0.435547 0.087891 0.437500 0.089844 0.451172 0.089844 0.453125 0.087891 0.453125 0.078125 0.455078 0.076172 0.455078 0.058594
0 0.320312 0.066406 0.318359 0.068359 0.318359 0.070312 0.316406 0.072266 0.316406 0.074219 0.314453 0.076172 0.314453 0.087891 0.316406 0.089844 0.316406 0.091797 0.318359 0.093750 0.322266 0.093750 0.324219 0.095703 0.326172 0.095703 0.328125 0.097656 0.332031 0.097656 0.333984 0.099609 0.380859 0.099609 0.384766 0.095703 0.384766 0.087891 0.380859 0.083984 0.378906 0.083984 0.376953 0.082031 0.375000 0.082031 0.373047 0.080078 0.371094 0.080078 0.369141 0.078125 0.367188 0.078125 0.365234 0.076172 0.363281 0.076172 0.357422 0.070312 0.355469 0.070312 0.353516 0.068359 0.333984 0.068359 0.332031 0.066406
0 0.851562 0.093750 0.849609 0.095703 0.849609 0.097656 0.847656 0.099609 0.847656 0.111328 0.849609 0.113281 0.849609 0.115234 0.851562 0.117188 0.853516 0.117188 0.855469 0.119141 0.873047 0.119141 0.875000 0.117188 0.876953 0.117188 0.882812 0.111328 0.882812 0.109375 0.884766 0.107422 0.886719 0.107422 0.890625 0.103516 0.890625 0.097656 0.886719 0.097656 0.884766 0.095703 0.882812 0.095703 0.880859 0.093750
0 0.093750 0.222656 0.091797 0.224609 0.089844 0.224609 0.085938 0.228516 0.083984 0.228516 0.082031 0.230469 0.082031 0.232422 0.080078 0.234375 0.078125 0.234375 0.074219 0.238281 0.074219 0.244141 0.072266 0.246094 0.072266 0.257812 0.074219 0.259766 0.074219 0.263672 0.076172 0.265625 0.076172 0.267578 0.080078 0.271484 0.080078 0.275391 0.082031 0.277344 0.082031 0.279297 0.085938 0.283203 0.085938 0.287109 0.089844 0.291016 0.089844 0.292969 0.091797 0.294922 0.095703 0.294922 0.099609 0.298828 0.126953 0.298828 0.130859 0.294922 0.132812 0.294922 0.134766 0.292969 0.134766 0.291016 0.136719 0.289062 0.136719 0.281250 0.138672 0.279297 0.138672 0.275391 0.142578 0.271484 0.142578 0.265625 0.144531 0.263672 0.144531 0.248047 0.142578 0.246094 0.142578 0.244141 0.140625 0.242188 0.140625 0.240234 0.138672 0.238281 0.138672 0.234375 0.136719 0.232422 0.136719 0.228516 0.134766 0.228516 0.132812 0.226562 0.128906 0.226562 0.126953 0.224609 0.121094 0.224609 0.119141 0.222656
0 0.132812 0.314453 0.130859 0.316406 0.125000 0.316406 0.123047 0.318359 0.119141 0.318359 0.115234 0.322266 0.111328 0.322266 0.109375 0.324219 0.107422 0.324219 0.101562 0.330078 0.099609 0.330078 0.097656 0.332031 0.097656 0.347656 0.103516 0.353516 0.103516 0.355469 0.105469 0.357422 0.107422 0.357422 0.109375 0.359375 0.109375 0.361328 0.111328 0.363281 0.113281 0.363281 0.115234 0.365234 0.123047 0.365234 0.125000 0.363281 0.126953 0.363281 0.128906 0.361328 0.130859 0.361328 0.130859 0.359375 0.132812 0.357422 0.136719 0.357422 0.140625 0.353516 0.142578 0.353516 0.144531 0.351562 0.156250 0.351562 0.158203 0.349609 0.167969 0.349609 0.169922 0.347656 0.175781 0.347656 0.177734 0.345703 0.185547 0.345703 0.187500 0.343750 0.189453 0.343750 0.189453 0.341797 0.191406 0.339844 0.191406 0.337891 0.193359 0.335938 0.193359 0.320312 0.191406 0.320312 0.189453 0.318359 0.181641 0.318359 0.179688 0.316406 0.177734 0.316406 0.175781 0.314453
0 0.664062 0.445312 0.662109 0.447266 0.660156 0.447266 0.658203 0.449219 0.656250 0.449219 0.654297 0.451172 0.650391 0.451172 0.646484 0.455078 0.646484 0.457031 0.644531 0.458984 0.644531 0.464844 0.646484 0.466797 0.648438 0.466797 0.652344 0.470703 0.650391 0.472656 0.656250 0.472656 0.660156 0.468750 0.662109 0.468750 0.664062 0.466797 0.669922 0.466797 0.671875 0.464844 0.675781 0.464844 0.677734 0.462891 0.681641 0.462891 0.683594 0.460938 0.691406 0.460938 0.693359 0.458984 0.695312 0.458984 0.703125 0.451172 0.703125 0.445312
0 0.724609 0.458984 0.722656 0.460938 0.720703 0.460938 0.718750 0.462891 0.716797 0.462891 0.716797 0.464844 0.714844 0.466797 0.714844 0.468750 0.712891 0.470703 0.712891 0.472656 0.710938 0.474609 0.710938 0.486328 0.712891 0.488281 0.712891 0.490234 0.716797 0.490234 0.718750 0.492188 0.726562 0.492188 0.728516 0.494141 0.738281 0.494141 0.740234 0.492188 0.744141 0.492188 0.746094 0.490234 0.748047 0.490234 0.751953 0.486328 0.751953 0.484375 0.753906 0.482422 0.753906 0.464844 0.751953 0.462891 0.750000 0.462891 0.748047 0.460938 0.746094 0.460938 0.744141 0.458984
0 0.658203 0.505859 0.656250 0.507812 0.650391 0.507812 0.648438 0.509766 0.644531 0.509766 0.640625 0.513672 0.634766 0.513672 0.626953 0.521484 0.626953 0.527344 0.628906 0.527344 0.630859 0.529297 0.630859 0.531250 0.632812 0.533203 0.632812 0.535156 0.634766 0.535156 0.638672 0.539062 0.638672 0.541016 0.640625 0.541016 0.644531 0.544922 0.646484 0.544922 0.650391 0.548828 0.673828 0.548828 0.675781 0.546875 0.685547 0.546875 0.687500 0.544922 0.701172 0.544922 0.703125 0.542969 0.705078 0.542969 0.708984 0.539062 0.710938 0.539062 0.712891 0.537109 0.712891 0.535156 0.714844 0.533203 0.716797 0.533203 0.718750 0.531250 0.718750 0.513672 0.714844 0.513672 0.712891 0.511719 0.708984 0.511719 0.707031 0.509766 0.701172 0.509766 0.699219 0.507812 0.695312 0.507812 0.693359 0.505859
