0 0.166016 0.091797 0.166016 0.107422 0.167969 0.109375 0.167969 0.111328 0.169922 0.113281 0.169922 0.115234 0.177734 0.123047 0.179688 0.123047 0.183594 0.126953 0.185547 0.126953 0.189453 0.130859 0.201172 0.130859 0.203125 0.128906 0.203125 0.115234 0.199219 0.111328 0.199219 0.109375 0.197266 0.107422 0.195312 0.107422 0.191406 0.103516 0.189453 0.103516 0.185547 0.099609 0.183594 0.099609 0.181641 0.097656 0.181641 0.095703 0.177734 0.095703 0.173828 0.091797
0 0.277344 0.158203 0.277344 0.160156 0.275391 0.162109 0.275391 0.164062 0.273438 0.166016 0.273438 0.167969 0.271484 0.169922 0.271484 0.171875 0.269531 0.173828 0.269531 0.175781 0.267578 0.177734 0.267578 0.181641 0.265625 0.183594 0.265625 0.185547 0.271484 0.191406 0.271484 0.195312 0.275391 0.199219 0.275391 0.201172 0.277344 0.203125 0.277344 0.205078 0.279297 0.207031 0.279297 0.208984 0.281250 0.210938 0.283203 0.210938 0.287109 0.214844 0.289062 0.214844 0.292969 0.218750 0.294922 0.218750 0.296875 0.220703 0.298828 0.220703 0.300781 0.222656 0.302734 0.222656 0.304688 0.224609 0.304688 0.201172 0.300781 0.197266 0.300781 0.195312 0.294922 0.189453 0.294922 0.187500 0.292969 0.185547 0.292969 0.183594 0.291016 0.181641 0.291016 0.175781 0.289062 0.173828 0.289062 0.171875 0.287109 0.169922 0.287109 0.166016 0.285156 0.164062 0.285156 0.162109 0.281250 0.158203
0 0.949219 0.251953 0.947266 0.253906 0.945312 0.253906 0.941406 0.257812 0.937500 0.257812 0.933594 0.261719 0.931641 0.261719 0.929688 0.263672 0.927734 0.263672 0.925781 0.265625 0.925781 0.267578 0.919922 0.273438 0.917969 0.273438 0.917969 0.275391 0.916016 0.277344 0.914062 0.277344 0.914062 0.281250 0.912109 0.283203 0.912109 0.285156 0.910156 0.287109 0.910156 0.296875 0.925781 0.296875 0.931641 0.291016 0.933594 0.291016 0.933594 0.289062 0.939453 0.283203 0.941406 0.283203 0.941406 0.281250 0.943359 0.279297 0.945312 0.279297 0.947266 0.277344 0.949219 0.277344 0.949219 0.273438 0.953125 0.269531 0.953125 0.265625 0.955078 0.263672 0.955078 0.253906 0.953125 0.251953
0 0.207031 0.248047 0.207031 0.273438 0.210938 0.277344 0.210938 0.279297 0.212891 0.281250 0.212891 0.285156 0.220703 0.292969 0.220703 0.294922 0.226562 0.300781 0.226562 0.302734 0.230469 0.306641 0.230469 0.267578 0.228516 0.265625 0.228516 0.261719 0.224609 0.257812 0.222656 0.257812 0.218750 0.253906 0.216797 0.253906 0.212891 0.250000 0.210938 0.250000 0.208984 0.248047
0 0.144531 0.285156 0.144531 0.289062 0.142578 0.291016 0.142578 0.296875 0.140625 0.298828 0.140625 0.316406 0.142578 0.318359 0.142578 0.320312 0.144531 0.322266 0.146484 0.322266 0.148438 0.324219 0.156250 0.324219 0.156250 0.322266 0.160156 0.318359 0.160156 0.314453 0.162109 0.312500 0.162109 0.308594 0.169922 0.300781 0.175781 0.300781 0.181641 0.294922 0.181641 0.287109 0.167969 0.287109 0.166016 0.285156
0 0.673828 0.339844 0.673828 0.341797 0.669922 0.345703 0.669922 0.363281 0.671875 0.365234 0.671875 0.376953 0.675781 0.380859 0.689453 0.380859 0.695312 0.375000 0.695312 0.369141 0.697266 0.367188 0.697266 0.357422 0.695312 0.357422 0.693359 0.355469 0.693359 0.353516 0.691406 0.351562 0.691406 0.349609 0.689453 0.349609 0.683594 0.343750 0.681641 0.343750 0.677734 0.339844
0 0.023438 0.380859 0.021484 0.382812 0.017578 0.382812 0.015625 0.384766 0.011719 0.384766 0.009766 0.386719 0.007812 0.386719 0.007812 0.392578 0.009766 0.394531 0.009766 0.404297 0.011719 0.406250 0.011719 0.414062 0.013672 0.416016 0.033203 0.416016 0.035156 0.414062 0.037109 0.414062 0.039062 0.412109 0.042969 0.412109 0.044922 0.410156 0.044922 0.408203 0.048828 0.404297 0.048828 0.402344 0.050781 0.400391 0.050781 0.398438 0.052734 0.396484 0.052734 0.386719 0.046875 0.380859
0 0.746094 0.398438 0.744141 0.400391 0.740234 0.400391 0.740234 0.404297 0.738281 0.406250 0.738281 0.414062 0.736328 0.416016 0.736328 0.431641 0.738281 0.433594 0.738281 0.437500 0.740234 0.439453 0.740234 0.443359 0.742188 0.445312 0.742188 0.449219 0.744141 0.451172 0.744141 0.455078 0.746094 0.457031 0.746094 0.458984 0.748047 0.460938 0.748047 0.464844 0.750000 0.466797 0.750000 0.470703 0.751953 0.472656 0.751953 0.474609 0.755859 0.478516 0.763672 0.478516 0.763672 0.464844 0.767578 0.460938 0.767578 0.458984 0.771484 0.455078 0.773438 0.455078 0.777344 0.451172 0.779297 0.451172 0.781250 0.449219 0.783203 0.449219 0.785156 0.447266 0.787109 0.447266 0.789062 0.445312 0.792969 0.445312 0.792969 0.443359 0.794922 0.441406 0.794922 0.425781 0.783203 0.414062 0.783203 0.412109 0.781250 0.412109 0.777344 0.408203 0.775391 0.408203 0.769531 0.402344 0.763672 0.402344 0.761719 0.400391 0.757812 0.400391 0.755859 0.398438
0 0.335938 0.416016 0.333984 0.417969 0.332031 0.417969 0.330078 0.419922 0.328125 0.419922 0.326172 0.421875 0.326172 0.431641 0.324219 0.433594 0.324219 0.455078 0.322266 0.457031 0.322266 0.484375 0.324219 0.486328 0.324219 0.490234 0.326172 0.492188 0.326172 0.494141 0.328125 0.494141 0.330078 0.496094 0.335938 0.496094 0.337891 0.498047 0.343750 0.498047 0.345703 0.496094 0.347656 0.496094 0.347656 0.494141 0.349609 0.492188 0.351562 0.492188 0.355469 0.488281 0.355469 0.486328 0.361328 0.480469 0.361328 0.478516 0.363281 0.476562 0.363281 0.472656 0.367188 0.468750 0.367188 0.457031 0.369141 0.455078 0.369141 0.441406 0.371094 0.439453 0.371094 0.419922 0.367188 0.419922 0.365234 0.417969 0.361328 0.417969 0.359375 0.416016
0 0.234375 0.449219 0.232422 0.451172 0.232422 0.455078 0.230469 0.457031 0.230469 0.482422 0.232422 0.484375 0.232422 0.496094 0.236328 0.500000 0.236328 0.501953 0.238281 0.503906 0.242188 0.503906 0.244141 0.505859 0.248047 0.501953 0.250000 0.501953 0.253906 0.498047 0.255859 0.498047 0.255859 0.494141 0.253906 0.492188 0.253906 0.486328 0.251953 0.484375 0.251953 0.462891 0.250000 0.460938 0.250000 0.458984 0.246094 0.455078 0.246094 0.453125 0.244141 0.451172 0.242188 0.451172 0.240234 0.449219
0 0.548828 0.482422 0.548828 0.492188 0.546875 0.494141 0.546875 0.501953 0.548828 0.501953 0.550781 0.503906 0.552734 0.503906 0.558594 0.509766 0.560547 0.509766 0.566406 0.515625 0.568359 0.515625 0.570312 0.517578 0.572266 0.517578 0.574219 0.519531 0.576172 0.519531 0.576172 0.500000 0.574219 0.498047 0.574219 0.496094 0.570312 0.492188 0.568359 0.492188 0.566406 0.490234 0.564453 0.490234 0.562500 0.488281 0.560547 0.488281 0.556641 0.484375 0.556641 0.482422
0 0.871094 0.537109 0.869141 0.539062 0.869141 0.541016 0.867188 0.542969 0.867188 0.552734 0.875000 0.560547 0.875000 0.562500 0.876953 0.562500 0.878906 0.564453 0.880859 0.564453 0.888672 0.572266 0.888672 0.576172 0.890625 0.578125 0.892578 0.578125 0.894531 0.576172 0.894531 0.544922 0.890625 0.541016 0.888672 0.541016 0.886719 0.539062 0.880859 0.539062 0.878906 0.537109
0 0.591797 0.554688 0.591797 0.574219 0.595703 0.578125 0.595703 0.580078 0.597656 0.582031 0.597656 0.583984 0.603516 0.589844 0.603516 0.599609 0.605469 0.601562 0.605469 0.603516 0.607422 0.605469 0.609375 0.605469 0.611328 0.607422 0.613281 0.607422 0.615234 0.609375 0.613281 0.607422 0.613281 0.589844 0.611328 0.587891 0.611328 0.585938 0.609375 0.583984 0.609375 0.582031 0.607422 0.580078 0.607422 0.578125 0.605469 0.576172 0.605469 0.574219 0.603516 0.572266 0.603516 0.568359 0.599609 0.564453 0.599609 0.562500 0.597656 0.560547 0.597656 0.558594 0.595703 0.556641 0.593750 0.556641
0 0.453125 0.714844 0.451172 0.716797 0.449219 0.716797 0.449219 0.718750 0.447266 0.720703 0.447266 0.726562 0.445312 0.728516 0.445312 0.740234 0.447266 0.742188 0.447266 0.744141 0.451172 0.748047 0.451172 0.750000 0.453125 0.750000 0.458984 0.755859 0.460938 0.755859 0.462891 0.757812 0.464844 0.757812 0.468750 0.761719 0.470703 0.761719 0.472656 0.763672 0.492188 0.763672 0.494141 0.761719 0.494141 0.753906 0.492188 0.751953 0.492188 0.750000 0.488281 0.746094 0.488281 0.742188 0.486328 0.740234 0.486328 0.738281 0.482422 0.734375 0.482422 0.732422 0.478516 0.728516 0.476562 0.728516 0.474609 0.726562 0.470703 0.726562 0.466797 0.722656 0.464844 0.722656 0.460938 0.718750 0.458984 0.718750 0.457031 0.716797 0.455078 0.716797
0 0.859375 0.744141 0.855469 0.748047 0.855469 0.751953 0.853516 0.753906 0.853516 0.767578 0.855469 0.767578 0.859375 0.771484 0.876953 0.771484 0.878906 0.769531 0.878906 0.755859 0.876953 0.755859 0.875000 0.753906 0.875000 0.751953 0.873047 0.750000 0.871094 0.750000 0.869141 0.748047 0.867188 0.748047 0.863281 0.744141
0 0.240234 0.707031 0.240234 0.718750 0.238281 0.720703 0.238281 0.724609 0.236328 0.726562 0.236328 0.730469 0.234375 0.732422 0.234375 0.734375 0.232422 0.736328 0.232422 0.771484 0.230469 0.773438 0.230469 0.775391 0.228516 0.777344 0.228516 0.779297 0.224609 0.783203 0.224609 0.818359 0.228516 0.822266 0.228516 0.824219 0.230469 0.826172 0.230469 0.830078 0.240234 0.839844 0.244141 0.839844 0.246094 0.837891 0.246094 0.826172 0.248047 0.824219 0.248047 0.814453 0.246094 0.812500 0.246094 0.771484 0.248047 0.769531 0.248047 0.742188 0.246094 0.740234 0.246094 0.710938 0.244141 0.708984 0.242188 0.708984
0 0.169922 0.806641 0.169922 0.808594 0.167969 0.810547 0.167969 0.816406 0.166016 0.818359 0.166016 0.833984 0.167969 0.835938 0.167969 0.869141 0.166016 0.871094 0.183594 0.871094 0.185547 0.873047 0.185547 0.851562 0.183594 0.849609 0.183594 0.839844 0.181641 0.837891 0.181641 0.835938 0.179688 0.833984 0.179688 0.810547 0.177734 0.808594 0.177734 0.806641
0 0.310547 0.904297 0.310547 0.917969 0.314453 0.921875 0.314453 0.923828 0.316406 0.925781 0.316406 0.927734 0.320312 0.931641 0.320312 0.933594 0.322266 0.935547 0.322266 0.941406 0.326172 0.945312 0.328125 0.945312 0.330078 0.947266 0.332031 0.947266 0.332031 0.945312 0.335938 0.941406 0.335938 0.939453 0.341797 0.933594 0.341797 0.925781 0.339844 0.923828 0.339844 0.921875 0.337891 0.921875 0.335938 0.919922 0.335938 0.917969 0.333984 0.917969 0.330078 0.914062 0.326172 0.914062 0.324219 0.912109 0.322266 0.912109 0.320312 0.910156 0.318359 0.910156 0.316406 0.908203 0.314453 0.908203
0 0.373047 0.902344 0.371094 0.904297 0.369141 0.904297 0.363281 0.910156 0.363281 0.912109 0.361328 0.914062 0.361328 0.916016 0.353516 0.923828 0.353516 0.925781 0.351562 0.927734 0.349609 0.927734 0.349609 0.929688 0.345703 0.933594 0.345703 0.939453 0.343750 0.941406 0.343750 0.945312 0.341797 0.947266 0.341797 0.951172 0.341797 0.949219 0.343750 0.947266 0.345703 0.947266 0.345703 0.945312 0.351562 0.939453 0.353516 0.939453 0.359375 0.933594 0.365234 0.933594 0.367188 0.931641 0.376953 0.931641 0.378906 0.929688 0.390625 0.929688 0.392578 0.927734 0.398438 0.927734 0.404297 0.921875 0.404297 0.916016 0.402344 0.914062 0.402344 0.912109 0.400391 0.910156 0.398438 0.910156 0.396484 0.908203 0.394531 0.908203 0.392578 0.906250 0.388672 0.906250 0.386719 0.904297 0.380859 0.904297 0.378906 0.902344
0 0.560547 0.921875 0.560547 0.939453 0.562500 0.941406 0.562500 0.943359 0.564453 0.943359 0.566406 0.945312 0.566406 0.947266 0.568359 0.947266 0.570312 0.949219 0.570312 0.951172 0.574219 0.955078 0.574219 0.957031 0.580078 0.962891 0.583984 0.962891 0.585938 0.964844 0.587891 0.964844 0.589844 0.962891 0.589844 0.947266 0.587891 0.945312 0.587891 0.943359 0.585938 0.941406 0.585938 0.931641 0.583984 0.929688 0.582031 0.929688 0.580078 0.927734 0.580078 0.925781 0.578125 0.923828 0.572266 0.923828 0.570312 0.921875
0 0.748047 0.935547 0.744141 0.939453 0.742188 0.939453 0.740234 0.941406 0.736328 0.941406 0.734375 0.943359 0.724609 0.943359 0.722656 0.945312 0.720703 0.945312 0.718750 0.947266 0.714844 0.947266 0.712891 0.949219 0.712891 0.960938 0.714844 0.960938 0.716797 0.962891 0.716797 0.964844 0.720703 0.968750 0.722656 0.968750 0.726562 0.972656 0.730469 0.972656 0.732422 0.974609 0.746094 0.974609 0.748047 0.976562 0.763672 0.976562 0.765625 0.974609 0.769531 0.974609 0.771484 0.972656 0.777344 0.972656 0.779297 0.970703 0.781250 0.970703 0.781250 0.958984 0.777344 0.955078 0.777344 0.953125 0.771484 0.947266 0.769531 0.947266 0.767578 0.945312 0.765625 0.945312 0.763672 0.943359 0.763672 0.941406 0.761719 0.941406 0.759766 0.939453 0.759766 0.937500 0.757812 0.937500 0.755859 0.935547
