0 0.132812 0.000000 0.142578 0.009766 0.144531 0.009766 0.146484 0.011719 0.160156 0.011719 0.162109 0.009766 0.164062 0.009766 0.173828 0.000000
0 0.859375 0.105469 0.855469 0.109375 0.855469 0.111328 0.853516 0.113281 0.853516 0.115234 0.849609 0.119141 0.849609 0.121094 0.851562 0.123047 0.853516 0.123047 0.855469 0.125000 0.863281 0.125000 0.867188 0.128906 0.882812 0.128906 0.884766 0.130859 0.904297 0.130859 0.906250 0.128906 0.908203 0.128906 0.910156 0.126953 0.910156 0.115234 0.908203 0.113281 0.906250 0.113281 0.904297 0.111328 0.902344 0.111328 0.900391 0.109375 0.892578 0.109375 0.890625 0.107422 0.876953 0.107422 0.875000 0.105469
0 0.271484 0.191406 0.271484 0.195312 0.269531 0.197266 0.269531 0.220703 0.271484 0.222656 0.273438 0.222656 0.275391 0.224609 0.277344 0.224609 0.281250 0.228516 0.287109 0.228516 0.291016 0.232422 0.294922 0.232422 0.296875 0.234375 0.300781 0.234375 0.304688 0.238281 0.308594 0.234375 0.308594 0.230469 0.310547 0.228516 0.310547 0.226562 0.312500 0.224609 0.312500 0.222656 0.316406 0.218750 0.316406 0.205078 0.312500 0.201172 0.312500 0.199219 0.308594 0.199219 0.306641 0.197266 0.300781 0.197266 0.298828 0.195312 0.292969 0.195312 0.289062 0.191406
0 0.203125 0.298828 0.197266 0.304688 0.195312 0.304688 0.193359 0.306641 0.193359 0.308594 0.191406 0.310547 0.189453 0.310547 0.183594 0.316406 0.183594 0.330078 0.187500 0.333984 0.187500 0.337891 0.189453 0.337891 0.191406 0.339844 0.191406 0.341797 0.195312 0.345703 0.197266 0.345703 0.199219 0.347656 0.201172 0.347656 0.205078 0.351562 0.208984 0.351562 0.210938 0.349609 0.212891 0.349609 0.214844 0.347656 0.216797 0.347656 0.222656 0.341797 0.222656 0.339844 0.226562 0.335938 0.232422 0.335938 0.234375 0.333984 0.236328 0.333984 0.240234 0.330078 0.244141 0.330078 0.244141 0.314453 0.242188 0.314453 0.238281 0.310547 0.234375 0.310547 0.232422 0.308594 0.230469 0.308594 0.228516 0.306641 0.228516 0.304688 0.230469 0.302734 0.236328 0.302734 0.228516 0.302734 0.226562 0.300781 0.220703 0.300781 0.218750 0.298828
0 0.046875 0.322266 0.041016 0.328125 0.041016 0.330078 0.039062 0.332031 0.039062 0.355469 0.042969 0.359375 0.042969 0.361328 0.044922 0.363281 0.046875 0.363281 0.048828 0.365234 0.048828 0.367188 0.050781 0.369141 0.052734 0.369141 0.058594 0.375000 0.060547 0.375000 0.064453 0.378906 0.064453 0.380859 0.066406 0.380859 0.070312 0.384766 0.072266 0.384766 0.074219 0.386719 0.078125 0.386719 0.078125 0.384766 0.080078 0.382812 0.080078 0.365234 0.078125 0.363281 0.078125 0.359375 0.076172 0.357422 0.076172 0.353516 0.070312 0.347656 0.070312 0.345703 0.068359 0.345703 0.066406 0.343750 0.066406 0.341797 0.064453 0.339844 0.064453 0.335938 0.062500 0.333984 0.062500 0.332031 0.060547 0.330078 0.060547 0.328125 0.058594 0.326172 0.058594 0.324219 0.056641 0.322266
0 0.816406 0.419922 0.818359 0.421875 0.816406 0.423828 0.814453 0.423828 0.812500 0.421875 0.794922 0.421875 0.792969 0.423828 0.791016 0.423828 0.789062 0.425781 0.787109 0.425781 0.783203 0.429688 0.783203 0.431641 0.781250 0.433594 0.779297 0.433594 0.779297 0.435547 0.777344 0.437500 0.777344 0.455078 0.781250 0.458984 0.783203 0.458984 0.785156 0.460938 0.787109 0.460938 0.789062 0.462891 0.794922 0.462891 0.796875 0.464844 0.812500 0.464844 0.814453 0.462891 0.818359 0.462891 0.820312 0.460938 0.820312 0.458984 0.822266 0.457031 0.822266 0.455078 0.824219 0.453125 0.824219 0.451172 0.826172 0.449219 0.826172 0.447266 0.830078 0.443359 0.830078 0.439453 0.832031 0.437500 0.832031 0.425781 0.828125 0.425781 0.826172 0.423828 0.822266 0.423828 0.818359 0.419922
0 0.287109 0.433594 0.285156 0.435547 0.285156 0.437500 0.279297 0.443359 0.279297 0.468750 0.281250 0.470703 0.281250 0.472656 0.291016 0.482422 0.291016 0.484375 0.292969 0.484375 0.298828 0.490234 0.308594 0.490234 0.310547 0.492188 0.312500 0.492188 0.318359 0.486328 0.318359 0.484375 0.322266 0.480469 0.322266 0.476562 0.326172 0.472656 0.326172 0.470703 0.328125 0.468750 0.328125 0.464844 0.330078 0.462891 0.330078 0.460938 0.332031 0.458984 0.332031 0.453125 0.318359 0.439453 0.316406 0.439453 0.312500 0.435547 0.310547 0.435547 0.308594 0.433594
0 0.001953 0.478516 0.001953 0.519531 0.003906 0.521484 0.003906 0.519531 0.005859 0.517578 0.007812 0.517578 0.007812 0.515625 0.009766 0.513672 0.013672 0.513672 0.015625 0.511719 0.021484 0.511719 0.025391 0.507812 0.029297 0.507812 0.033203 0.503906 0.033203 0.498047 0.031250 0.496094 0.031250 0.494141 0.025391 0.488281 0.025391 0.486328 0.017578 0.478516
0 0.822266 0.517578 0.818359 0.521484 0.818359 0.527344 0.826172 0.535156 0.828125 0.535156 0.830078 0.537109 0.832031 0.537109 0.833984 0.539062 0.835938 0.539062 0.837891 0.541016 0.845703 0.541016 0.847656 0.542969 0.869141 0.542969 0.869141 0.541016 0.871094 0.539062 0.871094 0.537109 0.873047 0.535156 0.873047 0.525391 0.861328 0.525391 0.857422 0.521484 0.855469 0.521484 0.853516 0.519531 0.847656 0.519531 0.845703 0.517578
0 0.751953 0.628906 0.746094 0.634766 0.746094 0.640625 0.750000 0.644531 0.753906 0.644531 0.755859 0.646484 0.757812 0.646484 0.759766 0.648438 0.761719 0.648438 0.763672 0.650391 0.773438 0.650391 0.775391 0.648438 0.775391 0.636719 0.773438 0.634766 0.765625 0.634766 0.763672 0.632812 0.765625 0.630859 0.773438 0.630859 0.771484 0.630859 0.769531 0.628906
0 0.560547 0.628906 0.556641 0.632812 0.550781 0.632812 0.546875 0.636719 0.541016 0.636719 0.537109 0.640625 0.533203 0.640625 0.531250 0.642578 0.527344 0.642578 0.527344 0.644531 0.525391 0.646484 0.523438 0.646484 0.521484 0.648438 0.521484 0.658203 0.527344 0.664062 0.527344 0.666016 0.529297 0.666016 0.533203 0.669922 0.533203 0.671875 0.552734 0.671875 0.554688 0.669922 0.568359 0.669922 0.570312 0.667969 0.576172 0.667969 0.578125 0.666016 0.582031 0.666016 0.585938 0.662109 0.589844 0.662109 0.591797 0.660156 0.591797 0.656250 0.593750 0.654297 0.595703 0.654297 0.595703 0.652344 0.597656 0.650391 0.597656 0.640625 0.595703 0.638672 0.595703 0.636719 0.593750 0.634766 0.589844 0.634766 0.587891 0.632812 0.585938 0.632812 0.583984 0.630859 0.578125 0.630859 0.576172 0.628906
0 0.048828 0.648438 0.048828 0.658203 0.052734 0.662109 0.052734 0.664062 0.054688 0.666016 0.056641 0.666016 0.058594 0.667969 0.076172 0.667969 0.076172 0.664062 0.072266 0.660156 0.072266 0.658203 0.070312 0.658203 0.068359 0.656250 0.064453 0.656250 0.062500 0.654297 0.062500 0.652344 0.064453 0.650391 0.066406 0.650391 0.062500 0.650391 0.060547 0.648438
0 0.773438 0.787109 0.769531 0.791016 0.767578 0.791016 0.767578 0.794922 0.765625 0.796875 0.765625 0.800781 0.767578 0.802734 0.767578 0.804688 0.769531 0.806641 0.771484 0.806641 0.777344 0.812500 0.781250 0.812500 0.783203 0.814453 0.785156 0.814453 0.789062 0.818359 0.792969 0.818359 0.794922 0.820312 0.806641 0.820312 0.808594 0.818359 0.810547 0.818359 0.814453 0.814453 0.816406 0.814453 0.820312 0.810547 0.822266 0.810547 0.822266 0.802734 0.820312 0.802734 0.818359 0.800781 0.818359 0.798828 0.816406 0.796875 0.814453 0.796875 0.812500 0.794922 0.810547 0.794922 0.808594 0.792969 0.808594 0.791016 0.804688 0.791016 0.802734 0.789062 0.794922 0.789062 0.792969 0.787109
0 0.650391 0.808594 0.650391 0.814453 0.640625 0.824219 0.638672 0.824219 0.632812 0.830078 0.630859 0.830078 0.626953 0.833984 0.625000 0.833984 0.623047 0.835938 0.621094 0.835938 0.619141 0.837891 0.617188 0.837891 0.611328 0.843750 0.609375 0.843750 0.605469 0.847656 0.605469 0.851562 0.607422 0.853516 0.609375 0.853516 0.611328 0.855469 0.632812 0.855469 0.632812 0.853516 0.638672 0.847656 0.640625 0.847656 0.640625 0.845703 0.642578 0.843750 0.644531 0.843750 0.646484 0.841797 0.646484 0.839844 0.648438 0.837891 0.650391 0.837891 0.650391 0.835938 0.652344 0.833984 0.652344 0.808594
0 0.283203 0.900391 0.283203 0.902344 0.281250 0.904297 0.281250 0.906250 0.277344 0.910156 0.277344 0.912109 0.273438 0.916016 0.273438 0.933594 0.271484 0.935547 0.271484 0.937500 0.265625 0.943359 0.263672 0.943359 0.261719 0.945312 0.261719 0.949219 0.259766 0.951172 0.259766 0.968750 0.259766 0.966797 0.263672 0.962891 0.267578 0.962891 0.269531 0.960938 0.273438 0.960938 0.275391 0.958984 0.281250 0.958984 0.283203 0.957031 0.287109 0.957031 0.289062 0.955078 0.292969 0.955078 0.294922 0.953125 0.296875 0.953125 0.298828 0.951172 0.300781 0.951172 0.302734 0.949219 0.306641 0.949219 0.308594 0.947266 0.310547 0.947266 0.318359 0.939453 0.318359 0.937500 0.320312 0.935547 0.320312 0.927734 0.318359 0.925781 0.318359 0.923828 0.316406 0.921875 0.316406 0.919922 0.314453 0.917969 0.314453 0.916016 0.312500 0.914062 0.312500 0.910156 0.302734 0.900391
0 0.800781 0.910156 0.798828 0.912109 0.796875 0.912109 0.794922 0.914062 0.794922 0.916016 0.792969 0.917969 0.792969 0.933594 0.794922 0.935547 0.794922 0.939453 0.796875 0.941406 0.796875 0.943359 0.798828 0.945312 0.798828 0.947266 0.800781 0.949219 0.800781 0.953125 0.806641 0.958984 0.810547 0.958984 0.812500 0.960938 0.841797 0.960938 0.843750 0.958984 0.847656 0.958984 0.849609 0.957031 0.851562 0.957031 0.853516 0.955078 0.855469 0.955078 0.855469 0.953125 0.857422 0.951172 0.857422 0.937500 0.855469 0.935547 0.853516 0.935547 0.851562 0.933594 0.851562 0.931641 0.849609 0.931641 0.837891 0.919922 0.835938 0.919922 0.833984 0.917969 0.828125 0.917969 0.826172 0.916016 0.820312 0.916016 0.816406 0.912109 0.814453 0.912109 0.812500 0.910156
0 0.208984 0.914062 0.205078 0.917969 0.203125 0.917969 0.201172 0.919922 0.197266 0.919922 0.193359 0.923828 0.191406 0.923828 0.187500 0.927734 0.185547 0.927734 0.177734 0.935547 0.177734 0.937500 0.175781 0.939453 0.175781 0.953125 0.177734 0.953125 0.181641 0.957031 0.183594 0.957031 0.185547 0.958984 0.199219 0.958984 0.203125 0.955078 0.205078 0.955078 0.210938 0.949219 0.210938 0.943359 0.212891 0.941406 0.212891 0.939453 0.214844 0.937500 0.214844 0.935547 0.216797 0.933594 0.216797 0.929688 0.218750 0.927734 0.218750 0.916016 0.216797 0.916016 0.214844 0.914062
0 0.498047 0.921875 0.496094 0.923828 0.494141 0.923828 0.492188 0.925781 0.490234 0.925781 0.488281 0.927734 0.488281 0.929688 0.484375 0.933594 0.484375 0.937500 0.482422 0.939453 0.482422 0.941406 0.480469 0.943359 0.480469 0.945312 0.476562 0.949219 0.474609 0.949219 0.474609 0.960938 0.478516 0.964844 0.478516 0.968750 0.480469 0.970703 0.480469 0.972656 0.482422 0.974609 0.482422 0.976562 0.486328 0.980469 0.490234 0.980469 0.494141 0.984375 0.513672 0.984375 0.515625 0.982422 0.519531 0.982422 0.521484 0.980469 0.523438 0.980469 0.527344 0.976562 0.529297 0.976562 0.533203 0.972656 0.535156 0.972656 0.539062 0.968750 0.541016 0.968750 0.546875 0.962891 0.546875 0.949219 0.542969 0.945312 0.542969 0.943359 0.541016 0.943359 0.537109 0.939453 0.535156 0.939453 0.533203 0.937500 0.533203 0.933594 0.531250 0.931641 0.531250 0.929688 0.525391 0.923828 0.521484 0.923828 0.519531 0.921875
0 0.599609 0.953125 0.599609 0.955078 0.597656 0.957031 0.595703 0.957031 0.595703 0.958984 0.593750 0.960938 0.593750 0.964844 0.591797 0.966797 0.591797 0.976562 0.597656 0.982422 0.599609 0.982422 0.601562 0.984375 0.615234 0.984375 0.623047 0.976562 0.623047 0.974609 0.626953 0.970703 0.626953 0.958984 0.625000 0.957031 0.625000 0.955078 0.623047 0.957031 0.621094 0.955078 0.617188 0.955078 0.615234 0.953125
0 0.882812 0.972656 0.876953 0.978516 0.876953 0.980469 0.875000 0.982422 0.875000 0.984375 0.873047 0.986328 0.871094 0.986328 0.871094 0.990234 0.906250 0.990234 0.908203 0.992188 0.908203 0.982422 0.904297 0.978516 0.904297 0.974609 0.902344 0.974609 0.900391 0.972656
0 0.138672 0.986328 0.136719 0.988281 0.130859 0.988281 0.128906 0.990234 0.128906 0.992188 0.126953 0.994141 0.126953 0.996094 0.164062 0.996094 0.164062 0.992188 0.162109 0.990234 0.162109 0.988281 0.160156 0.988281 0.158203 0.986328
