0 0.707031 0.003906 0.705078 0.005859 0.705078 0.013672 0.707031 0.015625 0.707031 0.023438 0.708984 0.023438 0.710938 0.025391 0.710938 0.027344 0.712891 0.025391 0.714844 0.025391 0.720703 0.019531 0.722656 0.019531 0.724609 0.017578 0.728516 0.017578 0.736328 0.009766 0.738281 0.009766 0.740234 0.007812 0.744141 0.007812 0.744141 0.005859 0.746094 0.003906 0.748047 0.003906
0 0.841797 0.070312 0.841797 0.074219 0.839844 0.076172 0.839844 0.107422 0.837891 0.109375 0.837891 0.115234 0.835938 0.117188 0.835938 0.121094 0.833984 0.123047 0.833984 0.136719 0.843750 0.136719 0.843750 0.134766 0.847656 0.130859 0.847656 0.128906 0.849609 0.126953 0.849609 0.123047 0.851562 0.121094 0.851562 0.074219 0.849609 0.074219 0.845703 0.070312
0 0.611328 0.105469 0.607422 0.109375 0.607422 0.111328 0.605469 0.113281 0.605469 0.115234 0.601562 0.119141 0.601562 0.121094 0.599609 0.123047 0.599609 0.125000 0.634766 0.125000 0.636719 0.123047 0.642578 0.123047 0.644531 0.121094 0.648438 0.121094 0.650391 0.119141 0.654297 0.119141 0.654297 0.117188 0.656250 0.115234 0.656250 0.107422 0.654297 0.107422 0.652344 0.105469
0 0.722656 0.171875 0.722656 0.179688 0.724609 0.179688 0.726562 0.181641 0.726562 0.183594 0.728516 0.185547 0.728516 0.187500 0.730469 0.187500 0.750000 0.207031 0.751953 0.207031 0.751953 0.197266 0.753906 0.195312 0.755859 0.195312 0.757812 0.193359 0.757812 0.191406 0.761719 0.187500 0.765625 0.187500 0.765625 0.183594 0.767578 0.181641 0.767578 0.173828 0.759766 0.173828 0.757812 0.171875
0 0.519531 0.234375 0.517578 0.236328 0.513672 0.236328 0.513672 0.244141 0.515625 0.246094 0.517578 0.246094 0.519531 0.248047 0.521484 0.248047 0.523438 0.250000 0.541016 0.250000 0.546875 0.255859 0.548828 0.255859 0.552734 0.259766 0.554688 0.259766 0.556641 0.261719 0.558594 0.261719 0.560547 0.263672 0.562500 0.263672 0.562500 0.253906 0.560547 0.251953 0.560547 0.250000 0.558594 0.248047 0.556641 0.248047 0.548828 0.240234 0.546875 0.240234 0.544922 0.238281 0.541016 0.238281 0.539062 0.236328 0.529297 0.236328 0.527344 0.234375
0 0.019531 0.300781 0.017578 0.302734 0.017578 0.326172 0.031250 0.326172 0.033203 0.328125 0.039062 0.328125 0.041016 0.330078 0.044922 0.330078 0.050781 0.335938 0.052734 0.335938 0.056641 0.339844 0.056641 0.341797 0.060547 0.341797 0.062500 0.343750 0.083984 0.343750 0.085938 0.341797 0.085938 0.337891 0.087891 0.335938 0.087891 0.320312 0.085938 0.318359 0.085938 0.314453 0.082031 0.314453 0.080078 0.312500 0.080078 0.308594 0.074219 0.308594 0.072266 0.306641 0.064453 0.306641 0.062500 0.304688 0.058594 0.304688 0.054688 0.300781
0 0.886719 0.361328 0.884766 0.363281 0.882812 0.363281 0.880859 0.365234 0.878906 0.365234 0.878906 0.380859 0.882812 0.384766 0.882812 0.386719 0.884766 0.388672 0.884766 0.390625 0.886719 0.392578 0.888672 0.392578 0.890625 0.394531 0.890625 0.396484 0.892578 0.398438 0.896484 0.398438 0.900391 0.402344 0.900391 0.404297 0.902344 0.406250 0.906250 0.406250 0.908203 0.408203 0.919922 0.408203 0.919922 0.402344 0.923828 0.398438 0.923828 0.386719 0.921875 0.384766 0.921875 0.382812 0.916016 0.376953 0.912109 0.376953 0.910156 0.375000 0.906250 0.375000 0.900391 0.369141 0.896484 0.369141 0.894531 0.367188 0.892578 0.367188 0.890625 0.365234 0.890625 0.361328
0 0.261719 0.382812 0.259766 0.384766 0.259766 0.386719 0.257812 0.388672 0.257812 0.394531 0.255859 0.396484 0.255859 0.408203 0.257812 0.408203 0.259766 0.410156 0.283203 0.410156 0.283203 0.408203 0.285156 0.406250 0.285156 0.404297 0.287109 0.402344 0.287109 0.392578 0.283203 0.388672 0.283203 0.386719 0.279297 0.382812
0 0.664062 0.398438 0.660156 0.402344 0.660156 0.404297 0.658203 0.406250 0.658203 0.423828 0.660156 0.425781 0.662109 0.425781 0.664062 0.427734 0.681641 0.427734 0.681641 0.419922 0.683594 0.417969 0.683594 0.412109 0.685547 0.410156 0.685547 0.406250 0.683594 0.404297 0.683594 0.402344 0.681641 0.400391 0.681641 0.398438
0 0.994141 0.443359 0.988281 0.449219 0.986328 0.449219 0.986328 0.451172 0.978516 0.458984 0.976562 0.458984 0.974609 0.460938 0.970703 0.460938 0.968750 0.462891 0.964844 0.462891 0.960938 0.466797 0.958984 0.466797 0.953125 0.472656 0.951172 0.472656 0.947266 0.476562 0.945312 0.476562 0.945312 0.480469 0.943359 0.482422 0.943359 0.496094 0.945312 0.496094 0.947266 0.498047 0.962891 0.498047 0.964844 0.496094 0.966797 0.496094 0.968750 0.494141 0.968750 0.492188 0.976562 0.484375 0.976562 0.482422 0.978516 0.480469 0.980469 0.480469 0.980469 0.478516 0.982422 0.476562 0.982422 0.474609 0.984375 0.472656 0.986328 0.472656 0.988281 0.470703 0.988281 0.468750 0.992188 0.464844 0.994141 0.464844 0.998047 0.460938 0.996094 0.458984 0.996094 0.449219 0.994141 0.447266
0 0.171875 0.511719 0.171875 0.513672 0.166016 0.519531 0.166016 0.521484 0.164062 0.523438 0.162109 0.523438 0.162109 0.529297 0.160156 0.531250 0.160156 0.537109 0.158203 0.539062 0.158203 0.544922 0.160156 0.544922 0.164062 0.548828 0.181641 0.548828 0.183594 0.546875 0.185547 0.546875 0.187500 0.544922 0.187500 0.541016 0.191406 0.537109 0.191406 0.533203 0.193359 0.531250 0.193359 0.525391 0.191406 0.523438 0.189453 0.523438 0.187500 0.521484 0.187500 0.517578 0.185547 0.517578 0.183594 0.515625 0.181641 0.515625 0.177734 0.511719
0 0.845703 0.546875 0.843750 0.548828 0.841797 0.548828 0.839844 0.550781 0.833984 0.550781 0.832031 0.552734 0.828125 0.552734 0.826172 0.554688 0.824219 0.554688 0.820312 0.558594 0.816406 0.558594 0.816406 0.560547 0.814453 0.562500 0.810547 0.562500 0.808594 0.564453 0.804688 0.564453 0.802734 0.566406 0.800781 0.566406 0.798828 0.568359 0.796875 0.568359 0.794922 0.570312 0.792969 0.570312 0.789062 0.574219 0.791016 0.576172 0.792969 0.576172 0.794922 0.578125 0.798828 0.578125 0.800781 0.580078 0.808594 0.580078 0.810547 0.582031 0.816406 0.582031 0.820312 0.578125 0.830078 0.578125 0.832031 0.576172 0.833984 0.576172 0.835938 0.574219 0.841797 0.574219 0.843750 0.572266 0.845703 0.572266 0.849609 0.568359 0.849609 0.566406 0.851562 0.564453 0.853516 0.564453 0.853516 0.562500 0.857422 0.558594 0.857422 0.556641 0.863281 0.550781 0.863281 0.548828 0.865234 0.546875
0 0.687500 0.619141 0.685547 0.621094 0.683594 0.621094 0.683594 0.628906 0.685547 0.630859 0.685547 0.632812 0.687500 0.634766 0.687500 0.636719 0.689453 0.638672 0.689453 0.640625 0.691406 0.642578 0.703125 0.642578 0.705078 0.644531 0.705078 0.646484 0.705078 0.619141
0 0.431641 0.621094 0.431641 0.623047 0.427734 0.626953 0.425781 0.626953 0.423828 0.628906 0.423828 0.638672 0.421875 0.640625 0.421875 0.656250 0.423828 0.658203 0.425781 0.658203 0.429688 0.662109 0.429688 0.664062 0.441406 0.664062 0.443359 0.666016 0.445312 0.666016 0.447266 0.667969 0.449219 0.667969 0.451172 0.669922 0.455078 0.669922 0.455078 0.667969 0.457031 0.666016 0.460938 0.666016 0.462891 0.664062 0.466797 0.664062 0.466797 0.658203 0.468750 0.656250 0.468750 0.621094
0 0.228516 0.630859 0.220703 0.638672 0.220703 0.650391 0.222656 0.652344 0.222656 0.654297 0.224609 0.656250 0.224609 0.658203 0.226562 0.660156 0.226562 0.662109 0.228516 0.664062 0.228516 0.666016 0.232422 0.669922 0.232422 0.671875 0.234375 0.673828 0.238281 0.673828 0.240234 0.675781 0.240234 0.677734 0.242188 0.677734 0.244141 0.679688 0.246094 0.679688 0.248047 0.681641 0.257812 0.681641 0.257812 0.677734 0.259766 0.675781 0.259766 0.660156 0.257812 0.658203 0.257812 0.656250 0.255859 0.656250 0.251953 0.652344 0.250000 0.652344 0.246094 0.648438 0.244141 0.648438 0.238281 0.642578 0.236328 0.642578 0.234375 0.640625 0.234375 0.638672 0.232422 0.636719 0.232422 0.634766
0 0.343750 0.705078 0.343750 0.718750 0.341797 0.720703 0.341797 0.742188 0.347656 0.748047 0.355469 0.748047 0.357422 0.746094 0.357422 0.724609 0.355469 0.722656 0.355469 0.716797 0.353516 0.714844 0.353516 0.710938 0.351562 0.710938 0.347656 0.707031 0.345703 0.707031
0 0.072266 0.763672 0.072266 0.783203 0.068359 0.787109 0.066406 0.787109 0.064453 0.789062 0.064453 0.791016 0.062500 0.792969 0.062500 0.802734 0.064453 0.804688 0.064453 0.808594 0.066406 0.808594 0.068359 0.810547 0.078125 0.810547 0.078125 0.808594 0.080078 0.806641 0.080078 0.802734 0.083984 0.798828 0.085938 0.798828 0.085938 0.792969 0.087891 0.791016 0.087891 0.775391 0.080078 0.767578 0.076172 0.767578 0.074219 0.765625 0.074219 0.763672
0 0.117188 0.828125 0.117188 0.853516 0.119141 0.855469 0.119141 0.859375 0.121094 0.859375 0.126953 0.865234 0.126953 0.867188 0.134766 0.867188 0.134766 0.863281 0.136719 0.861328 0.138672 0.861328 0.138672 0.859375 0.140625 0.857422 0.140625 0.843750 0.138672 0.841797 0.138672 0.839844 0.136719 0.839844 0.132812 0.835938 0.128906 0.835938 0.125000 0.832031 0.125000 0.830078 0.119141 0.830078
0 0.306641 0.894531 0.304688 0.896484 0.300781 0.896484 0.296875 0.900391 0.296875 0.906250 0.308594 0.906250 0.310547 0.908203 0.318359 0.908203 0.322266 0.904297 0.324219 0.904297 0.326172 0.902344 0.326172 0.894531
0 0.914062 0.896484 0.914062 0.898438 0.912109 0.900391 0.912109 0.906250 0.910156 0.908203 0.910156 0.916016 0.912109 0.914062 0.916016 0.914062 0.917969 0.912109 0.931641 0.912109 0.933594 0.914062 0.933594 0.916016 0.937500 0.919922 0.937500 0.923828 0.939453 0.925781 0.941406 0.925781 0.943359 0.927734 0.943359 0.916016 0.939453 0.912109 0.939453 0.910156 0.937500 0.908203 0.937500 0.904297 0.935547 0.904297 0.933594 0.902344 0.933594 0.898438 0.931641 0.898438 0.929688 0.896484
0 0.568359 0.878906 0.570312 0.880859 0.570312 0.923828 0.572266 0.925781 0.572266 0.947266 0.574219 0.945312 0.576172 0.945312 0.578125 0.943359 0.578125 0.941406 0.583984 0.935547 0.583984 0.931641 0.585938 0.929688 0.585938 0.908203 0.583984 0.906250 0.583984 0.904297 0.582031 0.902344 0.582031 0.898438 0.580078 0.896484 0.580078 0.894531 0.576172 0.890625 0.576172 0.888672 0.574219 0.886719 0.574219 0.884766
