0 0.357422 0.000000 0.355469 0.001953 0.337891 0.001953 0.337891 0.013672 0.341797 0.013672 0.343750 0.015625 0.361328 0.015625 0.363281 0.013672 0.365234 0.013672 0.369141 0.009766 0.369141 0.005859 0.371094 0.003906 0.373047 0.003906 0.373047 0.000000
0 0.546875 0.000000 0.546875 0.001953 0.542969 0.005859 0.542969 0.009766 0.541016 0.011719 0.541016 0.017578 0.544922 0.021484 0.556641 0.021484 0.558594 0.019531 0.560547 0.019531 0.562500 0.017578 0.568359 0.017578 0.568359 0.015625 0.572266 0.011719 0.574219 0.011719 0.580078 0.005859 0.582031 0.005859 0.582031 0.001953 0.583984 0.000000
0 0.943359 0.005859 0.941406 0.007812 0.931641 0.007812 0.929688 0.009766 0.919922 0.009766 0.919922 0.019531 0.923828 0.023438 0.923828 0.025391 0.925781 0.027344 0.925781 0.029297 0.929688 0.033203 0.931641 0.033203 0.933594 0.035156 0.935547 0.035156 0.939453 0.039062 0.943359 0.039062 0.947266 0.042969 0.949219 0.042969 0.951172 0.044922 0.951172 0.042969 0.953125 0.041016 0.953125 0.027344 0.955078 0.025391 0.955078 0.007812 0.953125 0.005859
0 0.957031 0.011719 0.957031 0.039062 0.958984 0.041016 0.958984 0.042969 0.966797 0.050781 0.966797 0.052734 0.970703 0.052734 0.972656 0.054688 0.992188 0.054688 0.994141 0.052734 0.994141 0.050781 0.996094 0.048828 0.996094 0.046875 0.998047 0.044922 0.998047 0.017578 0.994141 0.013672 0.990234 0.013672 0.988281 0.011719 0.974609 0.011719 0.972656 0.013672 0.970703 0.013672 0.968750 0.011719
0 0.642578 0.003906 0.640625 0.005859 0.630859 0.005859 0.625000 0.011719 0.623047 0.011719 0.623047 0.013672 0.621094 0.015625 0.621094 0.017578 0.617188 0.021484 0.615234 0.021484 0.611328 0.025391 0.611328 0.029297 0.609375 0.031250 0.609375 0.037109 0.607422 0.039062 0.607422 0.068359 0.611328 0.072266 0.611328 0.074219 0.613281 0.076172 0.613281 0.078125 0.621094 0.085938 0.621094 0.087891 0.625000 0.087891 0.626953 0.089844 0.626953 0.091797 0.648438 0.091797 0.650391 0.089844 0.654297 0.089844 0.654297 0.087891 0.664062 0.078125 0.664062 0.074219 0.666016 0.072266 0.666016 0.054688 0.667969 0.052734 0.667969 0.048828 0.669922 0.046875 0.669922 0.044922 0.671875 0.042969 0.671875 0.033203 0.673828 0.031250 0.673828 0.029297 0.675781 0.027344 0.675781 0.021484 0.677734 0.019531 0.677734 0.011719 0.673828 0.007812 0.669922 0.007812 0.667969 0.005859 0.660156 0.005859 0.658203 0.003906
0 0.060547 0.031250 0.058594 0.033203 0.054688 0.033203 0.054688 0.039062 0.052734 0.041016 0.050781 0.041016 0.050781 0.042969 0.048828 0.044922 0.048828 0.048828 0.046875 0.050781 0.046875 0.052734 0.044922 0.054688 0.044922 0.066406 0.046875 0.068359 0.046875 0.070312 0.048828 0.072266 0.048828 0.078125 0.050781 0.080078 0.050781 0.082031 0.052734 0.083984 0.052734 0.087891 0.054688 0.089844 0.054688 0.093750 0.056641 0.095703 0.080078 0.095703 0.082031 0.093750 0.083984 0.093750 0.085938 0.091797 0.091797 0.091797 0.097656 0.085938 0.099609 0.085938 0.101562 0.083984 0.105469 0.083984 0.109375 0.080078 0.111328 0.080078 0.115234 0.076172 0.117188 0.076172 0.119141 0.074219 0.121094 0.074219 0.123047 0.072266 0.125000 0.072266 0.128906 0.068359 0.128906 0.066406 0.134766 0.060547 0.134766 0.042969 0.132812 0.042969 0.130859 0.041016 0.130859 0.039062 0.125000 0.033203 0.123047 0.033203 0.121094 0.031250 0.113281 0.031250 0.111328 0.033203 0.101562 0.033203 0.099609 0.035156 0.089844 0.035156 0.087891 0.037109 0.085938 0.037109 0.083984 0.035156 0.080078 0.035156 0.078125 0.033203 0.078125 0.031250
0 0.224609 0.099609 0.224609 0.115234 0.222656 0.117188 0.222656 0.119141 0.220703 0.121094 0.220703 0.128906 0.218750 0.130859 0.218750 0.142578 0.224609 0.142578 0.226562 0.144531 0.240234 0.144531 0.242188 0.146484 0.263672 0.146484 0.265625 0.144531 0.269531 0.144531 0.271484 0.142578 0.273438 0.142578 0.273438 0.140625 0.275391 0.138672 0.275391 0.123047 0.273438 0.121094 0.273438 0.119141 0.269531 0.115234 0.269531 0.113281 0.267578 0.113281 0.259766 0.105469 0.257812 0.105469 0.255859 0.103516 0.253906 0.103516 0.251953 0.101562 0.250000 0.101562 0.248047 0.099609
0 0.728516 0.146484 0.726562 0.148438 0.724609 0.148438 0.722656 0.150391 0.722656 0.152344 0.720703 0.154297 0.720703 0.171875 0.722656 0.171875 0.724609 0.173828 0.724609 0.175781 0.722656 0.177734 0.730469 0.177734 0.726562 0.177734 0.724609 0.175781 0.730469 0.169922 0.740234 0.169922 0.742188 0.167969 0.751953 0.167969 0.753906 0.166016 0.759766 0.166016 0.761719 0.164062 0.771484 0.164062 0.773438 0.162109 0.775391 0.162109 0.777344 0.160156 0.777344 0.158203 0.779297 0.156250 0.781250 0.156250 0.783203 0.154297 0.783203 0.150391 0.779297 0.146484
0 0.892578 0.265625 0.890625 0.267578 0.875000 0.267578 0.873047 0.269531 0.869141 0.269531 0.867188 0.271484 0.867188 0.273438 0.865234 0.275391 0.865234 0.287109 0.873047 0.287109 0.875000 0.289062 0.896484 0.289062 0.898438 0.287109 0.917969 0.287109 0.919922 0.285156 0.919922 0.269531 0.917969 0.267578 0.914062 0.267578 0.912109 0.265625
0 0.033203 0.273438 0.031250 0.275391 0.027344 0.275391 0.025391 0.277344 0.023438 0.277344 0.021484 0.279297 0.021484 0.283203 0.019531 0.285156 0.009766 0.285156 0.007812 0.287109 0.007812 0.294922 0.011719 0.298828 0.027344 0.298828 0.029297 0.296875 0.033203 0.296875 0.037109 0.292969 0.041016 0.292969 0.042969 0.291016 0.044922 0.291016 0.046875 0.289062 0.048828 0.289062 0.050781 0.287109 0.052734 0.287109 0.054688 0.285156 0.054688 0.279297 0.052734 0.277344 0.048828 0.277344 0.046875 0.275391 0.044922 0.275391 0.042969 0.273438
0 0.375000 0.343750 0.375000 0.345703 0.373047 0.347656 0.367188 0.347656 0.365234 0.349609 0.361328 0.349609 0.359375 0.351562 0.357422 0.351562 0.355469 0.353516 0.353516 0.353516 0.349609 0.357422 0.347656 0.357422 0.343750 0.361328 0.341797 0.361328 0.339844 0.363281 0.339844 0.365234 0.337891 0.367188 0.337891 0.375000 0.339844 0.376953 0.339844 0.378906 0.341797 0.378906 0.343750 0.380859 0.371094 0.380859 0.373047 0.378906 0.388672 0.378906 0.390625 0.376953 0.402344 0.376953 0.404297 0.375000 0.408203 0.375000 0.410156 0.373047 0.412109 0.373047 0.416016 0.369141 0.419922 0.369141 0.423828 0.365234 0.425781 0.365234 0.429688 0.361328 0.431641 0.361328 0.431641 0.359375 0.433594 0.357422 0.433594 0.349609 0.429688 0.345703 0.425781 0.345703 0.423828 0.343750
0 0.681641 0.357422 0.681641 0.359375 0.679688 0.361328 0.679688 0.378906 0.687500 0.386719 0.689453 0.386719 0.691406 0.388672 0.691406 0.390625 0.693359 0.390625 0.697266 0.394531 0.697266 0.396484 0.699219 0.398438 0.699219 0.402344 0.701172 0.402344 0.703125 0.404297 0.703125 0.406250 0.705078 0.408203 0.708984 0.404297 0.708984 0.402344 0.710938 0.400391 0.710938 0.398438 0.712891 0.396484 0.712891 0.380859 0.710938 0.378906 0.710938 0.375000 0.708984 0.373047 0.708984 0.371094 0.707031 0.369141 0.707031 0.367188 0.705078 0.365234 0.705078 0.361328 0.703125 0.361328 0.699219 0.357422
0 0.136719 0.474609 0.134766 0.476562 0.132812 0.476562 0.128906 0.480469 0.126953 0.480469 0.125000 0.482422 0.123047 0.482422 0.123047 0.484375 0.126953 0.488281 0.125000 0.490234 0.117188 0.490234 0.117188 0.492188 0.115234 0.494141 0.111328 0.494141 0.109375 0.496094 0.107422 0.496094 0.103516 0.500000 0.101562 0.500000 0.097656 0.503906 0.095703 0.503906 0.087891 0.511719 0.087891 0.515625 0.085938 0.517578 0.085938 0.523438 0.083984 0.525391 0.083984 0.527344 0.082031 0.529297 0.082031 0.539062 0.085938 0.542969 0.087891 0.542969 0.091797 0.546875 0.093750 0.546875 0.095703 0.548828 0.140625 0.548828 0.142578 0.550781 0.166016 0.550781 0.167969 0.548828 0.171875 0.548828 0.173828 0.546875 0.175781 0.546875 0.177734 0.544922 0.181641 0.544922 0.183594 0.542969 0.185547 0.542969 0.187500 0.541016 0.189453 0.541016 0.189453 0.539062 0.191406 0.537109 0.191406 0.535156 0.193359 0.533203 0.193359 0.519531 0.191406 0.517578 0.191406 0.509766 0.187500 0.505859 0.187500 0.503906 0.185547 0.501953 0.185547 0.500000 0.181641 0.496094 0.181641 0.494141 0.179688 0.492188 0.179688 0.490234 0.177734 0.488281 0.177734 0.486328 0.171875 0.480469 0.171875 0.478516 0.169922 0.478516 0.167969 0.476562 0.162109 0.476562 0.160156 0.474609
0 0.789062 0.511719 0.787109 0.513672 0.783203 0.513672 0.781250 0.515625 0.781250 0.517578 0.779297 0.519531 0.779297 0.529297 0.781250 0.531250 0.785156 0.531250 0.787109 0.533203 0.800781 0.533203 0.802734 0.531250 0.804688 0.531250 0.806641 0.529297 0.810547 0.529297 0.812500 0.527344 0.814453 0.527344 0.816406 0.525391 0.818359 0.525391 0.818359 0.521484 0.816406 0.519531 0.816406 0.515625 0.812500 0.511719
0 0.357422 0.503906 0.357422 0.505859 0.355469 0.507812 0.353516 0.507812 0.351562 0.509766 0.351562 0.525391 0.355469 0.529297 0.357422 0.529297 0.361328 0.533203 0.363281 0.533203 0.365234 0.535156 0.367188 0.535156 0.369141 0.537109 0.369141 0.541016 0.371094 0.542969 0.371094 0.544922 0.373047 0.546875 0.378906 0.541016 0.380859 0.541016 0.384766 0.537109 0.386719 0.537109 0.386719 0.533203 0.388672 0.531250 0.388672 0.519531 0.386719 0.517578 0.384766 0.517578 0.382812 0.515625 0.380859 0.515625 0.378906 0.513672 0.378906 0.511719 0.376953 0.509766 0.373047 0.509766 0.371094 0.507812 0.371094 0.505859 0.367188 0.505859 0.365234 0.503906
0 0.052734 0.591797 0.046875 0.597656 0.042969 0.597656 0.042969 0.603516 0.044922 0.605469 0.044922 0.609375 0.046875 0.611328 0.054688 0.611328 0.056641 0.613281 0.066406 0.613281 0.066406 0.603516 0.062500 0.599609 0.062500 0.597656 0.058594 0.593750 0.058594 0.591797
0 0.646484 0.632812 0.642578 0.636719 0.642578 0.646484 0.644531 0.648438 0.644531 0.650391 0.646484 0.652344 0.646484 0.654297 0.648438 0.654297 0.650391 0.656250 0.648438 0.658203 0.650391 0.658203 0.654297 0.662109 0.660156 0.662109 0.662109 0.664062 0.681641 0.664062 0.681641 0.646484 0.679688 0.644531 0.679688 0.640625 0.677734 0.638672 0.675781 0.638672 0.671875 0.634766 0.667969 0.634766 0.666016 0.632812
0 0.128906 0.638672 0.126953 0.640625 0.125000 0.640625 0.123047 0.642578 0.121094 0.642578 0.119141 0.644531 0.119141 0.646484 0.111328 0.654297 0.109375 0.654297 0.109375 0.656250 0.107422 0.658203 0.105469 0.658203 0.105469 0.660156 0.103516 0.662109 0.099609 0.662109 0.099609 0.669922 0.101562 0.669922 0.103516 0.671875 0.103516 0.673828 0.109375 0.673828 0.113281 0.669922 0.117188 0.669922 0.121094 0.666016 0.123047 0.666016 0.125000 0.664062 0.126953 0.664062 0.128906 0.662109 0.130859 0.662109 0.134766 0.658203 0.136719 0.658203 0.140625 0.654297 0.142578 0.654297 0.142578 0.652344 0.146484 0.648438 0.148438 0.648438 0.150391 0.646484 0.150391 0.642578 0.146484 0.638672
0 0.263672 0.660156 0.261719 0.662109 0.261719 0.664062 0.259766 0.666016 0.259766 0.677734 0.269531 0.687500 0.273438 0.687500 0.277344 0.691406 0.279297 0.691406 0.281250 0.693359 0.285156 0.693359 0.287109 0.695312 0.292969 0.695312 0.294922 0.697266 0.300781 0.697266 0.300781 0.675781 0.298828 0.675781 0.296875 0.673828 0.296875 0.671875 0.294922 0.669922 0.292969 0.669922 0.291016 0.667969 0.287109 0.667969 0.285156 0.666016 0.287109 0.664062 0.285156 0.664062 0.283203 0.662109 0.275391 0.662109 0.273438 0.660156
0 0.486328 0.675781 0.486328 0.681641 0.488281 0.681641 0.490234 0.683594 0.498047 0.683594 0.501953 0.687500 0.523438 0.687500 0.525391 0.685547 0.531250 0.685547 0.531250 0.681641 0.529297 0.679688 0.527344 0.679688 0.525391 0.677734 0.523438 0.677734 0.521484 0.675781
0 0.431641 0.779297 0.429688 0.781250 0.427734 0.781250 0.417969 0.791016 0.417969 0.794922 0.416016 0.796875 0.412109 0.796875 0.410156 0.798828 0.408203 0.798828 0.406250 0.800781 0.398438 0.800781 0.396484 0.802734 0.367188 0.802734 0.363281 0.806641 0.363281 0.808594 0.359375 0.812500 0.359375 0.822266 0.361328 0.824219 0.361328 0.826172 0.365234 0.830078 0.367188 0.830078 0.369141 0.832031 0.371094 0.832031 0.373047 0.833984 0.382812 0.833984 0.384766 0.835938 0.404297 0.835938 0.406250 0.833984 0.419922 0.833984 0.421875 0.832031 0.439453 0.832031 0.441406 0.830078 0.457031 0.830078 0.458984 0.828125 0.460938 0.828125 0.462891 0.826172 0.464844 0.826172 0.468750 0.822266 0.470703 0.822266 0.476562 0.816406 0.478516 0.816406 0.480469 0.814453 0.482422 0.814453 0.484375 0.812500 0.486328 0.812500 0.486328 0.810547 0.490234 0.806641 0.490234 0.789062 0.488281 0.787109 0.486328 0.787109 0.484375 0.785156 0.484375 0.783203 0.482422 0.783203 0.480469 0.781250 0.464844 0.781250 0.462891 0.779297
0 0.232422 0.826172 0.232422 0.835938 0.234375 0.835938 0.236328 0.837891 0.255859 0.837891 0.257812 0.839844 0.269531 0.839844 0.269531 0.835938 0.267578 0.833984 0.265625 0.833984 0.263672 0.832031 0.255859 0.832031 0.253906 0.830078 0.246094 0.830078 0.244141 0.828125 0.242188 0.828125 0.240234 0.826172
0 0.775391 0.888672 0.773438 0.890625 0.769531 0.890625 0.767578 0.892578 0.765625 0.892578 0.761719 0.896484 0.759766 0.896484 0.757812 0.898438 0.755859 0.898438 0.753906 0.900391 0.751953 0.900391 0.744141 0.908203 0.742188 0.908203 0.742188 0.910156 0.740234 0.912109 0.738281 0.912109 0.738281 0.914062 0.734375 0.917969 0.734375 0.919922 0.728516 0.925781 0.728516 0.927734 0.724609 0.931641 0.724609 0.933594 0.722656 0.935547 0.722656 0.937500 0.720703 0.939453 0.720703 0.943359 0.716797 0.947266 0.716797 0.949219 0.712891 0.953125 0.712891 0.955078 0.710938 0.957031 0.710938 0.958984 0.707031 0.962891 0.707031 0.966797 0.703125 0.970703 0.703125 0.982422 0.705078 0.984375 0.716797 0.984375 0.716797 0.978516 0.718750 0.976562 0.718750 0.974609 0.728516 0.964844 0.730469 0.964844 0.732422 0.962891 0.732422 0.960938 0.734375 0.958984 0.736328 0.958984 0.738281 0.957031 0.740234 0.957031 0.740234 0.955078 0.742188 0.953125 0.744141 0.953125 0.748047 0.949219 0.748047 0.947266 0.751953 0.943359 0.753906 0.943359 0.753906 0.941406 0.755859 0.939453 0.757812 0.939453 0.761719 0.935547 0.765625 0.935547 0.767578 0.933594 0.767578 0.931641 0.769531 0.929688 0.771484 0.929688 0.771484 0.927734 0.777344 0.921875 0.779297 0.921875 0.779297 0.919922 0.783203 0.916016 0.785156 0.916016 0.789062 0.912109 0.791016 0.912109 0.792969 0.910156 0.796875 0.910156 0.798828 0.908203 0.800781 0.908203 0.804688 0.904297 0.806641 0.904297 0.808594 0.902344 0.812500 0.902344 0.820312 0.894531 0.818359 0.892578 0.816406 0.892578 0.814453 0.890625 0.806641 0.890625 0.804688 0.888672
0 0.386719 0.927734 0.384766 0.929688 0.382812 0.929688 0.382812 0.931641 0.380859 0.933594 0.380859 0.935547 0.386719 0.935547 0.388672 0.937500 0.390625 0.937500 0.394531 0.941406 0.396484 0.941406 0.400391 0.945312 0.402344 0.945312 0.404297 0.947266 0.406250 0.947266 0.410156 0.951172 0.414062 0.951172 0.416016 0.953125 0.421875 0.953125 0.423828 0.955078 0.427734 0.955078 0.429688 0.957031 0.462891 0.957031 0.464844 0.958984 0.476562 0.958984 0.478516 0.960938 0.501953 0.960938 0.501953 0.949219 0.500000 0.947266 0.498047 0.947266 0.496094 0.945312 0.494141 0.945312 0.492188 0.943359 0.474609 0.943359 0.472656 0.941406 0.470703 0.941406 0.466797 0.937500 0.464844 0.937500 0.460938 0.933594 0.458984 0.933594 0.457031 0.931641 0.453125 0.931641 0.451172 0.929688 0.447266 0.929688 0.445312 0.927734
